3767.57424383  -1.588310E-15
3768.65314049073  -1.515230E-15
3769.73203715146  -1.314052E-15
3770.81093381219  -1.453673E-15
3771.88983047292  -1.598024E-15
3772.96872713365  -1.821209E-15
3774.04762379438  -1.455925E-15
3775.12652045511  -1.246156E-15
3776.20541711584  -1.058134E-15
3777.28431377657  -1.202998E-15
3778.3632104373  -1.382566E-15
3779.44210709803  -1.164745E-15
3780.52100375876  -1.384297E-15
3781.59990041949  -1.648999E-15
3782.67879708022  -1.204774E-15
3783.75769374095  -1.116222E-15
3784.83659040168  -1.266335E-15
3785.91548706241  -1.013669E-15
3786.99438372314  -9.639674E-16
3788.07328038387  -5.402074E-16
3789.1521770446  -3.819391E-16
3790.23107370533  -6.151656E-16
3791.30997036606  -6.368249E-16
3792.38886702679  -5.719647E-16
3793.46776368752  -6.167535E-16
3794.54666034825  -6.152543E-16
3795.62555700898  -5.092258E-16
3796.70445366971  -3.244956E-16
3797.78335033044  -3.050714E-16
3798.86224699117  -3.486874E-16
3799.9411436519  -2.358624E-16
3801.02004031263  -2.865446E-16
3802.09893697336  -2.460998E-16
3803.17783363409  -2.539422E-16
3804.25673029482  -2.363495E-16
3805.33562695555  -1.479021E-16
3806.41452361628  -8.900018E-17
3807.49342027701  -7.947721E-17
3808.57231693774  -7.813189E-17
3809.65121359847  -7.976008E-17
3810.7301102592  -6.219613E-17
3811.80900691993  -1.822380E-17
3812.88790358066  9.780665E-18
3813.96680024139  3.372272E-17
3815.04569690212  6.091900E-17
3816.12459356285  6.588774E-17
3817.20349022358  9.020632E-17
3818.28238688431  1.135812E-16
3819.36128354504  1.419985E-16
3820.44018020577  1.490034E-16
3821.5190768665  1.583623E-16
3822.59797352723  1.653891E-16
3823.67687018796  2.001500E-16
3824.75576684869  1.862489E-16
3825.83466350942  2.570186E-16
3826.91356017015  3.000490E-16
3827.99245683088  2.178395E-16
3829.07135349161  2.569553E-16
3830.15025015234  3.097247E-16
3831.22914681307  2.825341E-16
3832.3080434738  3.390765E-16
3833.38694013453  3.523328E-16
3834.46583679526  2.622035E-16
3835.54473345599  1.913256E-16
3836.62363011672  3.084385E-16
3837.70252677745  3.034986E-16
3838.78142343818  2.412145E-16
3839.86032009891  3.870338E-16
3840.93921675964  5.424139E-16
3842.01811342037  6.618544E-16
3843.0970100811  5.815613E-16
3844.17590674183  5.869175E-16
3845.25480340256  7.160382E-16
3846.33370006329  6.668444E-16
3847.41259672402  5.411730E-16
3848.49149338475  5.175019E-16
3849.57039004548  4.957618E-16
3850.64928670621  5.257815E-16
3851.72818336694  7.957259E-16
3852.80708002767  8.623207E-16
3853.8859766884  8.769151E-16
3854.96487334913  8.293993E-16
3856.04377000986  7.442057E-16
3857.12266667059  6.828756E-16
3858.20156333132  6.306241E-16
3859.28045999205  7.592623E-16
3860.35935665278  8.536414E-16
3861.43825331351  8.705148E-16
3862.51714997424  9.115838E-16
3863.59604663497  8.854876E-16
3864.6749432957  8.629508E-16
3865.75383995643  7.950144E-16
3866.83273661716  6.408573E-16
3867.91163327789  8.674962E-16
3868.99052993862  1.058055E-15
3870.06942659935  1.093375E-15
3871.14832326008  8.306442E-16
3872.22721992081  7.375918E-16
3873.30611658154  8.355035E-16
3874.38501324227  9.956637E-16
3875.463909903  9.305218E-16
3876.54280656373  8.722462E-16
3877.62170322446  7.218533E-16
3878.70059988519  8.119982E-16
3879.77949654592  8.638648E-16
3880.85839320665  7.719975E-16
3881.93728986738  7.665451E-16
3883.01618652811  8.983022E-16
3884.09508318884  1.088434E-15
3885.17397984957  1.081215E-15
3886.2528765103  9.165719E-16
3887.33177317103  8.586336E-16
3888.41066983176  7.762154E-16
3889.48956649249  7.671468E-16
3890.56846315322  9.728624E-16
3891.64735981395  1.145528E-15
3892.72625647468  1.284055E-15
3893.80515313541  1.297505E-15
3894.88404979614  1.123413E-15
3895.96294645687  1.017113E-15
3897.0418431176  1.055105E-15
3898.12073977833  1.295046E-15
3899.19963643906  9.526445E-16
3900.27853309979  7.929199E-16
3901.35742976052  8.314329E-16
3902.43632642125  9.740185E-16
3903.51522308198  1.180038E-15
3904.59411974271  1.221288E-15
3905.67301640344  1.280209E-15
3906.75191306417  1.347654E-15
3907.8308097249  1.345550E-15
3908.90970638563  1.206040E-15
3909.98860304636  1.318165E-15
3911.06749970709  1.484493E-15
3912.14639636782  1.330184E-15
3913.22529302855  1.460252E-15
3914.30418968928  1.726749E-15
3915.38308635001  1.652960E-15
3916.46198301074  1.570525E-15
3917.54087967147  1.528489E-15
3918.6197763322  1.087904E-15
3919.69867299293  9.993281E-16
3920.77756965366  9.893500E-16
3921.85646631439  1.152779E-15
3922.93536297512  1.283504E-15
3924.01425963585  1.262248E-15
3925.09315629658  1.363041E-15
3926.17205295731  1.247528E-15
3927.25094961804  9.735384E-16
3928.32984627877  7.538320E-16
3929.4087429395  9.772706E-16
3930.48763960023  1.000224E-15
3931.56653626096  8.882062E-16
3932.64543292169  7.572842E-16
3933.72432958242  9.067478E-16
3934.80322624315  9.155597E-16
3935.88212290388  1.108288E-15
3936.96101956461  1.076778E-15
3938.03991622534  1.034878E-15
3939.11881288607  1.182579E-15
3940.1977095468  1.170337E-15
3941.27660620753  1.115165E-15
3942.35550286826  1.037597E-15
3943.43439952899  1.070268E-15
3944.51329618972  1.087702E-15
3945.59219285045  1.261886E-15
3946.67108951118  1.353610E-15
3947.74998617191  1.233531E-15
3948.82888283264  1.213154E-15
3949.90777949337  1.225784E-15
3950.9866761541  1.056682E-15
3952.06557281483  1.222392E-15
3953.14446947556  1.427111E-15
3954.22336613629  1.477786E-15
3955.30226279702  1.318264E-15
3956.38115945775  1.253598E-15
3957.46005611848  1.358354E-15
3958.53895277921  1.323541E-15
3959.61784943994  1.427908E-15
3960.69674610067  1.439650E-15
3961.7756427614  1.259991E-15
3962.85453942213  1.284812E-15
3963.93343608286  1.098940E-15
3965.01233274359  1.041921E-15
3966.09122940432  1.007033E-15
3967.17012606505  9.807645E-16
3968.24902272578  8.829710E-16
3969.32791938651  7.906220E-16
3970.40681604724  8.531504E-16
3971.48571270797  1.051800E-15
3972.5646093687  1.115648E-15
3973.64350602943  1.100603E-15
3974.72240269016  1.171937E-15
3975.80129935089  1.352251E-15
3976.88019601162  1.449829E-15
3977.95909267235  1.593966E-15
3979.03798933308  1.703303E-15
3980.11688599381  1.613173E-15
3981.19578265454  1.503556E-15
3982.27467931527  1.478988E-15
3983.353575976  1.698587E-15
3984.43247263673  1.648720E-15
3985.51136929746  1.474880E-15
3986.59026595819  1.604520E-15
3987.66916261892  1.657614E-15
3988.74805927965  1.547324E-15
3989.82695594038  1.583956E-15
3990.90585260111  1.706119E-15
3991.98474926184  1.780480E-15
3993.06364592257  1.667411E-15
3994.1425425833  1.663916E-15
3995.22143924403  1.595754E-15
3996.30033590476  1.520482E-15
3997.37923256549  1.659073E-15
3998.45812922622  1.685715E-15
3999.53702588695  1.568151E-15
4000.61592254768  1.463192E-15
4001.69481920841  1.629289E-15
4002.77371586914  1.734312E-15
4003.85261252987  1.798181E-15
4004.9315091906  1.788808E-15
4006.01040585133  1.520575E-15
4007.08930251206  1.600780E-15
4008.16819917279  1.665670E-15
4009.24709583352  1.625844E-15
4010.32599249425  1.829857E-15
4011.40488915498  1.821842E-15
4012.48378581571  1.671943E-15
4013.56268247644  1.846323E-15
4014.64157913717  1.875815E-15
4015.7204757979  1.847848E-15
4016.79937245863  2.033876E-15
4017.87826911936  1.897574E-15
4018.95716578009  1.881668E-15
4020.03606244082  1.843868E-15
4021.11495910155  1.816386E-15
4022.19385576228  1.850494E-15
4023.27275242301  1.641213E-15
4024.35164908374  1.638126E-15
4025.43054574447  1.750177E-15
4026.5094424052  1.762404E-15
4027.58833906593  1.769378E-15
4028.66723572666  1.761484E-15
4029.74613238739  1.591087E-15
4030.82502904812  1.356700E-15
4031.90392570885  1.347578E-15
4032.98282236958  1.518007E-15
4034.06171903031  1.553486E-15
4035.14061569104  1.632680E-15
4036.21951235177  1.767946E-15
4037.2984090125  1.914914E-15
4038.37730567323  1.828971E-15
4039.45620233396  1.771976E-15
4040.53509899469  1.785269E-15
4041.61399565542  1.676489E-15
4042.69289231615  1.823904E-15
4043.77178897688  1.741895E-15
4044.85068563761  1.457336E-15
4045.92958229834  1.324328E-15
4047.00847895907  1.454682E-15
4048.0873756198  1.682436E-15
4049.16627228053  1.889708E-15
4050.24516894126  1.999286E-15
4051.32406560199  1.780540E-15
4052.40296226272  1.794166E-15
4053.48185892345  1.818190E-15
4054.56075558418  1.654346E-15
4055.63965224491  1.707215E-15
4056.71854890564  1.696206E-15
4057.79744556637  1.511817E-15
4058.8763422271  1.681964E-15
4059.95523888783  1.761346E-15
4061.03413554856  1.830687E-15
4062.11303220929  1.693028E-15
4063.19192887002  1.467806E-15
4064.27082553075  1.544042E-15
4065.34972219148  1.686144E-15
4066.42861885221  1.646182E-15
4067.50751551294  1.693761E-15
4068.58641217367  1.791307E-15
4069.6653088344  1.783104E-15
4070.74420549513  1.601551E-15
4071.82310215586  1.569142E-15
4072.90199881659  1.646309E-15
4073.98089547732  1.634159E-15
4075.05979213805  1.599441E-15
4076.13868879878  1.457273E-15
4077.21758545951  1.400864E-15
4078.29648212024  1.246938E-15
4079.37537878097  1.281120E-15
4080.4542754417  1.412467E-15
4081.53317210243  1.634270E-15
4082.61206876316  1.716314E-15
4083.69096542389  1.707480E-15
4084.76986208462  1.683130E-15
4085.84875874535  1.641637E-15
4086.92765540608  1.576399E-15
4088.00655206681  1.634663E-15
4089.08544872754  1.793023E-15
4090.16434538827  1.895900E-15
4091.243242049  1.764724E-15
4092.32213870973  1.848922E-15
4093.40103537046  1.862104E-15
4094.47993203119  1.951437E-15
4095.55882869192  1.957692E-15
4096.63772535265  1.835501E-15
4097.71662201338  1.768354E-15
4098.79551867411  1.767978E-15
4099.87441533484  1.580012E-15
4100.95331199557  1.343108E-15
4102.0322086563  1.137853E-15
4103.11110531703  1.337504E-15
4104.19000197776  1.509182E-15
4105.26889863849  1.634634E-15
4106.34779529922  1.853455E-15
4107.42669195995  1.801710E-15
4108.50558862068  1.689164E-15
4109.58448528141  1.571286E-15
4110.66338194214  1.566256E-15
4111.74227860287  1.620184E-15
4112.8211752636  1.679439E-15
4113.90007192433  1.715783E-15
4114.97896858506  1.854369E-15
4116.05786524579  1.958488E-15
4117.13676190652  1.940342E-15
4118.21565856725  1.814995E-15
4119.29455522798  1.743534E-15
4120.37345188871  1.791298E-15
4121.45234854944  1.663160E-15
4122.53124521017  1.525676E-15
4123.6101418709  1.557696E-15
4124.68903853163  1.594609E-15
4125.76793519236  1.717806E-15
4126.84683185309  1.794842E-15
4127.92572851382  1.613961E-15
4129.00462517455  1.623038E-15
4130.08352183528  1.642343E-15
4131.16241849601  1.612637E-15
4132.24131515674  1.593766E-15
4133.32021181747  1.523429E-15
4134.3991084782  1.522528E-15
4135.47800513893  1.685486E-15
4136.55690179966  1.812544E-15
4137.63579846039  1.840131E-15
4138.71469512112  1.949351E-15
4139.79359178185  1.883308E-15
4140.87248844258  1.909802E-15
4141.95138510331  1.892555E-15
4143.03028176404  1.676461E-15
4144.10917842477  1.581248E-15
4145.1880750855  1.588595E-15
4146.26697174623  1.646326E-15
4147.34586840696  1.730066E-15
4148.42476506769  1.762007E-15
4149.50366172842  1.695259E-15
4150.58255838915  1.746924E-15
4151.66145504988  1.765109E-15
4152.74035171061  1.736450E-15
4153.81924837134  1.803939E-15
4154.89814503207  1.733729E-15
4155.9770416928  1.666086E-15
4157.05593835353  1.619339E-15
4158.13483501426  1.761864E-15
4159.21373167499  1.791601E-15
4160.29262833572  1.762743E-15
4161.37152499645  1.785169E-15
4162.45042165718  1.919080E-15
4163.52931831791  1.920840E-15
4164.60821497864  1.871688E-15
4165.68711163937  1.890346E-15
4166.7660083001  1.839480E-15
4167.84490496083  1.954243E-15
4168.92380162156  1.997371E-15
4170.00269828229  2.000136E-15
4171.08159494302  1.997162E-15
4172.16049160375  1.748349E-15
4173.23938826448  1.548081E-15
4174.31828492521  1.578958E-15
4175.39718158594  1.559403E-15
4176.47607824667  1.643113E-15
4177.5549749074  1.642684E-15
4178.63387156813  1.518941E-15
4179.71276822886  1.659396E-15
4180.79166488959  1.739940E-15
4181.87056155032  1.751493E-15
4182.94945821105  1.793433E-15
4184.02835487178  1.824487E-15
4185.10725153251  1.745336E-15
4186.18614819324  1.775841E-15
4187.26504485397  1.817602E-15
4188.3439415147  1.709404E-15
4189.42283817543  1.726018E-15
4190.50173483616  1.822474E-15
4191.58063149689  1.856819E-15
4192.65952815762  1.851232E-15
4193.73842481835  1.903158E-15
4194.81732147908  1.952078E-15
4195.89621813981  1.923106E-15
4196.97511480054  1.758901E-15
4198.05401146127  1.656407E-15
4199.132908122  1.601292E-15
4200.21180478273  1.595131E-15
4201.29070144346  1.480683E-15
4202.36959810419  1.568416E-15
4203.44849476492  1.667330E-15
4204.52739142565  1.715172E-15
4205.60628808638  1.719274E-15
4206.68518474711  1.868405E-15
4207.76408140784  1.847903E-15
4208.84297806857  1.810773E-15
4209.9218747293  1.868329E-15
4211.00077139003  1.963102E-15
4212.07966805076  1.963093E-15
4213.15856471149  1.981900E-15
4214.23746137222  1.755503E-15
4215.31635803295  1.521532E-15
4216.39525469368  1.632632E-15
4217.47415135441  1.845023E-15
4218.55304801514  1.967207E-15
4219.63194467587  2.114307E-15
4220.7108413366  2.143066E-15
4221.78973799733  2.044275E-15
4222.86863465806  2.000196E-15
4223.94753131879  1.844428E-15
4225.02642797952  1.695821E-15
4226.10532464025  1.523846E-15
4227.18422130098  1.472300E-15
4228.26311796171  1.568219E-15
4229.34201462244  1.801684E-15
4230.42091128317  1.986622E-15
4231.4998079439  1.919423E-15
4232.57870460463  1.867923E-15
4233.65760126536  1.885289E-15
4234.73649792609  1.819248E-15
4235.81539458682  1.767277E-15
4236.89429124755  1.753731E-15
4237.97318790828  1.775570E-15
4239.05208456901  1.825202E-15
4240.13098122974  1.854502E-15
4241.20987789047  1.929139E-15
4242.2887745512  1.981988E-15
4243.36767121193  1.955821E-15
4244.44656787266  2.009704E-15
4245.52546453339  1.965504E-15
4246.60436119412  1.798170E-15
4247.68325785485  1.671677E-15
4248.76215451558  1.634330E-15
4249.84105117631  1.673367E-15
4250.91994783704  1.671637E-15
4251.99884449777  1.781243E-15
4253.0777411585  1.647841E-15
4254.15663781923  1.621197E-15
4255.23553447996  1.709182E-15
4256.31443114069  1.729232E-15
4257.39332780142  1.914928E-15
4258.47222446215  1.914830E-15
4259.55112112288  1.897625E-15
4260.63001778361  1.862375E-15
4261.70891444434  1.856025E-15
4262.78781110507  1.992611E-15
4263.8667077658  2.106833E-15
4264.94560442653  2.255635E-15
4266.02450108726  2.462062E-15
4267.10339774799  2.349210E-15
4268.18229440872  2.218805E-15
4269.26119106945  2.054759E-15
4270.34008773018  1.858320E-15
4271.41898439091  1.732807E-15
4272.49788105164  1.617653E-15
4273.57677771237  1.613466E-15
4274.6556743731  1.622664E-15
4275.73457103383  1.817695E-15
4276.81346769456  1.981616E-15
4277.89236435529  2.112295E-15
4278.97126101602  2.122216E-15
4280.05015767675  2.187613E-15
4281.12905433748  2.111185E-15
4282.20795099821  1.877876E-15
4283.28684765894  1.924817E-15
4284.36574431967  1.991376E-15
4285.4446409804  1.878655E-15
4286.52353764113  1.879524E-15
4287.60243430186  1.803058E-15
4288.68133096259  1.645776E-15
4289.76022762332  1.524600E-15
4290.83912428405  1.429632E-15
4291.91802094478  1.596066E-15
4292.99691760551  1.689049E-15
4294.07581426624  1.663801E-15
4295.15471092697  1.646780E-15
4296.2336075877  1.639187E-15
4297.31250424843  1.721638E-15
4298.39140090916  1.639486E-15
4299.47029756989  1.384139E-15
4300.54919423062  1.314603E-15
4301.62809089135  1.371260E-15
4302.70698755208  1.363994E-15
4303.78588421281  1.419398E-15
4304.86478087354  1.498914E-15
4305.94367753427  1.567595E-15
4307.022574195  1.565359E-15
4308.10147085573  1.407468E-15
4309.18036751646  1.338487E-15
4310.25926417719  1.388282E-15
4311.33816083792  1.485074E-15
4312.41705749865  1.477593E-15
4313.49595415938  1.462780E-15
4314.57485082011  1.598123E-15
4315.65374748084  1.721791E-15
4316.73264414157  2.012360E-15
4317.8115408023  2.321053E-15
4318.89043746303  2.298679E-15
4319.96933412376  2.282973E-15
4321.04823078449  2.238389E-15
4322.12712744522  2.089450E-15
4323.20602410595  1.996875E-15
4324.28492076668  1.863045E-15
4325.36381742741  1.654797E-15
4326.44271408814  1.719039E-15
4327.52161074887  1.903550E-15
4328.6005074096  2.139647E-15
4329.67940407033  2.350973E-15
4330.75830073106  2.487185E-15
4331.83719739179  2.495283E-15
4332.91609405252  2.378883E-15
4333.99499071325  2.497124E-15
4335.07388737398  2.612134E-15
4336.15278403471  2.377643E-15
4337.23168069544  2.088047E-15
4338.31057735617  1.741902E-15
4339.3894740169  1.531395E-15
4340.46837067763  1.338522E-15
4341.54726733836  1.491519E-15
4342.62616399909  1.857179E-15
4343.70506065982  2.001698E-15
4344.78395732055  2.072871E-15
4345.86285398128  2.372413E-15
4346.94175064201  2.491671E-15
4348.02064730274  2.539608E-15
4349.09954396347  2.472449E-15
4350.1784406242  2.410379E-15
4351.25733728493  2.329294E-15
4352.33623394566  2.024304E-15
4353.41513060639  2.111745E-15
4354.49402726712  2.181946E-15
4355.57292392785  2.303632E-15
4356.65182058858  2.459475E-15
4357.73071724931  2.469842E-15
4358.80961391004  2.416647E-15
4359.88851057077  2.438343E-15
4360.9674072315  2.511668E-15
4362.04630389223  2.494438E-15
4363.12520055296  2.633499E-15
4364.20409721369  2.669050E-15
4365.28299387442  2.669880E-15
4366.36189053515  2.606343E-15
4367.44078719588  2.405830E-15
4368.51968385661  2.426458E-15
4369.59858051734  2.488547E-15
4370.67747717807  2.441058E-15
4371.7563738388  2.489194E-15
4372.83527049953  2.412126E-15
4373.91416716026  2.179735E-15
4374.99306382099  1.964752E-15
4376.07196048172  1.995638E-15
4377.15085714245  2.244846E-15
4378.22975380318  2.371064E-15
4379.30865046391  2.473011E-15
4380.38754712464  2.578568E-15
4381.46644378537  2.344587E-15
4382.5453404461  2.165027E-15
4383.62423710683  1.996973E-15
4384.70313376756  1.924627E-15
4385.78203042829  1.970377E-15
4386.86092708902  2.078840E-15
4387.93982374975  2.126566E-15
4389.01872041048  2.172422E-15
4390.09761707121  2.209978E-15
4391.17651373194  2.164321E-15
4392.25541039267  2.325431E-15
4393.3343070534  2.336367E-15
4394.41320371413  2.147163E-15
4395.49210037486  2.046471E-15
4396.57099703559  2.146125E-15
4397.64989369632  2.297740E-15
4398.72879035705  2.277056E-15
4399.80768701778  2.151554E-15
4400.88658367851  2.154951E-15
4401.96548033924  2.335245E-15
4403.04437699997  2.460611E-15
4404.1232736607  2.305440E-15
4405.20217032143  2.259539E-15
4406.28106698216  2.338627E-15
4407.35996364289  2.320928E-15
4408.43886030362  2.374919E-15
4409.51775696435  2.480058E-15
4410.59665362508  2.555711E-15
4411.67555028581  2.750507E-15
4412.75444694654  2.816234E-15
4413.83334360727  2.653932E-15
4414.912240268  2.471859E-15
4415.99113692873  2.201657E-15
4417.07003358946  1.977021E-15
4418.14893025019  2.202288E-15
4419.22782691092  2.488467E-15
4420.30672357165  2.583143E-15
4421.38562023238  2.535560E-15
4422.46451689311  2.433112E-15
4423.54341355384  2.451812E-15
4424.62231021457  2.555525E-15
4425.7012068753  2.643361E-15
4426.78010353603  2.656065E-15
4427.85900019676  2.651457E-15
4428.93789685749  2.644563E-15
4430.01679351822  2.654017E-15
4431.09569017895  2.739500E-15
4432.17458683968  2.694238E-15
4433.25348350041  2.594059E-15
4434.33238016114  2.552380E-15
4435.41127682187  2.544277E-15
4436.4901734826  2.604283E-15
4437.56907014333  2.845019E-15
4438.64796680406  3.151706E-15
4439.72686346479  3.154478E-15
4440.80576012552  2.934495E-15
4441.88465678625  2.763899E-15
4442.96355344698  2.462580E-15
4444.04245010771  2.317139E-15
4445.12134676844  2.455914E-15
4446.20024342917  2.777036E-15
4447.2791400899  2.724160E-15
4448.35803675063  2.795026E-15
4449.43693341136  2.674350E-15
4450.51583007209  2.690140E-15
4451.59472673282  2.739545E-15
4452.67362339355  2.673347E-15
4453.75252005428  2.570534E-15
4454.83141671501  2.497413E-15
4455.91031337574  2.310618E-15
4456.98921003647  2.283064E-15
4458.0681066972  2.487802E-15
4459.14700335793  2.601304E-15
4460.22590001866  2.613556E-15
4461.30479667939  2.512787E-15
4462.38369334012  2.618144E-15
4463.46259000085  2.705902E-15
4464.54148666158  2.840068E-15
4465.62038332231  2.760217E-15
4466.69927998304  2.572121E-15
4467.77817664377  2.385504E-15
4468.8570733045  2.316988E-15
4469.93596996523  2.302729E-15
4471.01486662596  2.494902E-15
4472.09376328669  2.775044E-15
4473.17265994742  2.930440E-15
4474.25155660815  3.196518E-15
4475.33045326888  3.406531E-15
4476.40934992961  3.363678E-15
4477.48824659034  3.389500E-15
4478.56714325107  3.359014E-15
4479.6460399118  2.938337E-15
4480.72493657253  2.851373E-15
4481.80383323326  2.915446E-15
4482.88272989399  2.935515E-15
4483.96162655472  3.143263E-15
4485.04052321545  3.175692E-15
4486.11941987618  3.242655E-15
4487.19831653691  3.208633E-15
4488.27721319764  3.015148E-15
4489.35610985837  2.798896E-15
4490.4350065191  2.854572E-15
4491.51390317983  2.986229E-15
4492.59279984056  3.059435E-15
4493.67169650129  3.017596E-15
4494.75059316202  2.965745E-15
4495.82948982275  3.045458E-15
4496.90838648348  3.160598E-15
4497.98728314421  3.180660E-15
4499.06617980494  3.291780E-15
4500.14507646567  3.095113E-15
4501.2239731264  2.866250E-15
4502.30286978713  3.042709E-15
4503.38176644786  3.359450E-15
4504.46066310859  3.815628E-15
4505.53955976932  4.048444E-15
4506.61845643005  3.738973E-15
4507.69735309078  3.541067E-15
4508.77624975151  3.540556E-15
4509.85514641224  3.727335E-15
4510.93404307297  3.841926E-15
4512.0129397337  3.729118E-15
4513.09183639443  3.685693E-15
4514.17073305516  3.489358E-15
4515.24962971589  3.526946E-15
4516.32852637662  3.488618E-15
4517.40742303735  3.274481E-15
4518.48631969808  3.281586E-15
4519.56521635881  3.284201E-15
4520.64411301954  3.471648E-15
4521.72300968027  3.684870E-15
4522.801906341  3.398944E-15
4523.88080300173  3.491961E-15
4524.95969966246  3.456418E-15
4526.03859632319  3.317050E-15
4527.11749298392  3.249788E-15
4528.19638964465  3.128195E-15
4529.27528630538  3.213813E-15
4530.35418296611  3.269175E-15
4531.43307962684  3.184733E-15
4532.51197628757  3.105295E-15
4533.5908729483  2.600749E-15
4534.66976960903  2.496518E-15
4535.74866626976  2.622389E-15
4536.82756293049  3.104102E-15
4537.90645959122  3.297475E-15
4538.98535625195  3.522123E-15
4540.06425291268  3.558796E-15
4541.14314957341  3.379103E-15
4542.22204623414  3.433697E-15
4543.30094289487  3.320518E-15
4544.3798395556  3.184473E-15
4545.45873621633  2.999957E-15
4546.53763287706  2.988800E-15
4547.61652953779  3.087766E-15
4548.69542619852  2.773335E-15
4549.77432285925  2.620685E-15
4550.85321951998  2.699383E-15
4551.93211618071  2.777755E-15
4553.01101284144  2.720519E-15
4554.08990950217  2.579522E-15
4555.1688061629  2.529533E-15
4556.24770282363  2.697706E-15
4557.32659948436  2.913810E-15
4558.40549614509  3.013583E-15
4559.48439280582  3.088955E-15
4560.56328946655  3.420915E-15
4561.64218612728  3.432627E-15
4562.72108278801  3.104582E-15
4563.79997944874  2.846963E-15
4564.87887610947  2.728067E-15
4565.9577727702  2.960916E-15
4567.03666943093  3.290415E-15
4568.11556609166  3.426591E-15
4569.19446275239  3.558496E-15
4570.27335941312  3.526804E-15
4571.35225607385  3.213147E-15
4572.43115273458  3.113184E-15
4573.51004939531  3.354199E-15
4574.58894605604  3.657016E-15
4575.66784271677  3.604240E-15
4576.7467393775  3.606149E-15
4577.82563603823  3.674761E-15
4578.90453269896  3.560453E-15
4579.98342935969  3.391560E-15
4581.06232602042  3.476092E-15
4582.14122268115  3.457323E-15
4583.22011934188  3.231108E-15
4584.29901600261  3.117027E-15
4585.37791266334  3.098392E-15
4586.45680932407  3.185545E-15
4587.5357059848  3.266146E-15
4588.61460264553  3.197132E-15
4589.69349930626  3.232187E-15
4590.77239596699  3.277634E-15
4591.85129262772  3.247905E-15
4592.93018928845  3.339463E-15
4594.00908594918  3.391259E-15
4595.08798260991  3.440837E-15
4596.16687927064  3.568435E-15
4597.24577593137  3.736650E-15
4598.3246725921  3.812589E-15
4599.40356925283  3.660970E-15
4600.48246591356  3.667368E-15
4601.56136257429  3.615925E-15
4602.64025923502  3.571746E-15
4603.71915589575  3.781784E-15
4604.79805255648  3.897060E-15
4605.87694921721  3.924818E-15
4606.95584587794  3.857100E-15
4608.03474253867  3.878310E-15
4609.1136391994  4.058740E-15
4610.19253586013  4.173507E-15
4611.27143252086  4.274241E-15
4612.35032918159  4.215173E-15
4613.42922584232  4.066033E-15
4614.50812250305  4.042520E-15
4615.58701916378  3.894044E-15
4616.66591582451  3.763540E-15
4617.74481248524  3.881254E-15
4618.82370914597  3.912820E-15
4619.9026058067  3.858558E-15
4620.98150246743  3.910130E-15
4622.06039912816  4.148275E-15
4623.13929578889  4.366238E-15
4624.21819244962  4.209483E-15
4625.29708911035  4.030438E-15
4626.37598577108  4.058618E-15
4627.45488243181  4.118483E-15
4628.53377909254  4.021204E-15
4629.61267575327  3.868162E-15
4630.691572414  3.844110E-15
4631.77046907473  4.036227E-15
4632.84936573546  4.099767E-15
4633.92826239619  4.133351E-15
4635.00715905692  4.081417E-15
4636.08605571765  3.890481E-15
4637.16495237838  4.032236E-15
4638.24384903911  4.085927E-15
4639.32274569984  4.328192E-15
4640.40164236057  4.367028E-15
4641.4805390213  4.318420E-15
4642.55943568203  4.415662E-15
4643.63833234276  4.168562E-15
4644.71722900349  3.946701E-15
4645.79612566422  3.814721E-15
4646.87502232495  3.694344E-15
4647.95391898568  3.661595E-15
4649.03281564641  3.695706E-15
4650.11171230714  3.967537E-15
4651.19060896787  4.189191E-15
4652.2695056286  4.065499E-15
4653.34840228933  4.016661E-15
4654.42729895006  3.969067E-15
4655.50619561079  3.977201E-15
4656.58509227152  4.060409E-15
4657.66398893225  4.160273E-15
4658.74288559298  4.271966E-15
4659.82178225371  4.361225E-15
4660.90067891444  4.480109E-15
4661.97957557517  4.500011E-15
4663.0584722359  4.319443E-15
4664.13736889663  4.300078E-15
4665.21626555736  4.163782E-15
4666.29516221809  4.026691E-15
4667.37405887882  3.621648E-15
4668.45295553955  3.329484E-15
4669.53185220028  3.703896E-15
4670.61074886101  4.005377E-15
4671.68964552174  4.141880E-15
4672.76854218247  4.335799E-15
4673.8474388432  4.444356E-15
4674.92633550393  4.367698E-15
4676.00523216466  4.424418E-15
4677.08412882539  4.377292E-15
4678.16302548612  4.238072E-15
4679.24192214685  4.476620E-15
4680.32081880758  4.315435E-15
4681.39971546831  4.004065E-15
4682.47861212904  3.976193E-15
4683.55750878977  4.241854E-15
4684.6364054505  4.274200E-15
4685.71530211123  4.248675E-15
4686.79419877197  4.394344E-15
4687.87309543269  4.509645E-15
4688.95199209342  4.457208E-15
4690.03088875415  4.493775E-15
4691.10978541488  4.637125E-15
4692.18868207561  4.560956E-15
4693.26757873634  4.524510E-15
4694.34647539707  4.699565E-15
4695.4253720578  4.738713E-15
4696.50426871853  4.720445E-15
4697.58316537926  4.831008E-15
4698.66206203999  4.570656E-15
4699.74095870072  4.297645E-15
4700.81985536145  4.411696E-15
4701.89875202218  4.481697E-15
4702.97764868291  4.426295E-15
4704.05654534364  4.283291E-15
4705.13544200437  4.397046E-15
4706.2143386651  4.322130E-15
4707.29323532583  4.191516E-15
4708.37213198656  4.039809E-15
4709.45102864729  4.145334E-15
4710.52992530802  4.160878E-15
4711.60882196875  4.268992E-15
4712.68771862948  4.622078E-15
4713.76661529021  4.490788E-15
4714.84551195095  4.367549E-15
4715.92440861167  4.674519E-15
4717.0033052724  4.676289E-15
4718.08220193313  4.743755E-15
4719.16109859386  4.794047E-15
4720.23999525459  4.729228E-15
4721.31889191532  4.694519E-15
4722.39778857605  4.817394E-15
4723.47668523678  4.857704E-15
4724.55558189751  4.950556E-15
4725.63447855824  4.775620E-15
4726.71337521897  4.588293E-15
4727.7922718797  4.677640E-15
4728.87116854043  4.586226E-15
4729.95006520116  4.347027E-15
4731.02896186189  4.302827E-15
4732.10785852262  4.447372E-15
4733.18675518335  4.453808E-15
4734.26565184409  4.419314E-15
4735.34454850481  4.503889E-15
4736.42344516554  4.514311E-15
4737.50234182627  4.589391E-15
4738.581238487  4.786229E-15
4739.66013514773  4.822336E-15
4740.73903180846  4.770453E-15
4741.81792846919  4.861849E-15
4742.89682512992  4.967319E-15
4743.97572179065  4.993175E-15
4745.05461845138  5.008535E-15
4746.13351511211  4.901213E-15
4747.21241177284  4.834577E-15
4748.29130843357  4.996232E-15
4749.3702050943  5.163145E-15
4750.44910175503  5.007630E-15
4751.52799841576  5.220009E-15
4752.60689507649  5.125040E-15
4753.68579173722  4.948324E-15
4754.76468839795  4.753274E-15
4755.84358505868  4.585425E-15
4756.92248171942  4.555924E-15
4758.00137838014  4.683624E-15
4759.08027504087  4.817371E-15
4760.1591717016  4.998466E-15
4761.23806836233  4.892088E-15
4762.31696502306  4.523468E-15
4763.39586168379  4.366047E-15
4764.47475834452  4.373510E-15
4765.55365500525  4.398373E-15
4766.63255166598  4.495557E-15
4767.71144832671  4.745359E-15
4768.79034498744  4.811424E-15
4769.86924164817  5.032904E-15
4770.9481383089  5.178538E-15
4772.02703496963  5.055313E-15
4773.10593163036  5.104549E-15
4774.18482829109  5.422433E-15
4775.26372495182  5.228729E-15
4776.34262161255  5.084059E-15
4777.42151827328  5.225453E-15
4778.50041493401  5.302668E-15
4779.57931159474  5.132102E-15
4780.65820825547  5.171298E-15
4781.7371049162  5.242659E-15
4782.81600157693  4.973420E-15
4783.89489823766  4.729627E-15
4784.97379489839  4.956238E-15
4786.05269155912  4.813983E-15
4787.13158821985  4.960474E-15
4788.21048488058  4.977394E-15
4789.28938154131  4.781215E-15
4790.36827820204  4.881935E-15
4791.44717486277  5.033033E-15
4792.5260715235  5.055623E-15
4793.60496818423  5.411534E-15
4794.68386484496  5.681829E-15
4795.76276150569  5.604923E-15
4796.84165816642  5.389259E-15
4797.92055482715  5.155087E-15
4798.99945148788  5.133566E-15
4800.07834814861  5.212361E-15
4801.15724480934  5.338121E-15
4802.23614147007  5.324822E-15
4803.3150381308  5.306317E-15
4804.39393479153  5.239686E-15
4805.47283145227  4.933374E-15
4806.55172811299  4.935788E-15
4807.63062477372  4.962144E-15
4808.70952143445  5.059830E-15
4809.78841809518  5.075958E-15
4810.86731475591  5.069407E-15
4811.94621141665  5.186514E-15
4813.02510807737  5.089062E-15
4814.1040047381  5.309069E-15
4815.18290139883  5.687753E-15
4816.26179805956  5.585387E-15
4817.34069472029  5.599744E-15
4818.41959138102  5.803236E-15
4819.49848804175  5.681170E-15
4820.57738470248  5.746718E-15
4821.65628136321  5.434855E-15
4822.73517802394  5.043637E-15
4823.81407468467  4.902461E-15
4824.8929713454  5.155044E-15
4825.97186800613  5.062070E-15
4827.05076466686  5.378482E-15
4828.12966132759  5.546314E-15
4829.20855798832  5.637097E-15
4830.28745464905  5.683488E-15
4831.36635130978  5.353901E-15
4832.44524797051  5.249057E-15
4833.52414463124  5.450916E-15
4834.60304129197  5.528334E-15
4835.6819379527  5.547684E-15
4836.76083461343  5.820896E-15
4837.83973127416  5.644899E-15
4838.91862793489  5.460421E-15
4839.99752459562  5.388365E-15
4841.07642125635  5.446006E-15
4842.15531791708  5.379042E-15
4843.23421457781  5.399020E-15
4844.31311123854  5.556937E-15
4845.39200789927  5.698571E-15
4846.47090456  5.563175E-15
4847.54980122074  5.419914E-15
4848.62869788146  5.500161E-15
4849.70759454219  5.578595E-15
4850.78649120292  5.474321E-15
4851.86538786365  5.386172E-15
4852.94428452438  5.564007E-15
4854.02318118511  5.465193E-15
4855.10207784584  5.182551E-15
4856.18097450657  5.182837E-15
4857.2598711673  5.290417E-15
4858.33876782803  5.141704E-15
4859.41766448876  4.523469E-15
4860.49656114949  3.693447E-15
4861.57545781022  3.247146E-15
4862.65435447095  3.563368E-15
4863.73325113168  4.245174E-15
4864.81214779241  4.898419E-15
4865.89104445314  5.142033E-15
4866.96994111387  5.209518E-15
4868.0488377746  5.325329E-15
4869.12773443533  5.367107E-15
4870.20663109606  5.264211E-15
4871.28552775679  5.016080E-15
4872.36442441752  4.764302E-15
4873.44332107825  4.848243E-15
4874.52221773898  5.085040E-15
4875.60111439971  5.123673E-15
4876.68001106045  5.119440E-15
4877.75890772117  5.191185E-15
4878.8378043819  5.476482E-15
4879.91670104263  5.633376E-15
4880.99559770336  5.378736E-15
4882.07449436409  5.303748E-15
4883.15339102482  5.146631E-15
4884.23228768555  5.014159E-15
4885.31118434628  5.045052E-15
4886.39008100701  5.044368E-15
4887.46897766774  5.236473E-15
4888.54787432847  5.329065E-15
4889.6267709892  5.189804E-15
4890.70566764993  5.035472E-15
4891.78456431066  5.004186E-15
4892.86346097139  5.430008E-15
4893.94235763212  5.695667E-15
4895.02125429285  5.945603E-15
4896.10015095358  6.599634E-15
4897.17904761431  6.625398E-15
4898.25794427504  6.272529E-15
4899.33684093577  6.015135E-15
4900.4157375965  5.763244E-15
4901.49463425723  5.592034E-15
4902.57353091796  5.776672E-15
4903.65242757869  5.876170E-15
4904.73132423942  6.015961E-15
4905.81022090015  6.255495E-15
4906.88911756088  6.124873E-15
4907.96801422161  5.927094E-15
4909.04691088234  5.832244E-15
4910.12580754307  5.581137E-15
4911.2047042038  5.379559E-15
4912.28360086453  5.362457E-15
4913.36249752526  5.726480E-15
4914.44139418599  6.162693E-15
4915.52029084672  6.250085E-15
4916.59918750745  5.978797E-15
4917.67808416818  5.871610E-15
4918.75698082891  5.265391E-15
4919.83587748964  5.111691E-15
4920.91477415037  4.777456E-15
4921.9936708111  4.678993E-15
4923.07256747183  4.622350E-15
4924.15146413256  4.498185E-15
4925.23036079329  5.045451E-15
4926.30925745402  5.462621E-15
4927.38815411475  5.889167E-15
4928.46705077548  6.181305E-15
4929.54594743621  6.316649E-15
4930.62484409694  6.437270E-15
4931.70374075767  6.394842E-15
4932.7826374184  5.795820E-15
4933.86153407913  5.069740E-15
4934.94043073986  5.069602E-15
4936.01932740059  5.279582E-15
4937.09822406132  5.412313E-15
4938.17712072205  5.742756E-15
4939.25601738278  5.665026E-15
4940.33491404351  5.655071E-15
4941.41381070424  6.207793E-15
4942.49270736497  6.311499E-15
4943.5716040257  6.291197E-15
4944.65050068643  6.331567E-15
4945.72939734716  6.533764E-15
4946.80829400789  6.447558E-15
4947.88719066862  6.627350E-15
4948.96608732936  6.480353E-15
4950.04498399008  6.491314E-15
4951.12388065081  6.532801E-15
4952.20277731154  6.391683E-15
4953.28167397227  6.403214E-15
4954.360570633  6.884339E-15
4955.43946729373  6.274647E-15
4956.51836395446  5.871312E-15
4957.5972606152  5.561562E-15
4958.67615727592  5.783333E-15
4959.75505393665  6.100049E-15
4960.83395059738  6.555487E-15
4961.91284725811  6.579785E-15
4962.99174391884  6.375340E-15
4964.07064057957  6.293855E-15
4965.1495372403  6.191348E-15
4966.22843390103  5.982800E-15
4967.30733056176  5.940879E-15
4968.38622722249  6.187613E-15
4969.46512388322  6.263514E-15
4970.54402054395  6.259844E-15
4971.62291720468  6.273287E-15
4972.70181386541  6.437918E-15
4973.78071052614  6.768923E-15
4974.85960718687  7.019816E-15
4975.9385038476  6.810252E-15
4977.01740050834  6.710962E-15
4978.09629716906  6.325146E-15
4979.17519382979  6.318465E-15
4980.25409049052  5.853059E-15
4981.33298715125  5.558184E-15
4982.41188381198  5.069915E-15
4983.49078047271  4.988576E-15
4984.56967713344  5.240464E-15
4985.64857379417  5.390714E-15
4986.7274704549  5.959073E-15
4987.80636711563  6.129962E-15
4988.88526377636  6.360993E-15
4989.9641604371  6.138846E-15
4991.04305709782  5.957034E-15
4992.12195375855  5.966213E-15
4993.20085041928  5.857082E-15
4994.27974708001  5.992742E-15
4995.35864374074  6.294577E-15
4996.43754040147  6.316339E-15
4997.5164370622  6.332874E-15
4998.59533372293  6.214086E-15
4999.67423038366  5.907276E-15
5000.75312704439  5.860828E-15
5001.83202370512  5.654492E-15
5002.91092036586  5.801667E-15
5003.98981702658  5.875338E-15
5005.06871368731  5.727384E-15
5006.14761034804  5.592856E-15
5007.22650700877  5.564731E-15
5008.3054036695  5.897641E-15
5009.38430033023  6.238367E-15
5010.46319699096  6.221537E-15
5011.54209365169  5.944338E-15
5012.62099031242  5.584330E-15
5013.69988697315  5.292208E-15
5014.77878363388  5.178744E-15
5015.85768029461  5.325262E-15
5016.93657695534  5.116111E-15
5018.01547361607  4.821163E-15
5019.0943702768  4.703616E-15
5020.17326693754  4.814417E-15
5021.25216359826  5.364553E-15
5022.33106025899  5.644094E-15
5023.40995691972  6.012442E-15
5024.48885358045  6.164449E-15
5025.56775024118  6.194964E-15
5026.64664690191  6.283053E-15
5027.72554356265  6.097627E-15
5028.80444022338  6.249513E-15
5029.88333688411  6.240239E-15
5030.96223354484  6.341729E-15
5032.04113020557  6.697968E-15
5033.1200268663  6.811318E-15
5034.19892352703  6.511506E-15
5035.27782018775  6.331266E-15
5036.35671684849  6.033019E-15
5037.43561350922  5.762961E-15
5038.51451016995  5.650551E-15
5039.59340683067  5.585334E-15
5040.67230349141  5.342457E-15
5041.75120015214  5.524143E-15
5042.83009681287  5.983311E-15
5043.9089934736  6.572535E-15
5044.98789013433  6.861658E-15
5046.06678679505  7.115361E-15
5047.14568345579  6.975556E-15
5048.22458011652  6.893485E-15
5049.30347677725  6.661583E-15
5050.38237343798  6.430088E-15
5051.4612700987  6.369285E-15
5052.54016675943  6.420898E-15
5053.61906342017  6.623353E-15
5054.6979600809  6.906071E-15
5055.77685674162  6.962683E-15
5056.85575340235  7.244239E-15
5057.93465006309  7.352486E-15
5059.01354672381  7.164468E-15
5060.09244338455  6.949089E-15
5061.17134004527  7.103702E-15
5062.25023670601  7.284440E-15
5063.32913336673  7.056339E-15
5064.40803002746  6.490861E-15
5065.48692668819  6.097249E-15
5066.56582334893  6.420663E-15
5067.64472000966  6.658894E-15
5068.72361667038  6.883304E-15
5069.80251333111  6.916109E-15
5070.88140999185  6.841430E-15
5071.96030665257  6.583221E-15
5073.0392033133  6.624453E-15
5074.11809997403  6.548968E-15
5075.19699663476  6.893542E-15
5076.2758932955  6.602112E-15
5077.35478995622  6.868583E-15
5078.43368661695  6.694214E-15
5079.51258327769  5.998720E-15
5080.59147993841  6.196824E-15
5081.67037659914  6.455362E-15
5082.74927325988  6.507362E-15
5083.82816992061  6.359752E-15
5084.90706658134  6.561281E-15
5085.98596324207  6.827106E-15
5087.0648599028  6.686425E-15
5088.14375656352  6.666339E-15
5089.22265322426  6.752398E-15
5090.30154988499  6.938121E-15
5091.38044654572  7.094889E-15
5092.45934320645  7.199742E-15
5093.53823986717  7.293217E-15
5094.6171365279  7.357886E-15
5095.69603318864  6.962936E-15
5096.77492984937  6.811236E-15
5097.85382651009  6.411078E-15
5098.93272317083  6.302601E-15
5100.01161983156  6.418603E-15
5101.09051649229  6.376896E-15
5102.16941315302  6.711553E-15
5103.24830981375  7.029788E-15
5104.32720647448  7.072549E-15
5105.40610313521  6.765923E-15
5106.48499979593  6.550887E-15
5107.56389645666  6.615440E-15
5108.6427931174  6.455930E-15
5109.72168977813  6.096013E-15
5110.80058643885  6.168727E-15
5111.87948309958  6.700499E-15
5112.95837976032  6.847102E-15
5114.03727642104  7.104050E-15
5115.11617308178  7.047289E-15
5116.1950697425  7.082477E-15
5117.27396640323  7.056403E-15
5118.35286306397  6.773282E-15
5119.4317597247  7.100913E-15
5120.51065638542  7.186769E-15
5121.58955304616  6.891357E-15
5122.66844970688  6.526582E-15
5123.74734636761  6.290239E-15
5124.82624302834  6.448286E-15
5125.90513968907  6.430535E-15
5126.9840363498  6.231880E-15
5128.06293301054  6.136713E-15
5129.14182967126  6.086878E-15
5130.22072633199  6.285945E-15
5131.29962299273  6.529273E-15
5132.37851965346  6.813778E-15
5133.45741631418  7.088661E-15
5134.53631297491  6.994890E-15
5135.61520963564  6.846272E-15
5136.69410629638  6.860338E-15
5137.77300295711  6.751593E-15
5138.85189961784  6.606183E-15
5139.93079627857  6.509234E-15
5141.00969293929  6.456892E-15
5142.08858960003  6.641670E-15
5143.16748626076  6.578453E-15
5144.24638292149  6.865621E-15
5145.32527958221  6.785287E-15
5146.40417624295  6.642335E-15
5147.48307290368  6.500667E-15
5148.56196956441  6.510409E-15
5149.64086622513  6.566205E-15
5150.71976288587  6.662848E-15
5151.7986595466  6.710476E-15
5152.87755620733  6.476477E-15
5153.95645286805  6.497380E-15
5155.03534952879  6.594352E-15
5156.11424618952  6.849048E-15
5157.19314285025  7.138155E-15
5158.27203951097  7.572315E-15
5159.3509361717  7.622826E-15
5160.42983283244  7.539910E-15
5161.50872949316  7.375457E-15
5162.58762615389  7.166140E-15
5163.66652281463  7.081840E-15
5164.74541947536  6.437546E-15
5165.82431613608  5.880715E-15
5166.90321279682  5.021275E-15
5167.98210945755  4.308783E-15
5169.06100611828  4.412707E-15
5170.139902779  4.974513E-15
5171.21879943973  5.189286E-15
5172.29769610047  5.205776E-15
5173.37659276119  5.338807E-15
5174.45548942192  6.152650E-15
5175.53438608265  6.881418E-15
5176.61328274339  7.168578E-15
5177.69217940411  7.721182E-15
5178.77107606484  7.617134E-15
5179.84997272558  7.672856E-15
5180.92886938631  7.326800E-15
5182.00776604703  6.842311E-15
5183.08666270776  5.921667E-15
5184.16555936849  5.386432E-15
5185.24445602923  5.700598E-15
5186.32335268996  6.386652E-15
5187.40224935068  6.839127E-15
5188.48114601141  6.631180E-15
5189.56004267214  6.510190E-15
5190.63893933288  6.632933E-15
5191.71783599361  6.424306E-15
5192.79673265434  6.366619E-15
5193.87562931507  6.561856E-15
5194.95452597579  6.365268E-15
5196.03342263653  6.267991E-15
5197.11231929726  6.333219E-15
5198.19121595798  6.744245E-15
5199.27011261872  7.134232E-15
5200.34900927945  7.052501E-15
5201.42790594018  7.235011E-15
5202.50680260091  7.399047E-15
5203.58569926164  6.553256E-15
5204.66459592237  5.768906E-15
5205.7434925831  5.906684E-15
5206.82238924382  5.732223E-15
5207.90128590455  5.517725E-15
5208.98018256529  5.726791E-15
5210.05907922602  6.182974E-15
5211.13797588675  6.883695E-15
5212.21687254748  7.331291E-15
5213.29576920821  7.493728E-15
5214.37466586893  7.627233E-15
5215.45356252967  7.618924E-15
5216.5324591904  7.310792E-15
5217.61135585112  7.134135E-15
5218.69025251186  7.650407E-15
5219.76914917259  8.163394E-15
5220.84804583331  8.016145E-15
5221.92694249404  8.072461E-15
5223.00583915478  7.966082E-15
5224.0847358155  7.500886E-15
5225.16363247624  7.025716E-15
5226.24252913696  6.166396E-15
5227.32142579769  6.052507E-15
5228.40032245843  6.595530E-15
5229.47921911915  7.336380E-15
5230.55811577988  7.784572E-15
5231.63701244062  7.839611E-15
5232.71590910135  7.468607E-15
5233.79480576208  6.767365E-15
5234.8737024228  6.585912E-15
5235.95259908353  6.916217E-15
5237.03149574426  7.458668E-15
5238.11039240499  7.625568E-15
5239.18928906572  7.583295E-15
5240.26818572645  7.961544E-15
5241.34708238719  8.281051E-15
5242.42597904791  7.891279E-15
5243.50487570864  8.007400E-15
5244.58377236938  8.416556E-15
5245.66266903011  7.713362E-15
5246.74156569083  7.458321E-15
5247.82046235157  7.285005E-15
5248.8993590123  7.219884E-15
5249.97825567303  7.263593E-15
5251.05715233376  7.229890E-15
5252.13604899449  7.223135E-15
5253.21494565522  7.563006E-15
5254.29384231594  7.535198E-15
5255.37273897667  7.667051E-15
5256.45163563741  7.669120E-15
5257.53053229814  8.386011E-15
5258.60942895887  8.501278E-15
5259.68832561959  8.411640E-15
5260.76722228033  7.752256E-15
5261.84611894106  7.493262E-15
5262.92501560178  7.117458E-15
5264.00391226252  6.572354E-15
5265.08280892325  6.482055E-15
5266.16170558398  6.506680E-15
5267.24060224471  6.621364E-15
5268.31949890543  6.468667E-15
5269.39839556617  6.151412E-15
5270.4772922269  6.200761E-15
5271.55618888762  6.728854E-15
5272.63508554835  7.406675E-15
5273.71398220909  7.380958E-15
5274.79287886981  7.059875E-15
5275.87177553054  6.997671E-15
5276.95067219127  7.311388E-15
5278.02956885201  7.734842E-15
5279.10846551273  8.310327E-15
5280.18736217347  8.263984E-15
5281.2662588342  8.003314E-15
5282.34515549493  7.975598E-15
5283.42405215565  7.560737E-15
5284.50294881638  7.584599E-15
5285.58184547711  8.204306E-15
5286.66074213785  8.487446E-15
5287.73963879857  8.973608E-15
5288.8185354593  8.964428E-15
5289.89743212004  8.495591E-15
5290.97632878076  8.897288E-15
5292.05522544149  8.976438E-15
5293.13412210223  8.482971E-15
5294.21301876295  8.533222E-15
5295.29191542368  8.504966E-15
5296.37081208441  7.806513E-15
5297.44970874514  7.316982E-15
5298.52860540587  7.377426E-15
5299.60750206661  7.713251E-15
5300.68639872734  8.070971E-15
5301.76529538806  8.110230E-15
5302.8441920488  8.163182E-15
5303.92308870953  8.334585E-15
5305.00198537026  8.445029E-15
5306.08088203099  8.283841E-15
5307.15977869172  8.361432E-15
5308.23867535244  8.626405E-15
5309.31757201318  8.995979E-15
5310.39646867391  9.102009E-15
5311.47536533464  8.810962E-15
5312.55426199537  8.797564E-15
5313.6331586561  8.621388E-15
5314.71205531683  8.490849E-15
5315.79095197756  7.950859E-15
5316.86984863829  7.594649E-15
5317.94874529902  7.979496E-15
5319.02764195974  8.493938E-15
5320.10653862048  8.450292E-15
5321.1854352812  8.494386E-15
5322.26433194194  8.754548E-15
5323.34322860266  8.522315E-15
5324.4221252634  7.964416E-15
5325.50102192413  8.109499E-15
5326.57991858486  8.003001E-15
5327.65881524558  7.191010E-15
5328.73771190632  6.702088E-15
5329.81660856705  7.227056E-15
5330.89550522777  8.080402E-15
5331.9744018885  8.536569E-15
5333.05329854924  8.434707E-15
5334.13219520997  8.523119E-15
5335.21109187069  8.603630E-15
5336.28998853142  8.236087E-15
5337.36888519215  8.115800E-15
5338.44778185289  8.304244E-15
5339.52667851361  8.146300E-15
5340.60557517434  8.284701E-15
5341.68447183508  8.290524E-15
5342.76336849581  8.287425E-15
5343.84226515653  8.472738E-15
5344.92116181726  8.755037E-15
5346.000058478  8.579034E-15
5347.07895513873  8.480884E-15
5348.15785179945  8.316238E-15
5349.23674846018  8.236071E-15
5350.31564512092  8.193646E-15
5351.39454178164  8.503285E-15
5352.47343844237  8.954175E-15
5353.55233510311  9.208442E-15
5354.63123176384  9.439317E-15
5355.71012842456  9.484333E-15
5356.7890250853  9.398082E-15
5357.86792174603  9.508417E-15
5358.94681840676  9.486118E-15
5360.02571506749  9.366824E-15
5361.10461172822  8.882778E-15
5362.18350838895  8.568868E-15
5363.26240504968  8.505469E-15
5364.34130171041  8.329547E-15
5365.42019837114  8.369608E-15
5366.49909503187  8.535788E-15
5367.5779916926  8.484555E-15
5368.65688835332  8.589174E-15
5369.73578501406  8.076770E-15
5370.81468167479  7.540149E-15
5371.89357833552  7.839394E-15
5372.97247499625  8.285708E-15
5374.05137165698  8.794669E-15
5375.13026831771  9.127081E-15
5376.20916497844  9.115549E-15
5377.28806163917  9.215879E-15
5378.36695829989  9.226699E-15
5379.44585496063  9.100048E-15
5380.52475162136  9.204007E-15
5381.60364828209  8.889679E-15
5382.68254494282  8.736906E-15
5383.76144160355  9.135686E-15
5384.84033826427  9.152256E-15
5385.91923492501  9.174863E-15
5386.99813158574  9.085339E-15
5388.07702824646  9.023406E-15
5389.1559249072  8.997621E-15
5390.23482156793  8.595192E-15
5391.31371822865  9.025244E-15
5392.39261488939  8.883571E-15
5393.47151155012  8.871622E-15
5394.55040821085  8.822394E-15
5395.62930487157  8.286035E-15
5396.7082015323  7.917098E-15
5397.78709819303  8.211018E-15
5398.86599485377  8.461032E-15
5399.94489151449  9.031866E-15
5401.02378817523  9.209483E-15
5402.10268483596  8.949534E-15
5403.18158149669  8.657420E-15
5404.26047815741  7.967490E-15
5405.33937481815  7.666233E-15
5406.41827147888  7.516063E-15
5407.49716813961  8.070010E-15
5408.57606480034  8.029561E-15
5409.65496146107  7.966063E-15
5410.7338581218  7.923606E-15
5411.81275478253  8.349155E-15
5412.89165144326  8.735928E-15
5413.97054810399  8.819820E-15
5415.04944476472  8.717326E-15
5416.12834142544  9.031954E-15
5417.20723808618  9.229144E-15
5418.28613474691  8.935966E-15
5419.36503140764  8.795980E-15
5420.44392806836  9.061065E-15
5421.5228247291  9.195355E-15
5422.60172138983  8.824062E-15
5423.68061805056  8.665400E-15
5424.75951471129  8.781463E-15
5425.83841137202  8.883693E-15
5426.91730803275  9.366849E-15
5427.99620469348  9.625754E-15
5429.07510135421  8.904822E-15
5430.15399801494  8.408973E-15
5431.23289467567  8.614459E-15
5432.31179133639  8.859009E-15
5433.39068799712  8.574308E-15
5434.46958465786  8.270546E-15
5435.54848131859  8.268874E-15
5436.62737797931  8.439873E-15
5437.70627464005  9.138663E-15
5438.78517130078  9.887351E-15
5439.86406796151  9.643820E-15
5440.94296462224  9.912998E-15
5442.02186128297  1.022964E-14
5443.1007579437  9.937171E-15
5444.17965460442  9.493520E-15
5445.25855126515  8.749650E-15
5446.33744792588  8.254076E-15
5447.41634458662  8.289706E-15
5448.49524124735  8.979023E-15
5449.57413790807  9.481565E-15
5450.65303456881  9.481090E-15
5451.73193122954  9.394459E-15
5452.81082789026  9.510588E-15
5453.889724551  9.369960E-15
5454.96862121172  8.859298E-15
5456.04751787246  8.803516E-15
5457.12641453319  9.064613E-15
5458.20531119391  9.643788E-15
5459.28420785464  9.865473E-15
5460.36310451538  9.744395E-15
5461.44200117611  9.478923E-15
5462.52089783684  9.272609E-15
5463.59979449757  8.946283E-15
5464.6786911583  9.167954E-15
5465.75758781903  9.715291E-15
5466.83648447976  9.564292E-15
5467.91538114049  9.815541E-15
5468.99427780121  9.799488E-15
5470.07317446195  9.619663E-15
5471.15207112268  9.750754E-15
5472.23096778341  9.334079E-15
5473.30986444414  9.314494E-15
5474.38876110487  9.273450E-15
5475.4676577656  8.894308E-15
5476.54655442633  8.604447E-15
5477.62545108706  8.784045E-15
5478.70434774779  8.771133E-15
5479.78324440852  9.175833E-15
5480.86214106925  9.343581E-15
5481.94103772998  9.334777E-15
5483.01993439071  9.452662E-15
5484.09883105144  9.786588E-15
5485.17772771217  9.769180E-15
5486.2566243729  9.809406E-15
5487.33552103363  9.759519E-15
5488.41441769436  9.380660E-15
5489.49331435509  9.447468E-15
5490.57221101582  9.568404E-15
5491.65110767654  9.648332E-15
5492.73000433727  9.722634E-15
5493.80890099801  9.637386E-15
5494.88779765874  9.903009E-15
5495.96669431947  9.914747E-15
5497.04559098019  9.556227E-15
5498.12448764092  9.573990E-15
5499.20338430166  9.992905E-15
5500.28228096239  9.977924E-15
5501.36117762311  9.812001E-15
5502.44007428385  9.848129E-15
5503.51897094458  9.515078E-15
5504.59786760531  9.605338E-15
5505.67676426603  9.615377E-15
5506.75566092677  9.181582E-15
5507.8345575875  9.181127E-15
5508.91345424822  9.350566E-15
5509.99235090895  9.517543E-15
5511.07124756968  9.372688E-15
5512.15014423042  9.408730E-15
5513.22904089114  9.215532E-15
5514.30793755187  9.411796E-15
5515.38683421261  9.636722E-15
5516.46573087334  9.649022E-15
5517.54462753406  9.743271E-15
5518.6235241948  9.927022E-15
5519.70242085553  1.006006E-14
5520.78131751626  1.020084E-14
5521.86021417699  1.003867E-14
5522.93911083772  9.940299E-15
5524.01800749845  9.901602E-15
5525.09690415918  9.494419E-15
5526.17580081991  9.009690E-15
5527.25469748064  8.879140E-15
5528.33359414137  8.678772E-15
5529.4124908021  8.982965E-15
5530.49138746282  9.842635E-15
5531.57028412356  1.005538E-14
5532.64918078429  1.035281E-14
5533.72807744501  1.028884E-14
5534.80697410575  9.758257E-15
5535.88587076648  9.655055E-15
5536.96476742721  9.829913E-15
5538.04366408794  9.964232E-15
5539.12256074866  1.025320E-14
5540.2014574094  1.038860E-14
5541.28035407013  1.074441E-14
5542.35925073086  1.070890E-14
5543.43814739159  1.017234E-14
5544.51704405232  9.962628E-15
5545.59594071304  1.000051E-14
5546.67483737377  9.980190E-15
5547.75373403451  1.020770E-14
5548.83263069524  1.039432E-14
5549.91152735596  1.071069E-14
5550.9904240167  1.058148E-14
5552.06932067743  1.015225E-14
5553.14821733816  1.035783E-14
5554.22711399889  1.046250E-14
5555.30601065962  1.019254E-14
5556.38490732034  1.067509E-14
5557.46380398108  1.060036E-14
5558.5427006418  1.059489E-14
5559.62159730253  1.027279E-14
5560.70049396327  1.012501E-14
5561.779390624  1.029430E-14
5562.85828728472  1.015146E-14
5563.93718394546  1.004383E-14
5565.01608060619  9.778613E-15
5566.09497726691  9.693669E-15
5567.17387392765  9.936876E-15
5568.25277058837  9.994278E-15
5569.3316672491  9.927046E-15
5570.41056390984  9.767993E-15
5571.48946057057  9.909278E-15
5572.5683572313  9.619754E-15
5573.64725389203  9.589969E-15
5574.72615055276  1.006324E-14
5575.80504721349  9.943530E-15
5576.88394387422  1.024155E-14
5577.96284053495  1.066318E-14
5579.04173719568  1.054460E-14
5580.12063385641  1.042617E-14
5581.19953051714  1.044718E-14
5582.27842717787  1.016948E-14
5583.3573238386  1.051588E-14
5584.43622049933  1.027888E-14
5585.51511716006  9.861119E-15
5586.59401382079  9.385372E-15
5587.67291048152  8.965674E-15
5588.75180714225  8.927620E-15
5589.83070380298  9.267240E-15
5590.90960046371  9.574581E-15
5591.98849712444  9.833230E-15
5593.06739378517  9.759841E-15
5594.14629044589  9.944162E-15
5595.22518710663  1.025055E-14
5596.30408376736  1.011152E-14
5597.38298042809  1.025227E-14
5598.46187708881  1.020288E-14
5599.54077374955  9.826295E-15
5600.61967041028  9.928146E-15
5601.69856707101  9.964380E-15
5602.77746373174  1.001862E-14
5603.85636039247  1.025502E-14
5604.9352570532  1.050214E-14
5606.01415371392  1.116823E-14
5607.09305037465  1.123602E-14
5608.17194703539  1.084703E-14
5609.25084369612  1.093360E-14
5610.32974035684  1.104595E-14
5611.40863701757  1.119357E-14
5612.48753367831  1.109923E-14
5613.56643033904  1.079893E-14
5614.64532699976  1.024780E-14
5615.72422366049  9.849181E-15
5616.80312032123  9.908006E-15
5617.88201698196  1.012582E-14
5618.96091364269  1.040292E-14
5620.03981030341  1.073247E-14
5621.11870696415  1.079877E-14
5622.19760362487  1.034711E-14
5623.2765002856  1.047549E-14
5624.35539694634  9.995504E-15
5625.43429360707  9.953442E-15
5626.5131902678  1.034818E-14
5627.59208692853  1.021814E-14
5628.67098358926  1.022211E-14
5629.74988024999  1.102949E-14
5630.82877691071  1.116503E-14
5631.90767357145  1.086779E-14
5632.98657023218  1.098388E-14
5634.06546689291  1.096656E-14
5635.14436355364  1.068168E-14
5636.22326021437  1.055872E-14
5637.3021568751  1.039429E-14
5638.38105353583  1.057195E-14
5639.45995019656  1.060542E-14
5640.53884685728  1.023767E-14
5641.61774351802  1.044354E-14
5642.69664017875  1.063544E-14
5643.77553683948  1.074468E-14
5644.85443350021  1.068791E-14
5645.93333016094  1.116334E-14
5647.01222682166  1.092609E-14
5648.0911234824  1.080639E-14
5649.17002014313  1.061598E-14
5650.24891680386  1.101695E-14
5651.32781346459  1.091246E-14
5652.40671012532  1.114057E-14
5653.48560678604  1.077670E-14
5654.56450344678  1.055388E-14
5655.64340010751  1.055367E-14
5656.72229676824  1.034760E-14
5657.80119342897  9.953361E-15
5658.88009008969  9.809467E-15
5659.95898675042  1.003284E-14
5661.03788341116  1.020128E-14
5662.11678007189  1.049197E-14
5663.19567673262  1.028487E-14
5664.27457339335  1.017868E-14
5665.35347005408  1.050414E-14
5666.43236671481  1.063321E-14
5667.51126337554  1.064410E-14
5668.59016003627  1.040813E-14
5669.669056697  1.061156E-14
5670.74795335772  1.091667E-14
5671.82685001846  1.082225E-14
5672.90574667919  1.107266E-14
5673.98464333992  1.118377E-14
5675.06354000064  1.138181E-14
5676.14243666138  1.137118E-14
5677.22133332211  1.095636E-14
5678.30022998284  1.106924E-14
5679.37912664357  1.116932E-14
5680.4580233043  1.127490E-14
5681.53691996503  1.072662E-14
5682.61581662576  1.029335E-14
5683.69471328649  1.062869E-14
5684.77360994722  1.034704E-14
5685.85250660795  1.066592E-14
5686.93140326868  1.074904E-14
5688.01029992941  1.022392E-14
5689.08919659014  9.881319E-15
5690.16809325087  1.038292E-14
5691.2469899116  1.111851E-14
5692.32588657233  1.097278E-14
5693.40478323306  1.095873E-14
5694.48367989379  1.128088E-14
5695.56257655452  1.115383E-14
5696.64147321525  1.100442E-14
5697.72036987598  1.128572E-14
5698.79926653671  1.096525E-14
5699.87816319744  1.060723E-14
5700.95705985817  1.092264E-14
5702.0359565189  1.059617E-14
5703.11485317963  1.056199E-14
5704.19374984036  1.093602E-14
5705.27264650109  1.099590E-14
5706.35154316182  1.056688E-14
5707.43043982254  1.044228E-14
5708.50933648328  1.063674E-14
5709.58823314401  1.051335E-14
5710.66712980474  1.002327E-14
5711.74602646547  9.855439E-15
5712.8249231262  1.055057E-14
5713.90381978693  1.107548E-14
5714.98271644766  1.092935E-14
5716.06161310839  1.124362E-14
5717.14050976911  1.161285E-14
5718.21940642985  1.177549E-14
5719.29830309058  1.164974E-14
5720.3771997513  1.163860E-14
5721.45609641204  1.225671E-14
5722.53499307277  1.174712E-14
5723.61388973349  1.163217E-14
5724.69278639423  1.147724E-14
5725.77168305496  1.124211E-14
5726.85057971569  1.137387E-14
5727.92947637642  1.150730E-14
5729.00837303714  1.128831E-14
5730.08726969787  1.159303E-14
5731.16616635861  1.175324E-14
5732.24506301934  1.142945E-14
5733.32395968007  1.151617E-14
5734.4028563408  1.185959E-14
5735.48175300153  1.171976E-14
5736.56064966226  1.200250E-14
5737.63954632299  1.217642E-14
5738.71844298372  1.181950E-14
5739.79733964445  1.153960E-14
5740.87623630518  1.158544E-14
5741.95513296591  1.162286E-14
5743.03402962664  1.120036E-14
5744.11292628737  1.165129E-14
5745.1918229481  1.216981E-14
5746.27071960883  1.199730E-14
5747.34961626956  1.152591E-14
5748.42851293029  1.166752E-14
5749.50740959102  1.177674E-14
5750.58630625175  1.164533E-14
5751.66520291248  1.140231E-14
5752.74409957321  1.090353E-14
5753.82299623394  1.078218E-14
5754.90189289467  1.115236E-14
5755.9807895554  1.181657E-14
5757.05968621613  1.197622E-14
5758.13858287686  1.199320E-14
5759.21747953759  1.197754E-14
5760.29637619832  1.165925E-14
5761.37527285905  1.150059E-14
5762.45416951978  1.111529E-14
5763.53306618051  1.145146E-14
5764.61196284124  1.218237E-14
5765.69085950197  1.203822E-14
5766.7697561627  1.209220E-14
5767.84865282342  1.208874E-14
5768.92754948416  1.226003E-14
5770.00644614489  1.234883E-14
5771.08534280562  1.186511E-14
5772.16423946634  1.196294E-14
5773.24313612708  1.217266E-14
5774.32203278781  1.175067E-14
5775.40092944854  1.180391E-14
5776.47982610926  1.185497E-14
5777.55872277  1.181391E-14
5778.63761943073  1.184749E-14
5779.71651609146  1.161276E-14
5780.79541275219  1.105763E-14
5781.87430941292  1.078923E-14
5782.95320607365  1.083963E-14
5784.03210273437  1.132522E-14
5785.1109993951  1.156360E-14
5786.18989605584  1.135657E-14
5787.26879271657  1.165833E-14
5788.3476893773  1.209977E-14
5789.42658603803  1.184247E-14
5790.50548269876  1.182575E-14
5791.58437935949  1.210586E-14
5792.66327602022  1.150460E-14
5793.74217268095  1.197426E-14
5794.82106934168  1.205947E-14
5795.89996600241  1.231417E-14
5796.97886266314  1.141762E-14
5798.05775932387  1.147882E-14
5799.1366559846  1.199920E-14
5800.21555264533  1.213305E-14
5801.29444930605  1.256904E-14
5802.37334596679  1.273820E-14
5803.45224262752  1.249462E-14
5804.53113928825  1.214872E-14
5805.61003594898  1.191321E-14
5806.68893260971  1.199704E-14
5807.76782927044  1.203478E-14
5808.84672593117  1.211216E-14
5809.9256225919  1.214565E-14
5811.00451925263  1.251265E-14
5812.08341591336  1.220742E-14
5813.16231257409  1.247685E-14
5814.24120923482  1.248124E-14
5815.32010589555  1.213010E-14
5816.39900255628  1.220002E-14
5817.47789921701  1.231796E-14
5818.55679587774  1.238509E-14
5819.63569253847  1.260311E-14
5820.71458919919  1.258259E-14
5821.79348585993  1.251817E-14
5822.87238252066  1.250010E-14
5823.95127918139  1.255609E-14
5825.03017584212  1.256764E-14
5826.10907250285  1.283331E-14
5827.18796916358  1.319010E-14
5828.26686582431  1.297427E-14
5829.34576248504  1.242001E-14
5830.42465914576  1.268946E-14
5831.5035558065  1.300804E-14
5832.58245246723  1.270713E-14
5833.66134912796  1.257654E-14
5834.74024578869  1.293940E-14
5835.81914244942  1.311511E-14
5836.89803911014  1.279830E-14
5837.97693577088  1.263447E-14
5839.05583243161  1.258429E-14
5840.13472909234  1.268835E-14
5841.21362575307  1.278146E-14
5842.2925224138  1.286320E-14
5843.37141907453  1.288574E-14
5844.45031573526  1.286341E-14
5845.52921239599  1.282544E-14
5846.60810905672  1.264331E-14
5847.68700571745  1.269756E-14
5848.76590237818  1.287602E-14
5849.84479903891  1.225085E-14
5850.92369569964  1.226033E-14
5852.00259236037  1.222766E-14
5853.0814890211  1.205069E-14
5854.16038568183  1.167636E-14
5855.23928234256  1.130191E-14
5856.31817900329  1.156896E-14
5857.39707566402  1.182322E-14
5858.47597232475  1.183315E-14
5859.55486898548  1.197315E-14
5860.63376564621  1.192296E-14
5861.71266230694  1.206906E-14
5862.79155896767  1.237266E-14
5863.8704556284  1.256380E-14
5864.94935228913  1.257298E-14
5866.02824894986  1.240064E-14
5867.10714561059  1.277452E-14
5868.18604227132  1.352875E-14
5869.26493893204  1.292027E-14
5870.34383559278  1.302499E-14
5871.42273225351  1.322947E-14
5872.50162891424  1.281047E-14
5873.58052557497  1.231188E-14
5874.6594222357  1.243453E-14
5875.73831889643  1.205392E-14
5876.81721555716  1.164600E-14
5877.89611221788  1.203323E-14
5878.97500887862  1.247503E-14
5880.05390553935  1.252623E-14
5881.13280220008  1.262639E-14
5882.2116988608  1.260021E-14
5883.29059552154  1.221892E-14
5884.36949218227  1.271821E-14
5885.44838884299  1.259872E-14
5886.52728550373  1.231979E-14
5887.60618216446  1.129077E-14
5888.68507882519  8.857405E-15
5889.76397548592  6.772782E-15
5890.84287214664  6.687589E-15
5891.92176880738  8.775768E-15
5893.00066546811  1.008691E-14
5894.07956212884  9.676971E-15
5895.15845878957  7.929846E-15
5896.2373554503  7.402429E-15
5897.31625211103  8.340694E-15
5898.39514877176  1.024386E-14
5899.47404543249  1.140645E-14
5900.55294209322  1.174267E-14
5901.63183875395  1.221598E-14
5902.71073541468  1.286112E-14
5903.78963207541  1.238365E-14
5904.86852873614  1.276937E-14
5905.94742539687  1.284255E-14
5907.0263220576  1.234522E-14
5908.10521871833  1.235994E-14
5909.18411537906  1.235905E-14
5910.26301203979  1.261112E-14
5911.34190870052  1.292081E-14
5912.42080536125  1.284136E-14
5913.49970202198  1.253677E-14
5914.57859868271  1.229495E-14
5915.65749534344  1.237247E-14
5916.73639200417  1.234081E-14
5917.8152886649  1.241859E-14
5918.89418532563  1.257385E-14
5919.97308198636  1.231574E-14
5921.05197864709  1.240298E-14
5922.13087530782  1.263219E-14
5923.20977196855  1.259870E-14
5924.28866862928  1.242344E-14
5925.36756529001  1.246293E-14
5926.44646195074  1.257433E-14
5927.52535861147  1.250730E-14
5928.6042552722  1.273013E-14
5929.68315193293  1.263013E-14
5930.76204859366  1.273434E-14
5931.84094525439  1.276690E-14
5932.91984191512  1.269948E-14
5933.99873857585  1.252412E-14
5935.07763523658  1.286515E-14
5936.15653189731  1.332036E-14
5937.23542855804  1.347551E-14
5938.31432521877  1.358960E-14
5939.3932218795  1.353163E-14
5940.47211854023  1.328062E-14
5941.55101520096  1.261218E-14
5942.62991186169  1.205705E-14
5943.70880852241  1.263192E-14
5944.78770518315  1.277504E-14
5945.86660184387  1.289790E-14
5946.94549850461  1.317743E-14
5948.02439516534  1.269948E-14
5949.10329182607  1.270916E-14
5950.1821884868  1.319488E-14
5951.26108514753  1.273417E-14
5952.33998180826  1.233241E-14
5953.41887846899  1.277698E-14
5954.49777512972  1.301557E-14
5955.57667179045  1.288283E-14
5956.65556845118  1.293558E-14
5957.73446511191  1.273859E-14
5958.81336177264  1.291101E-14
5959.89225843337  1.324479E-14
5960.9711550941  1.321543E-14
5962.05005175483  1.324908E-14
5963.12894841556  1.341464E-14
5964.20784507629  1.336099E-14
5965.28674173702  1.370941E-14
5966.36563839775  1.320515E-14
5967.44453505848  1.314262E-14
5968.52343171921  1.298498E-14
5969.60232837994  1.339151E-14
5970.68122504067  1.374754E-14
5971.7601217014  1.341040E-14
5972.83901836213  1.347762E-14
5973.91791502286  1.363014E-14
5974.99681168359  1.392662E-14
5976.07570834432  1.294072E-14
5977.15460500505  1.241571E-14
5978.23350166578  1.301484E-14
5979.31239832651  1.349329E-14
5980.39129498724  1.403334E-14
5981.47019164797  1.370676E-14
5982.5490883087  1.321409E-14
5983.62798496943  1.360743E-14
5984.70688163016  1.319601E-14
5985.78577829089  1.261551E-14
5986.86467495162  1.280781E-14
5987.94357161235  1.312435E-14
5989.02246827308  1.325396E-14
5990.10136493381  1.345573E-14
5991.18026159453  1.379015E-14
5992.25915825527  1.342470E-14
5993.338054916  1.376627E-14
5994.41695157673  1.414171E-14
5995.49584823746  1.407313E-14
5996.57474489819  1.370346E-14
5997.65364155892  1.338718E-14
5998.73253821965  1.414589E-14
5999.81143488038  1.421416E-14
6000.89033154111  1.351900E-14
6001.96922820184  1.347672E-14
6003.04812486257  1.352954E-14
6004.1270215233  1.377141E-14
6005.20591818403  1.346178E-14
6006.28481484476  1.372107E-14
6007.36371150549  1.362244E-14
6008.44260816622  1.307596E-14
6009.52150482695  1.341737E-14
6010.60040148768  1.368051E-14
6011.67929814841  1.345494E-14
6012.75819480914  1.353132E-14
6013.83709146987  1.348448E-14
6014.9159881306  1.352713E-14
6015.99488479133  1.369994E-14
6017.07378145206  1.335200E-14
6018.15267811279  1.370549E-14
6019.23157477352  1.391086E-14
6020.31047143425  1.360574E-14
6021.38936809498  1.343683E-14
6022.46826475571  1.353676E-14
6023.54716141644  1.332977E-14
6024.62605807717  1.334905E-14
6025.7049547379  1.349470E-14
6026.78385139863  1.390525E-14
6027.86274805936  1.410049E-14
6028.94164472009  1.416357E-14
6030.02054138082  1.426972E-14
6031.09943804155  1.419231E-14
6032.17833470228  1.438578E-14
6033.25723136301  1.408830E-14
6034.33612802374  1.436061E-14
6035.41502468447  1.453683E-14
6036.4939213452  1.437782E-14
6037.57281800593  1.433724E-14
6038.65171466665  1.431590E-14
6039.73061132739  1.368669E-14
6040.80950798812  1.432404E-14
6041.88840464885  1.423404E-14
6042.96730130958  1.422102E-14
6044.04619797031  1.407578E-14
6045.12509463104  1.428856E-14
6046.20399129177  1.433391E-14
6047.2828879525  1.463630E-14
6048.36178461323  1.471065E-14
6049.44068127396  1.498844E-14
6050.51957793469  1.433685E-14
6051.59847459542  1.408945E-14
6052.67737125615  1.420983E-14
6053.75626791688  1.437592E-14
6054.83516457761  1.455760E-14
6055.91406123833  1.423592E-14
6056.99295789907  1.395184E-14
6058.0718545598  1.431786E-14
6059.15075122053  1.477338E-14
6060.22964788126  1.421114E-14
6061.30854454199  1.473132E-14
6062.38744120272  1.449396E-14
6063.46633786345  1.432705E-14
6064.54523452418  1.383524E-14
6065.62413118491  1.387725E-14
6066.70302784564  1.404072E-14
6067.78192450637  1.429811E-14
6068.8608211671  1.470474E-14
6069.93971782783  1.440448E-14
6071.01861448856  1.475397E-14
6072.09751114929  1.461555E-14
6073.17640781002  1.454596E-14
6074.25530447075  1.443691E-14
6075.33420113148  1.506044E-14
6076.41309779221  1.512519E-14
6077.49199445294  1.431098E-14
6078.57089111367  1.388960E-14
6079.6497877744  1.408613E-14
6080.72868443513  1.428225E-14
6081.80758109586  1.397925E-14
6082.88647775659  1.430933E-14
6083.96537441732  1.393375E-14
6085.04427107805  1.395819E-14
6086.12316773878  1.404612E-14
6087.20206439951  1.433533E-14
6088.28096106024  1.448643E-14
6089.35985772097  1.397670E-14
6090.4387543817  1.430409E-14
6091.51765104243  1.425802E-14
6092.59654770316  1.447169E-14
6093.67544436389  1.432599E-14
6094.75434102462  1.463170E-14
6095.83323768535  1.455140E-14
6096.91213434608  1.412719E-14
6097.99103100681  1.479503E-14
6099.06992766754  1.488311E-14
6100.14882432827  1.452148E-14
6101.227720989  1.407851E-14
6102.30661764973  1.351894E-14
6103.38551431046  1.337449E-14
6104.46441097119  1.355310E-14
6105.54330763192  1.433962E-14
6106.62220429265  1.459371E-14
6107.70110095338  1.425954E-14
6108.77999761411  1.429007E-14
6109.85889427484  1.467211E-14
6110.93779093557  1.506324E-14
6112.0166875963  1.487635E-14
6113.09558425703  1.460930E-14
6114.17448091776  1.430824E-14
6115.25337757849  1.463396E-14
6116.33227423922  1.523159E-14
6117.41117089995  1.505520E-14
6118.49006756068  1.497894E-14
6119.56896422141  1.462016E-14
6120.64786088214  1.421310E-14
6121.72675754287  1.395597E-14
6122.8056542036  1.338150E-14
6123.88455086433  1.376171E-14
6124.96344752506  1.456613E-14
6126.04234418579  1.442346E-14
6127.12124084652  1.415534E-14
6128.20013750725  1.443529E-14
6129.27903416798  1.460763E-14
6130.35793082871  1.473657E-14
6131.43682748944  1.488022E-14
6132.51572415017  1.490530E-14
6133.5946208109  1.547902E-14
6134.67351747163  1.488990E-14
6135.75241413236  1.345373E-14
6136.83131079309  1.349206E-14
6137.91020745382  1.364520E-14
6138.98910411455  1.355095E-14
6140.06800077527  1.331584E-14
6141.14689743601  1.295816E-14
6142.22579409674  1.249504E-14
6143.30469075747  1.328252E-14
6144.3835874182  1.431631E-14
6145.46248407893  1.443772E-14
6146.54138073966  1.463531E-14
6147.62027740039  1.437125E-14
6148.69917406112  1.373097E-14
6149.77807072185  1.414201E-14
6150.85696738258  1.489485E-14
6151.93586404331  1.468213E-14
6153.01476070403  1.449935E-14
6154.09365736477  1.441925E-14
6155.1725540255  1.436748E-14
6156.25145068623  1.485979E-14
6157.33034734696  1.458613E-14
6158.40924400769  1.423446E-14
6159.48814066842  1.434236E-14
6160.56703732915  1.415687E-14
6161.64593398988  1.320565E-14
6162.72483065061  1.306109E-14
6163.80372731134  1.302084E-14
6164.88262397207  1.414221E-14
6165.9615206328  1.417699E-14
6167.04041729353  1.446143E-14
6168.11931395426  1.446151E-14
6169.19821061499  1.367874E-14
6170.27710727572  1.366286E-14
6171.35600393645  1.484049E-14
6172.43490059718  1.446665E-14
6173.51379725791  1.417863E-14
6174.59269391864  1.497389E-14
6175.67159057937  1.479199E-14
6176.7504872401  1.441978E-14
6177.82938390083  1.457506E-14
6178.90828056156  1.515975E-14
6179.98717722229  1.478098E-14
6181.06607388302  1.452846E-14
6182.14497054375  1.465613E-14
6183.22386720448  1.513467E-14
6184.30276386521  1.517224E-14
6185.38166052594  1.507037E-14
6186.46055718667  1.456847E-14
6187.5394538474  1.441136E-14
6188.61835050813  1.508441E-14
6189.69724716886  1.428653E-14
6190.77614382959  1.413774E-14
6191.85504049032  1.385989E-14
6192.93393715105  1.397270E-14
6194.01283381178  1.502932E-14
6195.09173047251  1.514376E-14
6196.17062713324  1.491231E-14
6197.24952379397  1.502797E-14
6198.3284204547  1.467826E-14
6199.40731711543  1.530343E-14
6200.48621377616  1.515003E-14
6201.56511043689  1.526183E-14
6202.64400709762  1.539295E-14
6203.72290375835  1.503197E-14
6204.80180041908  1.505173E-14
6205.88069707981  1.589471E-14
6206.95959374054  1.540477E-14
6208.03849040127  1.491089E-14
6209.117387062  1.522296E-14
6210.19628372273  1.496055E-14
6211.27518038346  1.494284E-14
6212.35407704419  1.528579E-14
6213.43297370492  1.510547E-14
6214.51187036565  1.504010E-14
6215.59076702638  1.458515E-14
6216.6696636871  1.488853E-14
6217.74856034784  1.456224E-14
6218.82745700857  1.466726E-14
6219.9063536693  1.538304E-14
6220.98525033003  1.480949E-14
6222.06414699076  1.503312E-14
6223.14304365149  1.499447E-14
6224.22194031222  1.414304E-14
6225.30083697295  1.467066E-14
6226.37973363368  1.552345E-14
6227.45863029441  1.518147E-14
6228.53752695514  1.492510E-14
6229.61642361587  1.403503E-14
6230.6953202766  1.364205E-14
6231.77421693733  1.426650E-14
6232.85311359806  1.462630E-14
6233.93201025879  1.498563E-14
6235.01090691952  1.541545E-14
6236.08980358025  1.557226E-14
6237.16870024098  1.503056E-14
6238.24759690171  1.502721E-14
6239.32649356244  1.397743E-14
6240.40539022317  1.448030E-14
6241.4842868839  1.506086E-14
6242.56318354463  1.478243E-14
6243.64208020536  1.487180E-14
6244.72097686609  1.473613E-14
6245.79987352682  1.460190E-14
6246.87877018755  1.421074E-14
6247.95766684828  1.436356E-14
6249.03656350901  1.432036E-14
6250.11546016974  1.453003E-14
6251.19435683047  1.499184E-14
6252.2732534912  1.432627E-14
6253.35215015192  1.407656E-14
6254.43104681266  1.457137E-14
6255.50994347339  1.454790E-14
6256.58884013412  1.428696E-14
6257.66773679485  1.401469E-14
6258.74663345558  1.414779E-14
6259.82553011631  1.460474E-14
6260.90442677704  1.501763E-14
6261.98332343777  1.531917E-14
6263.0622200985  1.537516E-14
6264.14111675923  1.515373E-14
6265.22001341996  1.550878E-14
6266.29891008069  1.606428E-14
6267.37780674142  1.598559E-14
6268.45670340215  1.559826E-14
6269.53560006288  1.522611E-14
6270.61449672361  1.553754E-14
6271.69339338434  1.534004E-14
6272.77229004507  1.527886E-14
6273.8511867058  1.602183E-14
6274.93008336653  1.628365E-14
6276.00898002726  1.564944E-14
6277.08787668799  1.476949E-14
6278.16677334872  1.436603E-14
6279.24567000945  1.411230E-14
6280.32456667018  1.408641E-14
6281.40346333091  1.403897E-14
6282.48235999164  1.436132E-14
6283.56125665237  1.493724E-14
6284.6401533131  1.505424E-14
6285.71904997383  1.513446E-14
6286.79794663456  1.517244E-14
6287.87684329529  1.546805E-14
6288.95573995602  1.571864E-14
6290.03463661675  1.544591E-14
6291.11353327748  1.554473E-14
6292.19242993821  1.529378E-14
6293.27132659894  1.539280E-14
6294.35022325967  1.553270E-14
6295.4291199204  1.557262E-14
6296.50801658113  1.532126E-14
6297.58691324186  1.516544E-14
6298.66580990259  1.470112E-14
6299.74470656332  1.479832E-14
6300.82360322405  1.474817E-14
6301.90249988478  1.451553E-14
6302.98139654551  1.438812E-14
6304.06029320624  1.428913E-14
6305.13918986697  1.469406E-14
6306.2180865277  1.545707E-14
6307.29698318843  1.527711E-14
6308.37587984916  1.554890E-14
6309.45477650989  1.598140E-14
6310.53367317062  1.578859E-14
6311.61256983135  1.501763E-14
6312.69146649208  1.556219E-14
6313.77036315281  1.576460E-14
6314.84925981354  1.532559E-14
6315.92815647427  1.536743E-14
6317.007053135  1.497272E-14
6318.08594979573  1.489111E-14
6319.16484645646  1.521837E-14
6320.24374311719  1.491925E-14
6321.32263977792  1.494068E-14
6322.40153643865  1.536341E-14
6323.48043309938  1.528899E-14
6324.55932976011  1.577229E-14
6325.63822642084  1.583664E-14
6326.71712308157  1.573044E-14
6327.7960197423  1.588974E-14
6328.87491640303  1.595543E-14
6329.95381306376  1.563684E-14
6331.03270972449  1.524407E-14
6332.11160638522  1.611236E-14
6333.19050304595  1.640017E-14
6334.26939970668  1.551349E-14
6335.34829636741  1.551050E-14
6336.42719302814  1.468837E-14
6337.50608968887  1.465185E-14
6338.5849863496  1.578776E-14
6339.66388301033  1.566213E-14
6340.74277967106  1.607370E-14
6341.82167633179  1.620896E-14
6342.90057299252  1.588809E-14
6343.97946965325  1.589190E-14
6345.05836631398  1.601925E-14
6346.13726297471  1.534932E-14
6347.21615963544  1.559860E-14
6348.29505629617  1.556709E-14
6349.3739529569  1.597708E-14
6350.45284961763  1.624176E-14
6351.53174627836  1.625791E-14
6352.61064293909  1.661689E-14
6353.68953959982  1.572838E-14
6354.76843626055  1.612945E-14
6355.84733292128  1.595149E-14
6356.92622958201  1.559866E-14
6358.00512624274  1.521457E-14
6359.08402290347  1.512941E-14
6360.1629195642  1.538224E-14
6361.24181622493  1.482637E-14
6362.32071288566  1.571972E-14
6363.39960954639  1.599876E-14
6364.47850620712  1.547541E-14
6365.55740286785  1.568181E-14
6366.63629952858  1.572718E-14
6367.71519618931  1.582152E-14
6368.79409285004  1.587613E-14
6369.87298951077  1.515789E-14
6370.9518861715  1.509937E-14
6372.03078283223  1.589141E-14
6373.10967949296  1.589553E-14
6374.18857615369  1.562497E-14
6375.26747281442  1.609585E-14
6376.34636947515  1.587566E-14
6377.42526613588  1.593648E-14
6378.50416279661  1.647923E-14
6379.58305945734  1.628672E-14
6380.66195611807  1.581989E-14
6381.7408527788  1.611460E-14
6382.81974943953  1.628532E-14
6383.89864610026  1.645966E-14
6384.97754276099  1.558910E-14
6386.05643942172  1.639612E-14
6387.13533608245  1.658252E-14
6388.21423274318  1.604493E-14
6389.29312940391  1.654620E-14
6390.37202606464  1.660616E-14
6391.45092272537  1.608308E-14
6392.5298193861  1.602428E-14
6393.60871604683  1.567290E-14
6394.68761270756  1.557531E-14
6395.76650936829  1.613143E-14
6396.84540602902  1.674446E-14
6397.92430268975  1.638511E-14
6399.00319935048  1.537568E-14
6400.08209601121  1.527392E-14
6401.16099267194  1.641941E-14
6402.23988933267  1.638505E-14
6403.3187859934  1.606832E-14
6404.39768265413  1.611173E-14
6405.47657931486  1.627728E-14
6406.55547597559  1.611635E-14
6407.63437263632  1.581490E-14
6408.71326929705  1.540943E-14
6409.79216595778  1.537572E-14
6410.87106261851  1.554247E-14
6411.94995927924  1.552827E-14
6413.02885593997  1.515516E-14
6414.1077526007  1.603071E-14
6415.18664926143  1.596644E-14
6416.26554592216  1.582718E-14
6417.34444258289  1.562262E-14
6418.42333924362  1.581240E-14
6419.50223590435  1.637280E-14
6420.58113256508  1.544127E-14
6421.66002922581  1.565022E-14
6422.73892588654  1.557019E-14
6423.81782254727  1.604170E-14
6424.896719208  1.587342E-14
6425.97561586873  1.688530E-14
6427.05451252945  1.628195E-14
6428.13340919019  1.608126E-14
6429.21230585092  1.564656E-14
6430.29120251165  1.590421E-14
6431.37009917238  1.585646E-14
6432.44899583311  1.601590E-14
6433.52789249384  1.648110E-14
6434.60678915457  1.559212E-14
6435.6856858153  1.611339E-14
6436.76458247603  1.649283E-14
6437.84347913676  1.587516E-14
6438.92237579749  1.490824E-14
6440.00127245822  1.557352E-14
6441.08016911895  1.544271E-14
6442.15906577968  1.652473E-14
6443.23796244041  1.642421E-14
6444.31685910114  1.586717E-14
6445.39575576187  1.645295E-14
6446.4746524226  1.680875E-14
6447.55354908333  1.682569E-14
6448.63244574406  1.506368E-14
6449.71134240479  1.496904E-14
6450.79023906552  1.565598E-14
6451.86913572625  1.603779E-14
6452.94803238698  1.644371E-14
6454.02692904771  1.538401E-14
6455.10582570844  1.553572E-14
6456.18472236917  1.482000E-14
6457.2636190299  1.506553E-14
6458.34251569063  1.540933E-14
6459.42141235136  1.563424E-14
6460.50030901209  1.618903E-14
6461.57920567282  1.534263E-14
6462.65810233355  1.507588E-14
6463.73699899428  1.533711E-14
6464.81589565501  1.573807E-14
6465.89479231574  1.567791E-14
6466.97368897647  1.661520E-14
6468.0525856372  1.633114E-14
6469.13148229793  1.628011E-14
6470.21037895866  1.603178E-14
6471.28927561939  1.639206E-14
6472.36817228012  1.639069E-14
6473.44706894085  1.596890E-14
6474.52596560158  1.557662E-14
6475.60486226231  1.594924E-14
6476.68375892304  1.615558E-14
6477.76265558377  1.583679E-14
6478.8415522445  1.640092E-14
6479.92044890523  1.647147E-14
6480.99934556596  1.642024E-14
6482.07824222669  1.634249E-14
6483.15713888742  1.590512E-14
6484.23603554815  1.541593E-14
6485.31493220888  1.561643E-14
6486.39382886961  1.588507E-14
6487.47272553034  1.544126E-14
6488.55162219107  1.545407E-14
6489.6305188518  1.580566E-14
6490.70941551253  1.514066E-14
6491.78831217326  1.468418E-14
6492.86720883399  1.398817E-14
6493.94610549472  1.386386E-14
6495.02500215545  1.321059E-14
6496.10389881618  1.154222E-14
6497.18279547691  1.129450E-14
6498.26169213764  1.357201E-14
6499.34058879837  1.422689E-14
6500.4194854591  1.489033E-14
6501.49838211983  1.606493E-14
6502.57727878056  1.599413E-14
6503.65617544129  1.617298E-14
6504.73507210202  1.665583E-14
6505.81396876275  1.647658E-14
6506.89286542348  1.639460E-14
6507.97176208421  1.638549E-14
6509.05065874494  1.617189E-14
6510.12955540567  1.667379E-14
6511.2084520664  1.696388E-14
6512.28734872713  1.735934E-14
6513.36624538786  1.681745E-14
6514.44514204859  1.598490E-14
6515.52403870932  1.572390E-14
6516.60293537005  1.545146E-14
6517.68183203078  1.461663E-14
6518.76072869151  1.478883E-14
6519.83962535224  1.598168E-14
6520.91852201297  1.614851E-14
6521.9974186737  1.666565E-14
6523.07631533443  1.652043E-14
6524.15521199516  1.606654E-14
6525.23410865589  1.558749E-14
6526.31300531662  1.624678E-14
6527.39190197735  1.648246E-14
6528.47079863808  1.641720E-14
6529.54969529881  1.693063E-14
6530.62859195954  1.641509E-14
6531.70748862027  1.592697E-14
6532.786385281  1.618066E-14
6533.86528194173  1.674326E-14
6534.94417860246  1.529971E-14
6536.02307526319  1.571804E-14
6537.10197192392  1.560075E-14
6538.18086858465  1.653376E-14
6539.25976524538  1.658585E-14
6540.33866190611  1.567533E-14
6541.41755856684  1.616214E-14
6542.49645522757  1.620178E-14
6543.5753518883  1.642456E-14
6544.65424854903  1.548754E-14
6545.73314520976  1.584997E-14
6546.81204187049  1.538850E-14
6547.89093853122  1.582463E-14
6548.96983519195  1.559252E-14
6550.04873185268  1.631476E-14
6551.12762851341  1.527956E-14
6552.20652517414  1.635895E-14
6553.28542183487  1.665315E-14
6554.3643184956  1.522657E-14
6555.44321515633  1.654118E-14
6556.52211181706  1.647165E-14
6557.60100847779  1.698589E-14
6558.67990513852  1.721225E-14
6559.75880179925  1.859301E-14
6560.83769845998  1.719166E-14
6561.91659512071  1.390345E-14
6562.99549178144  1.177547E-14
6564.07438844217  1.428595E-14
6565.1532851029  1.736105E-14
6566.23218176363  1.733632E-14
6567.31107842436  1.727089E-14
6568.38997508509  1.703121E-14
6569.46887174582  1.757949E-14
6570.54776840655  1.632504E-14
6571.62666506728  1.584753E-14
6572.70556172801  1.552677E-14
6573.78445838874  1.526138E-14
6574.86335504947  1.602759E-14
6575.9422517102  1.560642E-14
6577.02114837093  1.616648E-14
6578.10004503166  1.667282E-14
6579.17894169239  1.675846E-14
6580.25783835312  1.655970E-14
6581.33673501385  1.571941E-14
6582.41563167458  1.643844E-14
6583.49452833531  1.676113E-14
6584.57342499604  1.569903E-14
6585.65232165677  1.605824E-14
6586.7312183175  1.653971E-14
6587.81011497823  1.630395E-14
6588.88901163895  1.651443E-14
6589.96790829969  1.600004E-14
6591.04680496042  1.614168E-14
6592.12570162115  1.620239E-14
6593.20459828188  1.529914E-14
6594.28349494261  1.488510E-14
6595.36239160334  1.597502E-14
6596.44128826407  1.627396E-14
6597.52018492479  1.657495E-14
6598.59908158553  1.620908E-14
6599.67797824626  1.675471E-14
6600.75687490699  1.702055E-14
6601.83577156772  1.688761E-14
6602.91466822845  1.634010E-14
6603.99356488918  1.630743E-14
6605.07246154991  1.655269E-14
6606.15135821064  1.637708E-14
6607.23025487137  1.635093E-14
6608.3091515321  1.641240E-14
6609.38804819283  1.587604E-14
6610.46694485356  1.644502E-14
6611.54584151429  1.686013E-14
6612.62473817502  1.649716E-14
6613.70363483575  1.579053E-14
6614.78253149648  1.553869E-14
6615.86142815721  1.611477E-14
6616.94032481794  1.664647E-14
6618.01922147867  1.687090E-14
6619.0981181394  1.743584E-14
6620.17701480013  1.690584E-14
6621.25591146086  1.605629E-14
6622.33480812159  1.655412E-14
6623.41370478232  1.732645E-14
6624.49260144305  1.676654E-14
6625.57149810378  1.676351E-14
6626.65039476451  1.668546E-14
6627.72929142524  1.659187E-14
6628.80818808597  1.634076E-14
6629.8870847467  1.646102E-14
6630.96598140743  1.699083E-14
6632.04487806816  1.607802E-14
6633.12377472889  1.587107E-14
6634.20267138962  1.527359E-14
6635.28156805035  1.578596E-14
6636.36046471108  1.607998E-14
6637.43936137181  1.649028E-14
6638.51825803254  1.661388E-14
6639.59715469327  1.612958E-14
6640.676051354  1.689938E-14
6641.75494801473  1.632106E-14
6642.83384467546  1.616240E-14
6643.91274133619  1.566566E-14
6644.99163799692  1.558344E-14
6646.07053465765  1.555891E-14
6647.14943131838  1.652592E-14
6648.22832797911  1.656626E-14
6649.30722463984  1.607789E-14
6650.38612130057  1.638584E-14
6651.4650179613  1.655806E-14
6652.54391462203  1.552624E-14
6653.62281128276  1.550613E-14
6654.70170794349  1.576356E-14
6655.78060460422  1.596834E-14
6656.85950126495  1.606022E-14
6657.93839792568  1.622306E-14
6659.01729458641  1.584327E-14
6660.09619124714  1.600143E-14
6661.17508790787  1.600315E-14
6662.2539845686  1.537203E-14
6663.33288122933  1.523911E-14
6664.41177789006  1.548784E-14
6665.49067455079  1.530789E-14
6666.56957121152  1.514134E-14
6667.64846787225  1.493369E-14
6668.72736453298  1.519251E-14
6669.80626119371  1.624048E-14
6670.88515785444  1.633015E-14
6671.96405451517  1.620186E-14
6673.0429511759  1.591742E-14
6674.12184783663  1.503685E-14
6675.20074449736  1.545132E-14
6676.27964115809  1.577727E-14
6677.35853781882  1.568336E-14
6678.43743447955  1.574306E-14
6679.51633114028  1.512756E-14
6680.59522780101  1.377922E-14
6681.67412446174  1.485582E-14
6682.75302112247  1.600444E-14
6683.8319177832  1.542911E-14
6684.91081444393  1.456921E-14
6685.98971110466  1.525302E-14
6687.06860776539  1.564802E-14
6688.14750442612  1.552914E-14
6689.22640108685  1.493469E-14
6690.30529774758  1.515654E-14
6691.38419440831  1.583663E-14
6692.46309106904  1.564734E-14
6693.54198772977  1.636257E-14
6694.6208843905  1.590279E-14
6695.69978105123  1.538158E-14
6696.77867771196  1.479979E-14
6697.85757437269  1.473894E-14
6698.93647103342  1.572057E-14
6700.01536769415  1.505203E-14
6701.09426435488  1.447898E-14
6702.17316101561  1.516649E-14
6703.25205767634  1.488505E-14
6704.33095433707  1.503201E-14
6705.4098509978  1.535486E-14
6706.48874765853  1.430722E-14
6707.56764431926  1.364873E-14
6708.64654097999  1.437123E-14
6709.72543764072  1.269684E-14
6710.80433430145  1.459282E-14
6711.88323096218  1.460152E-14
6712.96212762291  1.461669E-14
6714.04102428364  1.542204E-14
6715.11992094437  1.484516E-14
6716.1988176051  1.385925E-14
6717.27771426583  1.312325E-14
6718.35661092656  1.408970E-14
6719.43550758729  1.416894E-14
6720.51440424802  1.444708E-14
6721.59330090875  1.455132E-14
6722.67219756948  1.492078E-14
6723.75109423021  1.473161E-14
6724.82999089094  1.396505E-14
6725.90888755167  1.446007E-14
6726.9877842124  1.403088E-14
6728.06668087313  1.363241E-14
6729.14557753386  1.477893E-14
6730.22447419459  1.485936E-14
6731.30337085532  1.507555E-14
6732.38226751605  1.502828E-14
6733.46116417678  1.452475E-14
6734.54006083751  1.371458E-14
6735.61895749824  1.451903E-14
6736.69785415897  1.485968E-14
6737.7767508197  1.381430E-14
6738.85564748043  1.398281E-14
6739.93454414116  1.378280E-14
6741.01344080189  1.419642E-14
6742.09233746262  1.365364E-14
6743.17123412335  1.437748E-14
6744.25013078408  1.369213E-14
6745.32902744481  1.463682E-14
6746.40792410554  1.458899E-14
6747.48682076627  1.390418E-14
6748.565717427  1.403048E-14
6749.64461408773  1.376615E-14
6750.72351074846  1.365730E-14
6751.80240740919  1.347499E-14
6752.88130406992  1.397956E-14
6753.96020073065  1.324220E-14
6755.03909739138  1.348378E-14
6756.11799405211  1.466255E-14
6757.19689071284  1.451526E-14
6758.27578737357  1.420248E-14
6759.3546840343  1.440375E-14
6760.43358069503  1.454953E-14
6761.51247735576  1.399720E-14
6762.59137401649  1.317756E-14
6763.67027067722  1.385267E-14
6764.74916733795  1.355140E-14
6765.82806399868  1.407026E-14
6766.90696065941  1.425736E-14
6767.98585732014  1.321645E-14
6769.06475398087  1.292597E-14
6770.1436506416  1.364400E-14
6771.22254730233  1.349475E-14
6772.30144396306  1.331406E-14
6773.38034062379  1.304289E-14
6774.45923728452  1.304640E-14
6775.53813394525  1.280571E-14
6776.61703060598  1.356794E-14
6777.69592726671  1.338444E-14
6778.77482392744  1.258784E-14
6779.85372058817  1.287900E-14
6780.9326172489  1.344149E-14
6782.01151390963  1.336704E-14
6783.09041057036  1.252610E-14
6784.16930723109  1.267311E-14
6785.24820389182  1.330334E-14
6786.32710055255  1.268016E-14
6787.40599721328  1.351692E-14
6788.48489387401  1.335538E-14
6789.56379053474  1.226446E-14
6790.64268719547  1.246712E-14
6791.7215838562  1.253379E-14
6792.80048051693  1.305310E-14
6793.87937717766  1.321108E-14
6794.95827383839  1.224850E-14
6796.03717049912  1.274243E-14
6797.11606715985  1.317400E-14
6798.19496382058  1.303635E-14
6799.27386048131  1.276842E-14
6800.35275714204  1.239639E-14
6801.43165380277  1.210570E-14
6802.5105504635  1.261840E-14
6803.58944712423  1.251410E-14
6804.66834378496  1.214068E-14
6805.74724044569  1.218787E-14
6806.82613710642  1.195570E-14
6807.90503376715  1.229657E-14
6808.98393042788  1.226514E-14
6810.06282708861  1.250956E-14
6811.14172374934  1.253507E-14
6812.22062041007  1.208029E-14
6813.2995170708  1.226883E-14
6814.37841373153  1.212478E-14
6815.45731039226  1.221595E-14
6816.53620705299  1.208504E-14
6817.61510371372  1.148106E-14
6818.69400037445  1.203400E-14
6819.77289703518  1.156882E-14
6820.85179369591  1.172164E-14
6821.93069035664  1.179575E-14
6823.00958701737  1.219383E-14
6824.0884836781  1.207784E-14
