3767.57424383  -2.931780E-16
3768.65314049073  -2.692946E-16
3769.73203715146  -2.521838E-16
3770.81093381219  -2.572606E-16
3771.88983047292  -2.603627E-16
3772.96872713365  -2.586181E-16
3774.04762379438  -2.379617E-16
3775.12652045511  -2.347851E-16
3776.20541711584  -2.164010E-16
3777.28431377657  -1.988340E-16
3778.3632104373  -2.036800E-16
3779.44210709803  -1.943798E-16
3780.52100375876  -2.022792E-16
3781.59990041949  -2.052162E-16
3782.67879708022  -1.778431E-16
3783.75769374095  -1.785495E-16
3784.83659040168  -1.835792E-16
3785.91548706241  -1.624944E-16
3786.99438372314  -1.544675E-16
3788.07328038387  -1.469216E-16
3789.1521770446  -1.211768E-16
3790.23107370533  -1.189936E-16
3791.30997036606  -1.138321E-16
3792.38886702679  -1.010487E-16
3793.46776368752  -9.955056E-17
3794.54666034825  -9.853557E-17
3795.62555700898  -8.544966E-17
3796.70445366971  -7.111117E-17
3797.78335033044  -6.358371E-17
3798.86224699117  -6.390667E-17
3799.9411436519  -5.608650E-17
3801.02004031263  -5.442752E-17
3802.09893697336  -4.695473E-17
3803.17783363409  -4.296716E-17
3804.25673029482  -3.815557E-17
3805.33562695555  -2.747268E-17
3806.41452361628  -2.091634E-17
3807.49342027701  -1.834455E-17
3808.57231693774  -1.424739E-17
3809.65121359847  -1.096212E-17
3810.7301102592  -7.139916E-18
3811.80900691993  -2.138212E-18
3812.88790358066  1.999167E-18
3813.96680024139  5.877100E-18
3815.04569690212  9.889637E-18
3816.12459356285  1.229411E-17
3817.20349022358  1.589713E-17
3818.28238688431  1.925232E-17
3819.36128354504  2.349690E-17
3820.44018020577  2.701503E-17
3821.5190768665  2.918543E-17
3822.59797352723  3.042283E-17
3823.67687018796  3.594271E-17
3824.75576684869  3.621196E-17
3825.83466350942  4.089170E-17
3826.91356017015  4.581320E-17
3827.99245683088  4.350770E-17
3829.07135349161  4.900402E-17
3830.15025015234  5.462768E-17
3831.22914681307  5.323329E-17
3832.3080434738  5.888837E-17
3833.38694013453  6.108784E-17
3834.46583679526  5.686670E-17
3835.54473345599  5.600841E-17
3836.62363011672  6.344211E-17
3837.70252677745  6.599894E-17
3838.78142343818  6.523029E-17
3839.86032009891  7.584182E-17
3840.93921675964  8.856301E-17
3842.01811342037  9.828929E-17
3843.0970100811  9.690424E-17
3844.17590674183  9.866898E-17
3845.25480340256  1.070796E-16
3846.33370006329  1.063954E-16
3847.41259672402  1.015207E-16
3848.49149338475  1.049627E-16
3849.57039004548  1.068572E-16
3850.64928670621  1.084021E-16
3851.72818336694  1.269780E-16
3852.80708002767  1.309870E-16
3853.8859766884  1.290759E-16
3854.96487334913  1.319583E-16
3856.04377000986  1.294852E-16
3857.12266667059  1.255643E-16
3858.20156333132  1.247248E-16
3859.28045999205  1.328720E-16
3860.35935665278  1.345400E-16
3861.43825331351  1.361105E-16
3862.51714997424  1.403556E-16
3863.59604663497  1.381774E-16
3864.6749432957  1.329899E-16
3865.75383995643  1.294896E-16
3866.83273661716  1.221158E-16
3867.91163327789  1.327550E-16
3868.99052993862  1.433435E-16
3870.06942659935  1.457126E-16
3871.14832326008  1.317615E-16
3872.22721992081  1.253513E-16
3873.30611658154  1.300740E-16
3874.38501324227  1.397765E-16
3875.463909903  1.350045E-16
3876.54280656373  1.305267E-16
3877.62170322446  1.213850E-16
3878.70059988519  1.246608E-16
3879.77949654592  1.325319E-16
3880.85839320665  1.343397E-16
3881.93728986738  1.256676E-16
3883.01618652811  1.312339E-16
3884.09508318884  1.365077E-16
3885.17397984957  1.310373E-16
3886.2528765103  1.256720E-16
3887.33177317103  1.292171E-16
3888.41066983176  1.242407E-16
3889.48956649249  1.235555E-16
3890.56846315322  1.304226E-16
3891.64735981395  1.379612E-16
3892.72625647468  1.452416E-16
3893.80515313541  1.483921E-16
3894.88404979614  1.429897E-16
3895.96294645687  1.375560E-16
3897.0418431176  1.387481E-16
3898.12073977833  1.502477E-16
3899.19963643906  1.359009E-16
3900.27853309979  1.270610E-16
3901.35742976052  1.297385E-16
3902.43632642125  1.326621E-16
3903.51522308198  1.449572E-16
3904.59411974271  1.517651E-16
3905.67301640344  1.521643E-16
3906.75191306417  1.529854E-16
3907.8308097249  1.581900E-16
3908.90970638563  1.540682E-16
3909.98860304636  1.605889E-16
3911.06749970709  1.632768E-16
3912.14639636782  1.571465E-16
3913.22529302855  1.624575E-16
3914.30418968928  1.757369E-16
3915.38308635001  1.730158E-16
3916.46198301074  1.676145E-16
3917.54087967147  1.663060E-16
3918.6197763322  1.475900E-16
3919.69867299293  1.428476E-16
3920.77756965366  1.429508E-16
3921.85646631439  1.480995E-16
3922.93536297512  1.539041E-16
3924.01425963585  1.503637E-16
3925.09315629658  1.527821E-16
3926.17205295731  1.485743E-16
3927.25094961804  1.350365E-16
3928.32984627877  1.222999E-16
3929.4087429395  1.300223E-16
3930.48763960023  1.305404E-16
3931.56653626096  1.243189E-16
3932.64543292169  1.184048E-16
3933.72432958242  1.233869E-16
3934.80322624315  1.216133E-16
3935.88212290388  1.273972E-16
3936.96101956461  1.259820E-16
3938.03991622534  1.240099E-16
3939.11881288607  1.241876E-16
3940.1977095468  1.245370E-16
3941.27660620753  1.224301E-16
3942.35550286826  1.192086E-16
3943.43439952899  1.172138E-16
3944.51329618972  1.174126E-16
3945.59219285045  1.241127E-16
3946.67108951118  1.279309E-16
3947.74998617191  1.203104E-16
3948.82888283264  1.170326E-16
3949.90777949337  1.190418E-16
3950.9866761541  1.126244E-16
3952.06557281483  1.158032E-16
3953.14446947556  1.217738E-16
3954.22336613629  1.232282E-16
3955.30226279702  1.174976E-16
3956.38115945775  1.140841E-16
3957.46005611848  1.176339E-16
3958.53895277921  1.164016E-16
3959.61784943994  1.180947E-16
3960.69674610067  1.170726E-16
3961.7756427614  1.107603E-16
3962.85453942213  1.145570E-16
3963.93343608286  1.046568E-16
3965.01233274359  1.010576E-16
3966.09122940432  9.998417E-17
3967.17012606505  9.747888E-17
3968.24902272578  9.229890E-17
3969.32791938651  9.075935E-17
3970.40681604724  9.220915E-17
3971.48571270797  9.852884E-17
3972.5646093687  1.019172E-16
3973.64350602943  1.026391E-16
3974.72240269016  1.083013E-16
3975.80129935089  1.079745E-16
3976.88019601162  1.112223E-16
3977.95909267235  1.154077E-16
3979.03798933308  1.172609E-16
3980.11688599381  1.138962E-16
3981.19578265454  1.094805E-16
3982.27467931527  1.089878E-16
3983.353575976  1.161568E-16
3984.43247263673  1.144332E-16
3985.51136929746  1.097260E-16
3986.59026595819  1.128942E-16
3987.66916261892  1.136819E-16
3988.74805927965  1.105542E-16
3989.82695594038  1.108061E-16
3990.90585260111  1.129928E-16
3991.98474926184  1.150210E-16
3993.06364592257  1.128618E-16
3994.1425425833  1.120088E-16
3995.22143924403  1.092185E-16
3996.30033590476  1.059712E-16
3997.37923256549  1.099440E-16
3998.45812922622  1.095394E-16
3999.53702588695  1.064899E-16
4000.61592254768  1.051079E-16
4001.69481920841  1.091086E-16
4002.77371586914  1.114107E-16
4003.85261252987  1.126614E-16
4004.9315091906  1.121276E-16
4006.01040585133  1.026867E-16
4007.08930251206  1.059097E-16
4008.16819917279  1.069122E-16
4009.24709583352  1.045238E-16
4010.32599249425  1.122276E-16
4011.40488915498  1.127703E-16
4012.48378581571  1.073902E-16
4013.56268247644  1.104697E-16
4014.64157913717  1.119850E-16
4015.7204757979  1.117220E-16
4016.79937245863  1.166434E-16
4017.87826911936  1.124197E-16
4018.95716578009  1.109337E-16
4020.03606244082  1.093288E-16
4021.11495910155  1.082752E-16
4022.19385576228  1.098488E-16
4023.27275242301  1.043539E-16
4024.35164908374  1.052214E-16
4025.43054574447  1.084116E-16
4026.5094424052  1.065424E-16
4027.58833906593  1.073671E-16
4028.66723572666  1.076943E-16
4029.74613238739  1.017710E-16
4030.82502904812  9.541302E-17
4031.90392570885  9.501835E-17
4032.98282236958  9.886698E-17
4034.06171903031  9.957753E-17
4035.14061569104  1.012945E-16
4036.21951235177  1.033802E-16
4037.2984090125  1.077432E-16
4038.37730567323  1.067119E-16
4039.45620233396  1.041560E-16
4040.53509899469  1.044516E-16
4041.61399565542  1.010689E-16
4042.69289231615  1.053351E-16
4043.77178897688  1.042355E-16
4044.85068563761  9.738003E-17
4045.92958229834  9.493533E-17
4047.00847895907  9.992110E-17
4048.0873756198  1.059865E-16
4049.16627228053  1.091978E-16
4050.24516894126  1.102042E-16
4051.32406560199  1.023415E-16
4052.40296226272  1.033835E-16
4053.48185892345  1.038432E-16
4054.56075558418  9.873361E-17
4055.63965224491  1.005599E-16
4056.71854890564  9.964214E-17
4057.79744556637  9.429883E-17
4058.8763422271  1.008079E-16
4059.95523888783  1.030087E-16
4061.03413554856  1.042960E-16
4062.11303220929  1.001293E-16
4063.19192887002  9.479367E-17
4064.27082553075  9.573430E-17
4065.34972219148  9.953462E-17
4066.42861885221  9.756939E-17
4067.50751551294  9.973783E-17
4068.58641217367  1.026379E-16
4069.6653088344  1.025532E-16
4070.74420549513  9.842534E-17
4071.82310215586  9.676305E-17
4072.90199881659  9.826615E-17
4073.98089547732  9.783627E-17
4075.05979213805  9.790520E-17
4076.13868879878  9.302778E-17
4077.21758545951  9.169220E-17
4078.29648212024  8.765532E-17
4079.37537878097  8.782572E-17
4080.4542754417  9.085601E-17
4081.53317210243  9.615617E-17
4082.61206876316  9.896361E-17
4083.69096542389  9.796956E-17
4084.76986208462  9.731579E-17
4085.84875874535  9.883784E-17
4086.92765540608  9.470699E-17
4088.00655206681  9.541453E-17
4089.08544872754  9.925217E-17
4090.16434538827  1.004367E-16
4091.243242049  9.745878E-17
4092.32213870973  9.929296E-17
4093.40103537046  9.958159E-17
4094.47993203119  1.005353E-16
4095.55882869192  1.005527E-16
4096.63772535265  9.690715E-17
4097.71662201338  9.595151E-17
4098.79551867411  9.494390E-17
4099.87441533484  8.986092E-17
4100.95331199557  8.359736E-17
4102.0322086563  7.773551E-17
4103.11110531703  8.360627E-17
4104.19000197776  8.788752E-17
4105.26889863849  9.030929E-17
4106.34779529922  9.587101E-17
4107.42669195995  9.463169E-17
4108.50558862068  9.134755E-17
4109.58448528141  8.783489E-17
4110.66338194214  8.787797E-17
4111.74227860287  8.938537E-17
4112.8211752636  9.057488E-17
4113.90007192433  9.045765E-17
4114.97896858506  9.320837E-17
4116.05786524579  9.581722E-17
4117.13676190652  9.551492E-17
4118.21565856725  9.240637E-17
4119.29455522798  9.036225E-17
4120.37345188871  9.216603E-17
4121.45234854944  8.976794E-17
4122.53124521017  8.598973E-17
4123.6101418709  8.578007E-17
4124.68903853163  8.643972E-17
4125.76793519236  8.937531E-17
4126.84683185309  9.165749E-17
4127.92572851382  8.735447E-17
4129.00462517455  8.651162E-17
4130.08352183528  8.672512E-17
4131.16241849601  8.678674E-17
4132.24131515674  8.647351E-17
4133.32021181747  8.488681E-17
4134.3991084782  8.470341E-17
4135.47800513893  8.788085E-17
4136.55690179966  9.112445E-17
4137.63579846039  9.231663E-17
4138.71469512112  9.399958E-17
4139.79359178185  9.232946E-17
4140.87248844258  9.304306E-17
4141.95138510331  9.206058E-17
4143.03028176404  8.699913E-17
4144.10917842477  8.536068E-17
4145.1880750855  8.524190E-17
4146.26697174623  8.620862E-17
4147.34586840696  8.884028E-17
4148.42476506769  8.876308E-17
4149.50366172842  8.650336E-17
4150.58255838915  8.796432E-17
4151.66145504988  8.895516E-17
4152.74035171061  8.880720E-17
4153.81924837134  8.947515E-17
4154.89814503207  8.701285E-17
4155.9770416928  8.556610E-17
4157.05593835353  8.504192E-17
4158.13483501426  8.841407E-17
4159.21373167499  8.859062E-17
4160.29262833572  8.794499E-17
4161.37152499645  8.867574E-17
4162.45042165718  9.090245E-17
4163.52931831791  9.071590E-17
4164.60821497864  9.037074E-17
4165.68711163937  9.092639E-17
4166.7660083001  8.980190E-17
4167.84490496083  9.205084E-17
4168.92380162156  9.269821E-17
4170.00269828229  9.261035E-17
4171.08159494302  9.235356E-17
4172.16049160375  8.715718E-17
4173.23938826448  8.269055E-17
4174.31828492521  8.349691E-17
4175.39718158594  8.346311E-17
4176.47607824667  8.477711E-17
4177.5549749074  8.401255E-17
4178.63387156813  8.088638E-17
4179.71276822886  8.441815E-17
4180.79166488959  8.650157E-17
4181.87056155032  8.683914E-17
4182.94945821105  8.771999E-17
4184.02835487178  8.820067E-17
4185.10725153251  8.648263E-17
4186.18614819324  8.644571E-17
4187.26504485397  8.771849E-17
4188.3439415147  8.549906E-17
4189.42283817543  8.557411E-17
4190.50173483616  8.768934E-17
4191.58063149689  8.895913E-17
4192.65952815762  8.853459E-17
4193.73842481835  8.888292E-17
4194.81732147908  9.066150E-17
4195.89621813981  9.005314E-17
4196.97511480054  8.643800E-17
4198.05401146127  8.422635E-17
4199.132908122  8.366130E-17
4200.21180478273  8.260834E-17
4201.29070144346  7.976960E-17
4202.36959810419  8.189900E-17
4203.44849476492  8.338110E-17
4204.52739142565  8.429294E-17
4205.60628808638  8.496957E-17
4206.68518474711  8.787860E-17
4207.76408140784  8.718331E-17
4208.84297806857  8.677193E-17
4209.9218747293  8.834851E-17
4211.00077139003  9.034898E-17
4212.07966805076  9.026186E-17
4213.15856471149  9.038755E-17
4214.23746137222  8.531452E-17
4215.31635803295  8.034794E-17
4216.39525469368  8.302573E-17
4217.47415135441  8.739174E-17
4218.55304801514  8.925684E-17
4219.63194467587  9.297253E-17
4220.7108413366  9.395630E-17
4221.78973799733  9.151138E-17
4222.86863465806  9.042261E-17
4223.94753131879  8.725871E-17
4225.02642797952  8.402398E-17
4226.10532464025  8.041967E-17
4227.18422130098  7.903975E-17
4228.26311796171  8.082547E-17
4229.34201462244  8.601823E-17
4230.42091128317  9.002567E-17
4231.4998079439  8.914058E-17
4232.57870460463  8.872754E-17
4233.65760126536  8.829816E-17
4234.73649792609  8.649167E-17
4235.81539458682  8.555472E-17
4236.89429124755  8.531417E-17
4237.97318790828  8.590102E-17
4239.05208456901  8.660334E-17
4240.13098122974  8.703633E-17
4241.20987789047  8.847526E-17
4242.2887745512  8.941917E-17
4243.36767121193  8.889883E-17
4244.44656787266  9.077022E-17
4245.52546453339  9.031190E-17
4246.60436119412  8.674354E-17
4247.68325785485  8.352555E-17
4248.76215451558  8.220518E-17
4249.84105117631  8.359800E-17
4250.91994783704  8.342933E-17
4251.99884449777  8.595246E-17
4253.0777411585  8.266733E-17
4254.15663781923  8.192509E-17
4255.23553447996  8.387976E-17
4256.31443114069  8.425169E-17
4257.39332780142  8.829596E-17
4258.47222446215  8.800001E-17
4259.55112112288  8.769379E-17
4260.63001778361  8.774973E-17
4261.70891444434  8.787075E-17
4262.78781110507  9.030789E-17
4263.8667077658  9.223343E-17
4264.94560442653  9.502885E-17
4266.02450108726  9.877363E-17
4267.10339774799  9.652203E-17
4268.18229440872  9.443871E-17
4269.26119106945  9.195406E-17
4270.34008773018  8.960753E-17
4271.41898439091  8.498253E-17
4272.49788105164  8.155839E-17
4273.57677771237  8.129001E-17
4274.6556743731  8.146213E-17
4275.73457103383  8.600454E-17
4276.81346769456  8.983975E-17
4277.89236435529  9.220908E-17
4278.97126101602  9.244970E-17
4280.05015767675  9.431193E-17
4281.12905433748  9.230857E-17
4282.20795099821  8.827078E-17
4283.28684765894  9.075712E-17
4284.36574431967  9.042750E-17
4285.4446409804  8.781176E-17
4286.52353764113  8.810219E-17
4287.60243430186  8.631261E-17
4288.68133096259  8.284091E-17
4289.76022762332  8.016459E-17
4290.83912428405  7.807469E-17
4291.91802094478  8.180906E-17
4292.99691760551  8.367048E-17
4294.07581426624  8.422731E-17
4295.15471092697  8.420963E-17
4296.2336075877  8.339359E-17
4297.31250424843  8.426473E-17
4298.39140090916  8.328808E-17
4299.47029756989  7.784859E-17
4300.54919423062  7.499104E-17
4301.62809089135  7.685920E-17
4302.70698755208  7.654184E-17
4303.78588421281  7.763568E-17
4304.86478087354  8.044537E-17
4305.94367753427  8.173727E-17
4307.022574195  8.085874E-17
4308.10147085573  7.683857E-17
4309.18036751646  7.562756E-17
4310.25926417719  7.744575E-17
4311.33816083792  7.987958E-17
4312.41705749865  7.987733E-17
4313.49595415938  7.956425E-17
4314.57485082011  8.285727E-17
4315.65374748084  9.115765E-17
4316.73264414157  9.496800E-17
4317.8115408023  9.685119E-17
4318.89043746303  9.560202E-17
4319.96933412376  9.569456E-17
4321.04823078449  9.556410E-17
4322.12712744522  9.197868E-17
4323.20602410595  9.019639E-17
4324.28492076668  8.751241E-17
4325.36381742741  8.270346E-17
4326.44271408814  8.418480E-17
4327.52161074887  8.764225E-17
4328.6005074096  9.275876E-17
4329.67940407033  9.718037E-17
4330.75830073106  9.946455E-17
4331.83719739179  9.916383E-17
4332.91609405252  9.714796E-17
4333.99499071325  9.923458E-17
4335.07388737398  1.014188E-16
4336.15278403471  9.713561E-17
4337.23168069544  9.087609E-17
4338.31057735617  8.328480E-17
4339.3894740169  7.958956E-17
4340.46837067763  7.509694E-17
4341.54726733836  7.890362E-17
4342.62616399909  8.635370E-17
4343.70506065982  8.964400E-17
4344.78395732055  9.118228E-17
4345.86285398128  9.620510E-17
4346.94175064201  9.882893E-17
4348.02064730274  9.968811E-17
4349.09954396347  9.874952E-17
4350.1784406242  9.735054E-17
4351.25733728493  9.506997E-17
4352.33623394566  8.963456E-17
4353.41513060639  9.147849E-17
4354.49402726712  9.233506E-17
4355.57292392785  9.461915E-17
4356.65182058858  1.000181E-16
4357.73071724931  1.044354E-16
4358.80961391004  1.023619E-16
4359.88851057077  1.011673E-16
4360.9674072315  1.011720E-16
4362.04630389223  9.872858E-17
4363.12520055296  1.011665E-16
4364.20409721369  1.012273E-16
4365.28299387442  1.009879E-16
4366.36189053515  9.984936E-17
4367.44078719588  9.646666E-17
4368.51968385661  9.674648E-17
4369.59858051734  9.782655E-17
4370.67747717807  9.722832E-17
4371.7563738388  9.786380E-17
4372.83527049953  9.581014E-17
4373.91416716026  9.218169E-17
4374.99306382099  8.865501E-17
4376.07196048172  8.802392E-17
4377.15085714245  9.222176E-17
4378.22975380318  9.496434E-17
4379.30865046391  9.712695E-17
4380.38754712464  9.948176E-17
4381.46644378537  9.536256E-17
4382.5453404461  9.100286E-17
4383.62423710683  8.728530E-17
4384.70313376756  8.592670E-17
4385.78203042829  8.718666E-17
4386.86092708902  8.974600E-17
4387.93982374975  9.015464E-17
4389.01872041048  9.116420E-17
4390.09761707121  9.216121E-17
4391.17651373194  9.140949E-17
4392.25541039267  9.461710E-17
4393.3343070534  9.439417E-17
4394.41320371413  9.027877E-17
4395.49210037486  8.865986E-17
4396.57099703559  9.087208E-17
4397.64989369632  9.336601E-17
4398.72879035705  9.324096E-17
4399.80768701778  9.125869E-17
4400.88658367851  9.164443E-17
4401.96548033924  9.457826E-17
4403.04437699997  9.664522E-17
4404.1232736607  9.403544E-17
4405.20217032143  9.319900E-17
4406.28106698216  9.454855E-17
4407.35996364289  9.416861E-17
4408.43886030362  9.518893E-17
4409.51775696435  9.736332E-17
4410.59665362508  9.904902E-17
4411.67555028581  1.023986E-16
4412.75444694654  1.033815E-16
4413.83334360727  1.005014E-16
4414.912240268  9.707174E-17
4415.99113692873  9.214756E-17
4417.07003358946  8.822006E-17
4418.14893025019  9.221049E-17
4419.22782691092  9.781100E-17
4420.30672357165  9.959031E-17
4421.38562023238  9.874554E-17
4422.46451689311  9.709265E-17
4423.54341355384  9.727956E-17
4424.62231021457  9.901059E-17
4425.7012068753  1.005466E-16
4426.78010353603  1.007526E-16
4427.85900019676  1.009493E-16
4428.93789685749  1.012966E-16
4430.01679351822  1.022866E-16
4431.09569017895  1.036030E-16
4432.17458683968  1.028564E-16
4433.25348350041  1.012632E-16
4434.33238016114  9.994567E-17
4435.41127682187  1.001378E-16
4436.4901734826  1.022892E-16
4437.56907014333  1.062081E-16
4438.64796680406  1.114048E-16
4439.72686346479  1.116005E-16
4440.80576012552  1.081233E-16
4441.88465678625  1.048138E-16
4442.96355344698  9.936096E-17
4444.04245010771  9.684136E-17
4445.12134676844  9.917526E-17
4446.20024342917  1.048477E-16
4447.2791400899  1.038204E-16
4448.35803675063  1.047570E-16
4449.43693341136  1.030133E-16
4450.51583007209  1.037779E-16
4451.59472673282  1.043927E-16
4452.67362339355  1.032557E-16
4453.75252005428  1.018797E-16
4454.83141671501  1.007228E-16
4455.91031337574  9.739725E-17
4456.98921003647  9.638441E-17
4458.0681066972  1.001493E-16
4459.14700335793  1.025324E-16
4460.22590001866  1.034183E-16
4461.30479667939  1.043312E-16
4462.38369334012  1.052614E-16
4463.46259000085  1.047215E-16
4464.54148666158  1.064715E-16
4465.62038332231  1.055091E-16
4466.69927998304  1.033180E-16
4467.77817664377  9.934308E-17
4468.8570733045  9.787464E-17
4469.93596996523  9.834247E-17
4471.01486662596  1.015182E-16
4472.09376328669  1.066727E-16
4473.17265994742  1.090271E-16
4474.25155660815  1.129016E-16
4475.33045326888  1.168682E-16
4476.40934992961  1.159517E-16
4477.48824659034  1.154791E-16
4478.56714325107  1.155868E-16
4479.6460399118  1.089174E-16
4480.72493657253  1.070463E-16
4481.80383323326  1.075600E-16
4482.88272989399  1.075892E-16
4483.96162655472  1.113781E-16
4485.04052321545  1.122789E-16
4486.11941987618  1.129679E-16
4487.19831653691  1.121497E-16
4488.27721319764  1.084463E-16
4489.35610985837  1.061565E-16
4490.4350065191  1.068706E-16
4491.51390317983  1.087193E-16
4492.59279984056  1.094421E-16
4493.67169650129  1.094658E-16
4494.75059316202  1.085543E-16
4495.82948982275  1.102002E-16
4496.90838648348  1.124263E-16
4497.98728314421  1.131693E-16
4499.06617980494  1.153797E-16
4500.14507646567  1.125460E-16
4501.2239731264  1.090148E-16
4502.30286978713  1.123934E-16
4503.38176644786  1.175367E-16
4504.46066310859  1.256656E-16
4505.53955976932  1.299818E-16
4506.61845643005  1.258046E-16
4507.69735309078  1.230067E-16
4508.77624975151  1.240041E-16
4509.85514641224  1.267407E-16
4510.93404307297  1.292672E-16
4512.0129397337  1.282277E-16
4513.09183639443  1.285506E-16
4514.17073305516  1.260034E-16
4515.24962971589  1.265729E-16
4516.32852637662  1.267816E-16
4517.40742303735  1.226809E-16
4518.48631969808  1.231156E-16
4519.56521635881  1.239921E-16
4520.64411301954  1.279746E-16
4521.72300968027  1.324689E-16
4522.801906341  1.272242E-16
4523.88080300173  1.290338E-16
4524.95969966246  1.296069E-16
4526.03859632319  1.272560E-16
4527.11749298392  1.249550E-16
4528.19638964465  1.233486E-16
4529.27528630538  1.254173E-16
4530.35418296611  1.264843E-16
4531.43307962684  1.246456E-16
4532.51197628757  1.241267E-16
4533.5908729483  1.150695E-16
4534.66976960903  1.130582E-16
4535.74866626976  1.168114E-16
4536.82756293049  1.246717E-16
4537.90645959122  1.274100E-16
4538.98535625195  1.307117E-16
4540.06425291268  1.319207E-16
4541.14314957341  1.288035E-16
4542.22204623414  1.288794E-16
4543.30094289487  1.267321E-16
4544.3798395556  1.233939E-16
4545.45873621633  1.198476E-16
4546.53763287706  1.193036E-16
4547.61652953779  1.203141E-16
4548.69542619852  1.136919E-16
4549.77432285925  1.104960E-16
4550.85321951998  1.113113E-16
4551.93211618071  1.123843E-16
4553.01101284144  1.110970E-16
4554.08990950217  1.079028E-16
4555.1688061629  1.059292E-16
4556.24770282363  1.083957E-16
4557.32659948436  1.119077E-16
4558.40549614509  1.134076E-16
4559.48439280582  1.144178E-16
4560.56328946655  1.198375E-16
4561.64218612728  1.195856E-16
4562.72108278801  1.137896E-16
4563.79997944874  1.088131E-16
4564.87887610947  1.071328E-16
4565.9577727702  1.112312E-16
4567.03666943093  1.164171E-16
4568.11556609166  1.181280E-16
4569.19446275239  1.199388E-16
4570.27335941312  1.194500E-16
4571.35225607385  1.139887E-16
4572.43115273458  1.118107E-16
4573.51004939531  1.158019E-16
4574.58894605604  1.210963E-16
4575.66784271677  1.201704E-16
4576.7467393775  1.200801E-16
4577.82563603823  1.209223E-16
4578.90453269896  1.186186E-16
4579.98342935969  1.158951E-16
4581.06232602042  1.174045E-16
4582.14122268115  1.166181E-16
4583.22011934188  1.125129E-16
4584.29901600261  1.106362E-16
4585.37791266334  1.101527E-16
4586.45680932407  1.121164E-16
4587.5357059848  1.138230E-16
4588.61460264553  1.121055E-16
4589.69349930626  1.122509E-16
4590.77239596699  1.133692E-16
4591.85129262772  1.138396E-16
4592.93018928845  1.155062E-16
4594.00908594918  1.150115E-16
4595.08798260991  1.162923E-16
4596.16687927064  1.179269E-16
4597.24577593137  1.196475E-16
4598.3246725921  1.203893E-16
4599.40356925283  1.191004E-16
4600.48246591356  1.194179E-16
4601.56136257429  1.178916E-16
4602.64025923502  1.176727E-16
4603.71915589575  1.210167E-16
4604.79805255648  1.220890E-16
4605.87694921721  1.223600E-16
4606.95584587794  1.212716E-16
4608.03474253867  1.218410E-16
4609.1136391994  1.248945E-16
4610.19253586013  1.265863E-16
4611.27143252086  1.279121E-16
4612.35032918159  1.275548E-16
4613.42922584232  1.254917E-16
4614.50812250305  1.243650E-16
4615.58701916378  1.220918E-16
4616.66591582451  1.204995E-16
4617.74481248524  1.222106E-16
4618.82370914597  1.223131E-16
4619.9026058067  1.219745E-16
4620.98150246743  1.228964E-16
4622.06039912816  1.262864E-16
4623.13929578889  1.294268E-16
4624.21819244962  1.268114E-16
4625.29708911035  1.248382E-16
4626.37598577108  1.249130E-16
4627.45488243181  1.253106E-16
4628.53377909254  1.241084E-16
4629.61267575327  1.216133E-16
4630.691572414  1.215521E-16
4631.77046907473  1.244130E-16
4632.84936573546  1.255014E-16
4633.92826239619  1.306028E-16
4635.00715905692  1.316180E-16
4636.08605571765  1.234385E-16
4637.16495237838  1.246255E-16
4638.24384903911  1.250373E-16
4639.32274569984  1.289439E-16
4640.40164236057  1.316384E-16
4641.4805390213  1.313065E-16
4642.55943568203  1.298508E-16
4643.63833234276  1.261056E-16
4644.71722900349  1.234191E-16
4645.79612566422  1.216334E-16
4646.87502232495  1.200826E-16
4647.95391898568  1.193028E-16
4649.03281564641  1.209227E-16
4650.11171230714  1.257394E-16
4651.19060896787  1.273087E-16
4652.2695056286  1.254661E-16
4653.34840228933  1.252697E-16
4654.42729895006  1.245281E-16
4655.50619561079  1.244502E-16
4656.58509227152  1.255850E-16
4657.66398893225  1.270181E-16
4658.74288559298  1.285846E-16
4659.82178225371  1.303368E-16
4660.90067891444  1.320340E-16
4661.97957557517  1.317116E-16
4663.0584722359  1.292777E-16
4664.13736889663  1.290289E-16
4665.21626555736  1.273311E-16
4666.29516221809  1.250676E-16
4667.37405887882  1.185197E-16
4668.45295553955  1.141496E-16
4669.53185220028  1.204405E-16
4670.61074886101  1.254568E-16
4671.68964552174  1.279518E-16
4672.76854218247  1.304523E-16
4673.8474388432  1.313207E-16
4674.92633550393  1.304459E-16
4676.00523216466  1.315036E-16
4677.08412882539  1.309477E-16
4678.16302548612  1.287523E-16
4679.24192214685  1.360452E-16
4680.32081880758  1.359159E-16
4681.39971546831  1.263218E-16
4682.47861212904  1.257753E-16
4683.55750878977  1.298301E-16
4684.6364054505  1.295792E-16
4685.71530211123  1.297861E-16
4686.79419877197  1.324421E-16
4687.87309543269  1.338719E-16
4688.95199209342  1.329102E-16
4690.03088875415  1.331409E-16
4691.10978541488  1.359197E-16
4692.18868207561  1.347745E-16
4693.26757873634  1.343777E-16
4694.34647539707  1.364017E-16
4695.4253720578  1.370663E-16
4696.50426871853  1.377675E-16
4697.58316537926  1.392270E-16
4698.66206203999  1.349938E-16
4699.74095870072  1.314564E-16
4700.81985536145  1.334819E-16
4701.89875202218  1.342837E-16
4702.97764868291  1.333812E-16
4704.05654534364  1.313885E-16
4705.13544200437  1.331781E-16
4706.2143386651  1.321181E-16
4707.29323532583  1.295282E-16
4708.37213198656  1.276905E-16
4709.45102864729  1.292228E-16
4710.52992530802  1.291494E-16
4711.60882196875  1.310841E-16
4712.68771862948  1.362019E-16
4713.76661529021  1.336501E-16
4714.84551195095  1.318145E-16
4715.92440861167  1.365250E-16
4717.0033052724  1.369087E-16
4718.08220193313  1.378056E-16
4719.16109859386  1.375217E-16
4720.23999525459  1.366525E-16
4721.31889191532  1.382336E-16
4722.39778857605  1.404983E-16
4723.47668523678  1.387653E-16
4724.55558189751  1.397214E-16
4725.63447855824  1.374167E-16
4726.71337521897  1.351298E-16
4727.7922718797  1.360927E-16
4728.87116854043  1.342032E-16
4729.95006520116  1.303237E-16
4731.02896186189  1.301542E-16
4732.10785852262  1.325990E-16
4733.18675518335  1.321465E-16
4734.26565184409  1.311018E-16
4735.34454850481  1.327922E-16
4736.42344516554  1.326020E-16
4737.50234182627  1.336154E-16
4738.581238487  1.361051E-16
4739.66013514773  1.360280E-16
4740.73903180846  1.356065E-16
4741.81792846919  1.369946E-16
4742.89682512992  1.382853E-16
4743.97572179065  1.388291E-16
4745.05461845138  1.388438E-16
4746.13351511211  1.372003E-16
4747.21241177284  1.363535E-16
4748.29130843357  1.385845E-16
4749.3702050943  1.406758E-16
4750.44910175503  1.379799E-16
4751.52799841576  1.419561E-16
4752.60689507649  1.425576E-16
4753.68579173722  1.377053E-16
4754.76468839795  1.345854E-16
4755.84358505868  1.317998E-16
4756.92248171942  1.315734E-16
4758.00137838014  1.337922E-16
4759.08027504087  1.361394E-16
4760.1591717016  1.375368E-16
4761.23806836233  1.359223E-16
4762.31696502306  1.309409E-16
4763.39586168379  1.288293E-16
4764.47475834452  1.289549E-16
4765.55365500525  1.292433E-16
4766.63255166598  1.305839E-16
4767.71144832671  1.337938E-16
4768.79034498744  1.350987E-16
4769.86924164817  1.381073E-16
4770.9481383089  1.397813E-16
4772.02703496963  1.378931E-16
4773.10593163036  1.387418E-16
4774.18482829109  1.428765E-16
4775.26372495182  1.401035E-16
4776.34262161255  1.380977E-16
4777.42151827328  1.403648E-16
4778.50041493401  1.409919E-16
4779.57931159474  1.386885E-16
4780.65820825547  1.396121E-16
4781.7371049162  1.404871E-16
4782.81600157693  1.369595E-16
4783.89489823766  1.337035E-16
4784.97379489839  1.362565E-16
4786.05269155912  1.344686E-16
4787.13158821985  1.364951E-16
4788.21048488058  1.370344E-16
4789.28938154131  1.337119E-16
4790.36827820204  1.349605E-16
4791.44717486277  1.373433E-16
4792.5260715235  1.376101E-16
4793.60496818423  1.427591E-16
4794.68386484496  1.458775E-16
4795.76276150569  1.447564E-16
4796.84165816642  1.418595E-16
4797.92055482715  1.386479E-16
4798.99945148788  1.386778E-16
4800.07834814861  1.396608E-16
4801.15724480934  1.409534E-16
4802.23614147007  1.406332E-16
4803.3150381308  1.410680E-16
4804.39393479153  1.398701E-16
4805.47283145227  1.354165E-16
4806.55172811299  1.355240E-16
4807.63062477372  1.356612E-16
4808.70952143445  1.373208E-16
4809.78841809518  1.372975E-16
4810.86731475591  1.371693E-16
4811.94621141665  1.399750E-16
4813.02510807737  1.381017E-16
4814.1040047381  1.402571E-16
4815.18290139883  1.451791E-16
4816.26179805956  1.436873E-16
4817.34069472029  1.446698E-16
4818.41959138102  1.471018E-16
4819.49848804175  1.449508E-16
4820.57738470248  1.457352E-16
4821.65628136321  1.421891E-16
4822.73517802394  1.369676E-16
4823.81407468467  1.349297E-16
4824.8929713454  1.385796E-16
4825.97186800613  1.370421E-16
4827.05076466686  1.412741E-16
4828.12966132759  1.430253E-16
4829.20855798832  1.441150E-16
4830.28745464905  1.449293E-16
4831.36635130978  1.406058E-16
4832.44524797051  1.392108E-16
4833.52414463124  1.418763E-16
4834.60304129197  1.431220E-16
4835.6819379527  1.433557E-16
4836.76083461343  1.461907E-16
4837.83973127416  1.449584E-16
4838.91862793489  1.424207E-16
4839.99752459562  1.413945E-16
4841.07642125635  1.421364E-16
4842.15531791708  1.409518E-16
4843.23421457781  1.407687E-16
4844.31311123854  1.425733E-16
4845.39200789927  1.450004E-16
4846.47090456  1.435004E-16
4847.54980122074  1.413375E-16
4848.62869788146  1.424836E-16
4849.70759454219  1.430948E-16
4850.78649120292  1.419165E-16
4851.86538786365  1.412198E-16
4852.94428452438  1.433772E-16
4854.02318118511  1.417706E-16
4855.10207784584  1.381077E-16
4856.18097450657  1.380888E-16
4857.2598711673  1.390404E-16
4858.33876782803  1.372854E-16
4859.41766448876  1.292655E-16
4860.49656114949  1.173031E-16
4861.57545781022  1.114268E-16
4862.65435447095  1.159005E-16
4863.73325113168  1.254947E-16
4864.81214779241  1.345402E-16
4865.89104445314  1.378883E-16
4866.96994111387  1.383644E-16
4868.0488377746  1.398505E-16
4869.12773443533  1.405370E-16
4870.20663109606  1.392367E-16
4871.28552775679  1.356386E-16
4872.36442441752  1.321343E-16
4873.44332107825  1.339564E-16
4874.52221773898  1.373003E-16
4875.60111439971  1.369417E-16
4876.68001106045  1.372333E-16
4877.75890772117  1.388819E-16
4878.8378043819  1.417311E-16
4879.91670104263  1.433572E-16
4880.99559770336  1.408070E-16
4882.07449436409  1.396796E-16
4883.15339102482  1.372909E-16
4884.23228768555  1.356956E-16
4885.31118434628  1.358998E-16
4886.39008100701  1.363147E-16
4887.46897766774  1.388256E-16
4888.54787432847  1.395844E-16
4889.6267709892  1.377748E-16
4890.70566764993  1.360281E-16
4891.78456431066  1.360048E-16
4892.86346097139  1.401820E-16
4893.94235763212  1.436037E-16
4895.02125429285  1.476732E-16
4896.10015095358  1.550015E-16
4897.17904761431  1.552602E-16
4898.25794427504  1.510743E-16
4899.33684093577  1.480711E-16
4900.4157375965  1.449043E-16
4901.49463425723  1.426293E-16
4902.57353091796  1.446980E-16
4903.65242757869  1.471601E-16
4904.73132423942  1.496707E-16
4905.81022090015  1.507258E-16
4906.88911756088  1.492651E-16
4907.96801422161  1.473534E-16
4909.04691088234  1.458572E-16
4910.12580754307  1.428086E-16
4911.2047042038  1.404550E-16
4912.28360086453  1.399074E-16
4913.36249752526  1.446836E-16
4914.44139418599  1.500315E-16
4915.52029084672  1.511290E-16
4916.59918750745  1.479592E-16
4917.67808416818  1.462114E-16
4918.75698082891  1.391581E-16
4919.83587748964  1.371222E-16
4920.91477415037  1.325044E-16
4921.9936708111  1.312223E-16
4923.07256747183  1.308081E-16
4924.15146413256  1.282854E-16
4925.23036079329  1.361406E-16
4926.30925745402  1.413343E-16
4927.38815411475  1.463321E-16
4928.46705077548  1.502067E-16
4929.54594743621  1.511764E-16
4930.62484409694  1.528726E-16
4931.70374075767  1.524403E-16
4932.7826374184  1.455859E-16
4933.86153407913  1.356602E-16
4934.94043073986  1.365273E-16
4936.01932740059  1.395612E-16
4937.09822406132  1.402189E-16
4938.17712072205  1.447589E-16
4939.25601738278  1.440222E-16
4940.33491404351  1.441792E-16
4941.41381070424  1.503526E-16
4942.49270736497  1.519292E-16
4943.5716040257  1.517168E-16
4944.65050068643  1.520559E-16
4945.72939734716  1.541798E-16
4946.80829400789  1.532981E-16
4947.88719066862  1.550683E-16
4948.96608732936  1.535981E-16
4950.04498399008  1.534642E-16
4951.12388065081  1.545487E-16
4952.20277731154  1.526937E-16
4953.28167397227  1.525872E-16
4954.360570633  1.582761E-16
4955.43946729373  1.509645E-16
4956.51836395446  1.467849E-16
4957.5972606152  1.437540E-16
4958.67615727592  1.462577E-16
4959.75505393665  1.493609E-16
4960.83395059738  1.546787E-16
4961.91284725811  1.551993E-16
4962.99174391884  1.529415E-16
4964.07064057957  1.518373E-16
4965.1495372403  1.500124E-16
4966.22843390103  1.478113E-16
4967.30733056176  1.479227E-16
4968.38622722249  1.505926E-16
4969.46512388322  1.512705E-16
4970.54402054395  1.513856E-16
4971.62291720468  1.519585E-16
4972.70181386541  1.531043E-16
4973.78071052614  1.576950E-16
4974.85960718687  1.604867E-16
4975.9385038476  1.578696E-16
4977.01740050834  1.567344E-16
4978.09629716906  1.526098E-16
4979.17519382979  1.518443E-16
4980.25409049052  1.467556E-16
4981.33298715125  1.433633E-16
4982.41188381198  1.373516E-16
4983.49078047271  1.364181E-16
4984.56967713344  1.394531E-16
4985.64857379417  1.409925E-16
4986.7274704549  1.481699E-16
4987.80636711563  1.503067E-16
4988.88526377636  1.525609E-16
4989.9641604371  1.499874E-16
4991.04305709782  1.481687E-16
4992.12195375855  1.482875E-16
4993.20085041928  1.459686E-16
4994.27974708001  1.484771E-16
4995.35864374074  1.528257E-16
4996.43754040147  1.524249E-16
4997.5164370622  1.522511E-16
4998.59533372293  1.515115E-16
4999.67423038366  1.479160E-16
5000.75312704439  1.469832E-16
5001.83202370512  1.442593E-16
5002.91092036586  1.462556E-16
5003.98981702658  1.478177E-16
5005.06871368731  1.458577E-16
5006.14761034804  1.445358E-16
5007.22650700877  1.444225E-16
5008.3054036695  1.475351E-16
5009.38430033023  1.516266E-16
5010.46319699096  1.517567E-16
5011.54209365169  1.482198E-16
5012.62099031242  1.439144E-16
5013.69988697315  1.406085E-16
5014.77878363388  1.391574E-16
5015.85768029461  1.407926E-16
5016.93657695534  1.379748E-16
5018.01547361607  1.344349E-16
5019.0943702768  1.328164E-16
5020.17326693754  1.342085E-16
5021.25216359826  1.413426E-16
5022.33106025899  1.448680E-16
5023.40995691972  1.494237E-16
5024.48885358045  1.521588E-16
5025.56775024118  1.528883E-16
5026.64664690191  1.530670E-16
5027.72554356265  1.509007E-16
5028.80444022338  1.523826E-16
5029.88333688411  1.523768E-16
5030.96223354484  1.534582E-16
5032.04113020557  1.577914E-16
5033.1200268663  1.588341E-16
5034.19892352703  1.552218E-16
5035.27782018775  1.531739E-16
5036.35671684849  1.496327E-16
5037.43561350922  1.469445E-16
5038.51451016995  1.464175E-16
5039.59340683067  1.445592E-16
5040.67230349141  1.419234E-16
5041.75120015214  1.434841E-16
5042.83009681287  1.497616E-16
5043.9089934736  1.562749E-16
5044.98789013433  1.594621E-16
5046.06678679505  1.626417E-16
5047.14568345579  1.608462E-16
5048.22458011652  1.602472E-16
5049.30347677725  1.575249E-16
5050.38237343798  1.551527E-16
5051.4612700987  1.546530E-16
5052.54016675943  1.554308E-16
5053.61906342017  1.581290E-16
5054.6979600809  1.614766E-16
5055.77685674162  1.620106E-16
5056.85575340235  1.649980E-16
5057.93465006309  1.668115E-16
5059.01354672381  1.646162E-16
5060.09244338455  1.621322E-16
5061.17134004527  1.635537E-16
5062.25023670601  1.663109E-16
5063.32913336673  1.641463E-16
5064.40803002746  1.576978E-16
5065.48692668819  1.523625E-16
5066.56582334893  1.565099E-16
5067.64472000966  1.590326E-16
5068.72361667038  1.622650E-16
5069.80251333111  1.631908E-16
5070.88140999185  1.637866E-16
5071.96030665257  1.594486E-16
5073.0392033133  1.594696E-16
5074.11809997403  1.584691E-16
5075.19699663476  1.623938E-16
5076.2758932955  1.579966E-16
5077.35478995622  1.624242E-16
5078.43368661695  1.607199E-16
5079.51258327769  1.522302E-16
5080.59147993841  1.544885E-16
5081.67037659914  1.577052E-16
5082.74927325988  1.586437E-16
5083.82816992061  1.554169E-16
5084.90706658134  1.587685E-16
5085.98596324207  1.621542E-16
5087.0648599028  1.598995E-16
5088.14375656352  1.595542E-16
5089.22265322426  1.608181E-16
5090.30154988499  1.619934E-16
5091.38044654572  1.639789E-16
5092.45934320645  1.639926E-16
5093.53823986717  1.650239E-16
5094.6171365279  1.660716E-16
5095.69603318864  1.613672E-16
5096.77492984937  1.595848E-16
5097.85382651009  1.548896E-16
5098.93272317083  1.541299E-16
5100.01161983156  1.551415E-16
5101.09051649229  1.550316E-16
5102.16941315302  1.578446E-16
5103.24830981375  1.613971E-16
5104.32720647448  1.622391E-16
5105.40610313521  1.584265E-16
5106.48499979593  1.555504E-16
5107.56389645666  1.561187E-16
5108.6427931174  1.551862E-16
5109.72168977813  1.507581E-16
5110.80058643885  1.506578E-16
5111.87948309958  1.567062E-16
5112.95837976032  1.590582E-16
5114.03727642104  1.613579E-16
5115.11617308178  1.604931E-16
5116.1950697425  1.610262E-16
5117.27396640323  1.606709E-16
5118.35286306397  1.576599E-16
5119.4317597247  1.609953E-16
5120.51065638542  1.618731E-16
5121.58955304616  1.593856E-16
5122.66844970688  1.553169E-16
5123.74734636761  1.515156E-16
5124.82624302834  1.531698E-16
5125.90513968907  1.527398E-16
5126.9840363498  1.505421E-16
5128.06293301054  1.499028E-16
5129.14182967126  1.494405E-16
5130.22072633199  1.522057E-16
5131.29962299273  1.547399E-16
5132.37851965346  1.577506E-16
5133.45741631418  1.622531E-16
5134.53631297491  1.618119E-16
5135.61520963564  1.576491E-16
5136.69410629638  1.581123E-16
5137.77300295711  1.571081E-16
5138.85189961784  1.551049E-16
5139.93079627857  1.536867E-16
5141.00969293929  1.534404E-16
5142.08858960003  1.551766E-16
5143.16748626076  1.547386E-16
5144.24638292149  1.576386E-16
5145.32527958221  1.566448E-16
5146.40417624295  1.543198E-16
5147.48307290368  1.529070E-16
5148.56196956441  1.533526E-16
5149.64086622513  1.540733E-16
5150.71976288587  1.553696E-16
5151.7986595466  1.557624E-16
5152.87755620733  1.529818E-16
5153.95645286805  1.531191E-16
5155.03534952879  1.542460E-16
5156.11424618952  1.573459E-16
5157.19314285025  1.624121E-16
5158.27203951097  1.712538E-16
5159.3509361717  1.653588E-16
5160.42983283244  1.640666E-16
5161.50872949316  1.631529E-16
5162.58762615389  1.601898E-16
5163.66652281463  1.595067E-16
5164.74541947536  1.521278E-16
5165.82431613608  1.456084E-16
5166.90321279682  1.356546E-16
5167.98210945755  1.254851E-16
5169.06100611828  1.268935E-16
5170.139902779  1.345914E-16
5171.21879943973  1.373912E-16
5172.29769610047  1.380337E-16
5173.37659276119  1.394816E-16
5174.45548942192  1.486457E-16
5175.53438608265  1.581488E-16
5176.61328274339  1.607444E-16
5177.69217940411  1.667134E-16
5178.77107606484  1.657632E-16
5179.84997272558  1.664114E-16
5180.92886938631  1.623090E-16
5182.00776604703  1.588764E-16
5183.08666270776  1.468942E-16
5184.16555936849  1.401783E-16
5185.24445602923  1.440654E-16
5186.32335268996  1.515970E-16
5187.40224935068  1.569736E-16
5188.48114601141  1.552909E-16
5189.56004267214  1.536322E-16
5190.63893933288  1.552952E-16
5191.71783599361  1.530638E-16
5192.79673265434  1.522222E-16
5193.87562931507  1.537187E-16
5194.95452597579  1.522211E-16
5196.03342263653  1.514777E-16
5197.11231929726  1.520701E-16
5198.19121595798  1.570249E-16
5199.27011261872  1.611661E-16
5200.34900927945  1.605946E-16
5201.42790594018  1.620695E-16
5202.50680260091  1.638175E-16
5203.58569926164  1.542892E-16
5204.66459592237  1.443202E-16
5205.7434925831  1.552078E-16
5206.82238924382  1.524273E-16
5207.90128590455  1.415018E-16
5208.98018256529  1.442973E-16
5210.05907922602  1.500247E-16
5211.13797588675  1.586549E-16
5212.21687254748  1.638275E-16
5213.29576920821  1.652391E-16
5214.37466586893  1.666185E-16
5215.45356252967  1.669103E-16
5216.5324591904  1.635494E-16
5217.61135585112  1.616468E-16
5218.69025251186  1.675219E-16
5219.76914917259  1.722226E-16
5220.84804583331  1.708634E-16
5221.92694249404  1.715243E-16
5223.00583915478  1.703198E-16
5224.0847358155  1.662359E-16
5225.16363247624  1.611241E-16
5226.24252913696  1.511849E-16
5227.32142579769  1.493744E-16
5228.40032245843  1.557196E-16
5229.47921911915  1.641656E-16
5230.55811577988  1.693074E-16
5231.63701244062  1.702301E-16
5232.71590910135  1.659766E-16
5233.79480576208  1.585070E-16
5234.8737024228  1.568384E-16
5235.95259908353  1.599159E-16
5237.03149574426  1.654281E-16
5238.11039240499  1.676780E-16
5239.18928906572  1.668828E-16
5240.26818572645  1.716579E-16
5241.34708238719  1.743405E-16
5242.42597904791  1.707574E-16
5243.50487570864  1.725981E-16
5244.58377236938  1.792485E-16
5245.66266903011  1.690449E-16
5246.74156569083  1.666001E-16
5247.82046235157  1.644614E-16
5248.8993590123  1.631792E-16
5249.97825567303  1.639701E-16
5251.05715233376  1.638489E-16
5252.13604899449  1.633378E-16
5253.21494565522  1.675663E-16
5254.29384231594  1.674965E-16
5255.37273897667  1.692495E-16
5256.45163563741  1.690628E-16
5257.53053229814  1.764573E-16
5258.60942895887  1.779811E-16
5259.68832561959  1.766720E-16
5260.76722228033  1.698581E-16
5261.84611894106  1.674858E-16
5262.92501560178  1.635845E-16
5264.00391226252  1.565444E-16
5265.08280892325  1.553795E-16
5266.16170558398  1.559494E-16
5267.24060224471  1.577801E-16
5268.31949890543  1.558385E-16
5269.39839556617  1.520917E-16
5270.4772922269  1.537633E-16
5271.55618888762  1.592575E-16
5272.63508554835  1.666902E-16
5273.71398220909  1.664767E-16
5274.79287886981  1.628231E-16
5275.87177553054  1.624094E-16
5276.95067219127  1.657618E-16
5278.02956885201  1.702852E-16
5279.10846551273  1.764532E-16
5280.18736217347  1.762314E-16
5281.2662588342  1.735451E-16
5282.34515549493  1.719471E-16
5283.42405215565  1.835294E-16
5284.50294881638  1.787337E-16
5285.58184547711  1.744235E-16
5286.66074213785  1.785045E-16
5287.73963879857  1.829120E-16
5288.8185354593  1.833091E-16
5289.89743212004  1.786387E-16
5290.97632878076  1.832555E-16
5292.05522544149  1.838597E-16
5293.13412210223  1.790268E-16
5294.21301876295  1.801211E-16
5295.29191542368  1.787697E-16
5296.37081208441  1.711629E-16
5297.44970874514  1.665693E-16
5298.52860540587  1.671258E-16
5299.60750206661  1.706603E-16
5300.68639872734  1.747757E-16
5301.76529538806  1.752469E-16
5302.8441920488  1.763217E-16
5303.92308870953  1.779793E-16
5305.00198537026  1.786475E-16
5306.08088203099  1.771318E-16
5307.15977869172  1.780095E-16
5308.23867535244  1.805164E-16
5309.31757201318  1.844269E-16
5310.39646867391  1.859148E-16
5311.47536533464  1.824808E-16
5312.55426199537  1.827073E-16
5313.6331586561  1.813909E-16
5314.71205531683  1.800243E-16
5315.79095197756  1.741447E-16
5316.86984863829  1.708259E-16
5317.94874529902  1.740285E-16
5319.02764195974  1.797710E-16
5320.10653862048  1.797100E-16
5321.1854352812  1.796422E-16
5322.26433194194  1.825008E-16
5323.34322860266  1.804721E-16
5324.4221252634  1.769555E-16
5325.50102192413  1.764888E-16
5326.57991858486  1.746415E-16
5327.65881524558  1.662623E-16
5328.73771190632  1.603295E-16
5329.81660856705  1.665393E-16
5330.89550522777  1.760911E-16
5331.9744018885  1.811089E-16
5333.05329854924  1.794539E-16
5334.13219520997  1.809594E-16
5335.21109187069  1.817254E-16
5336.28998853142  1.783540E-16
5337.36888519215  1.760214E-16
5338.44778185289  1.788164E-16
5339.52667851361  1.771422E-16
5340.60557517434  1.785916E-16
5341.68447183508  1.789356E-16
5342.76336849581  1.788147E-16
5343.84226515653  1.809852E-16
5344.92116181726  1.839283E-16
5346.000058478  1.823460E-16
5347.07895513873  1.814529E-16
5348.15785179945  1.793577E-16
5349.23674846018  1.787604E-16
5350.31564512092  1.781964E-16
5351.39454178164  1.815644E-16
5352.47343844237  1.864077E-16
5353.55233510311  1.885824E-16
5354.63123176384  1.909068E-16
5355.71012842456  1.914626E-16
5356.7890250853  1.906899E-16
5357.86792174603  1.920326E-16
5358.94681840676  1.909163E-16
5360.02571506749  1.900271E-16
5361.10461172822  1.855841E-16
5362.18350838895  1.817485E-16
5363.26240504968  1.811255E-16
5364.34130171041  1.797876E-16
5365.42019837114  1.802795E-16
5366.49909503187  1.820271E-16
5367.5779916926  1.815679E-16
5368.65688835332  1.831848E-16
5369.73578501406  1.774122E-16
5370.81468167479  1.712109E-16
5371.89357833552  1.747256E-16
5372.97247499625  1.795450E-16
5374.05137165698  1.848997E-16
5375.13026831771  1.885716E-16
5376.20916497844  1.884612E-16
5377.28806163917  1.894781E-16
5378.36695829989  1.900925E-16
5379.44585496063  1.886659E-16
5380.52475162136  1.896216E-16
5381.60364828209  1.871553E-16
5382.68254494282  1.849130E-16
5383.76144160355  1.886832E-16
5384.84033826427  1.895968E-16
5385.91923492501  1.897984E-16
5386.99813158574  1.888502E-16
5388.07702824646  1.880609E-16
5389.1559249072  1.879664E-16
5390.23482156793  1.839974E-16
5391.31371822865  1.885739E-16
5392.39261488939  1.867348E-16
5393.47151155012  1.869492E-16
5394.55040821085  1.870147E-16
5395.62930487157  1.810412E-16
5396.7082015323  1.772834E-16
5397.78709819303  1.801255E-16
5398.86599485377  1.828562E-16
5399.94489151449  1.896278E-16
5401.02378817523  1.908429E-16
5402.10268483596  1.874728E-16
5403.18158149669  1.850685E-16
5404.26047815741  1.779346E-16
5405.33937481815  1.750296E-16
5406.41827147888  1.731756E-16
5407.49716813961  1.790152E-16
5408.57606480034  1.785897E-16
5409.65496146107  1.778253E-16
5410.7338581218  1.780939E-16
5411.81275478253  1.826021E-16
5412.89165144326  1.863324E-16
5413.97054810399  1.873181E-16
5415.04944476472  1.867686E-16
5416.12834142544  1.894212E-16
5417.20723808618  1.919513E-16
5418.28613474691  1.885355E-16
5419.36503140764  1.875892E-16
5420.44392806836  1.898333E-16
5421.5228247291  1.910107E-16
5422.60172138983  1.870310E-16
5423.68061805056  1.861535E-16
5424.75951471129  1.876786E-16
5425.83841137202  1.886646E-16
5426.91730803275  1.935821E-16
5427.99620469348  1.965044E-16
5429.07510135421  1.887652E-16
5430.15399801494  1.834965E-16
5431.23289467567  1.859869E-16
5432.31179133639  1.887231E-16
5433.39068799712  1.855192E-16
5434.46958465786  1.827220E-16
5435.54848131859  1.827953E-16
5436.62737797931  1.845029E-16
5437.70627464005  1.926991E-16
5438.78517130078  2.003403E-16
5439.86406796151  1.966873E-16
5440.94296462224  1.993585E-16
5442.02186128297  2.030376E-16
5443.1007579437  1.996907E-16
5444.17965460442  1.949196E-16
5445.25855126515  1.896748E-16
5446.33744792588  1.844880E-16
5447.41634458662  1.834013E-16
5448.49524124735  1.905594E-16
5449.57413790807  1.962684E-16
5450.65303456881  1.964544E-16
5451.73193122954  1.952471E-16
5452.81082789026  1.964607E-16
5453.889724551  1.947844E-16
5454.96862121172  1.900950E-16
5456.04751787246  1.897258E-16
5457.12641453319  1.919447E-16
5458.20531119391  1.981148E-16
5459.28420785464  2.012851E-16
5460.36310451538  2.009354E-16
5461.44200117611  1.992702E-16
5462.52089783684  1.972863E-16
5463.59979449757  1.922855E-16
5464.6786911583  1.936524E-16
5465.75758781903  1.989677E-16
5466.83648447976  1.974682E-16
5467.91538114049  2.002389E-16
5468.99427780121  2.005720E-16
5470.07317446195  1.989478E-16
5471.15207112268  1.996035E-16
5472.23096778341  1.962667E-16
5473.30986444414  1.985268E-16
5474.38876110487  1.951972E-16
5475.4676577656  1.913609E-16
5476.54655442633  1.901905E-16
5477.62545108706  1.984921E-16
5478.70434774779  1.904314E-16
5479.78324440852  1.942585E-16
5480.86214106925  1.956400E-16
5481.94103772998  1.965955E-16
5483.01993439071  1.981774E-16
5484.09883105144  2.009717E-16
5485.17772771217  2.012114E-16
5486.2566243729  2.013104E-16
5487.33552103363  2.011833E-16
5488.41441769436  1.966595E-16
5489.49331435509  1.982077E-16
5490.57221101582  1.989888E-16
5491.65110767654  1.998206E-16
5492.73000433727  2.008340E-16
5493.80890099801  2.000287E-16
5494.88779765874  2.025527E-16
5495.96669431947  2.030159E-16
5497.04559098019  1.994885E-16
5498.12448764092  1.997371E-16
5499.20338430166  2.040853E-16
5500.28228096239  2.053669E-16
5501.36117762311  2.026961E-16
5502.44007428385  2.025061E-16
5503.51897094458  1.992774E-16
5504.59786760531  1.998558E-16
5505.67676426603  2.000894E-16
5506.75566092677  1.957285E-16
5507.8345575875  1.962146E-16
5508.91345424822  1.978060E-16
5509.99235090895  1.991156E-16
5511.07124756968  1.979429E-16
5512.15014423042  1.987031E-16
5513.22904089114  1.963393E-16
5514.30793755187  1.987430E-16
5515.38683421261  2.018814E-16
5516.46573087334  2.011350E-16
5517.54462753406  2.021971E-16
5518.6235241948  2.046051E-16
5519.70242085553  2.056817E-16
5520.78131751626  2.071810E-16
5521.86021417699  2.054079E-16
5522.93911083772  2.048747E-16
5524.01800749845  2.044234E-16
5525.09690415918  2.001940E-16
5526.17580081991  1.958786E-16
5527.25469748064  1.943123E-16
5528.33359414137  1.921039E-16
5529.4124908021  1.951190E-16
5530.49138746282  2.036365E-16
5531.57028412356  2.063077E-16
5532.64918078429  2.099716E-16
5533.72807744501  2.090044E-16
5534.80697410575  2.030757E-16
5535.88587076648  2.022611E-16
5536.96476742721  2.046360E-16
5538.04366408794  2.065725E-16
5539.12256074866  2.095821E-16
5540.2014574094  2.098770E-16
5541.28035407013  2.141654E-16
5542.35925073086  2.139021E-16
5543.43814739159  2.084683E-16
5544.51704405232  2.061679E-16
5545.59594071304  2.064250E-16
5546.67483737377  2.066925E-16
5547.75373403451  2.090425E-16
5548.83263069524  2.106925E-16
5549.91152735596  2.139385E-16
5550.9904240167  2.129080E-16
5552.06932067743  2.088417E-16
5553.14821733816  2.103877E-16
5554.22711399889  2.119498E-16
5555.30601065962  2.097345E-16
5556.38490732034  2.142369E-16
5557.46380398108  2.141135E-16
5558.5427006418  2.140777E-16
5559.62159730253  2.100797E-16
5560.70049396327  2.094303E-16
5561.779390624  2.108491E-16
5562.85828728472  2.093849E-16
5563.93718394546  2.090730E-16
5565.01608060619  2.061012E-16
5566.09497726691  2.045345E-16
5567.17387392765  2.071674E-16
5568.25277058837  2.083521E-16
5569.3316672491  2.077186E-16
5570.41056390984  2.067914E-16
5571.48946057057  2.107867E-16
5572.5683572313  2.058299E-16
5573.64725389203  2.051416E-16
5574.72615055276  2.099321E-16
5575.80504721349  2.113062E-16
5576.88394387422  2.188481E-16
5577.96284053495  2.257452E-16
5579.04173719568  2.222408E-16
5580.12063385641  2.169792E-16
5581.19953051714  2.146082E-16
5582.27842717787  2.115121E-16
5583.3573238386  2.153600E-16
5584.43622049933  2.127911E-16
5585.51511716006  2.089032E-16
5586.59401382079  2.032181E-16
5587.67291048152  1.994265E-16
5588.75180714225  1.992329E-16
5589.83070380298  2.021212E-16
5590.90960046371  2.048795E-16
5591.98849712444  2.082851E-16
5593.06739378517  2.074929E-16
5594.14629044589  2.097717E-16
5595.22518710663  2.127253E-16
5596.30408376736  2.114105E-16
5597.38298042809  2.132628E-16
5598.46187708881  2.126403E-16
5599.54077374955  2.089781E-16
5600.61967041028  2.093638E-16
5601.69856707101  2.102142E-16
5602.77746373174  2.114812E-16
5603.85636039247  2.133276E-16
5604.9352570532  2.160418E-16
5606.01415371392  2.226220E-16
5607.09305037465  2.235197E-16
5608.17194703539  2.203431E-16
5609.25084369612  2.204333E-16
5610.32974035684  2.214821E-16
5611.40863701757  2.236163E-16
5612.48753367831  2.230525E-16
5613.56643033904  2.199014E-16
5614.64532699976  2.142969E-16
5615.72422366049  2.100146E-16
5616.80312032123  2.111501E-16
5617.88201698196  2.132827E-16
5618.96091364269  2.172294E-16
5620.03981030341  2.215163E-16
5621.11870696415  2.202715E-16
5622.19760362487  2.155471E-16
5623.2765002856  2.168246E-16
5624.35539694634  2.124503E-16
5625.43429360707  2.118903E-16
5626.5131902678  2.156460E-16
5627.59208692853  2.144472E-16
5628.67098358926  2.149844E-16
5629.74988024999  2.236510E-16
5630.82877691071  2.248389E-16
5631.90767357145  2.222040E-16
5632.98657023218  2.228520E-16
5634.06546689291  2.232349E-16
5635.14436355364  2.199588E-16
5636.22326021437  2.187593E-16
5637.3021568751  2.178007E-16
5638.38105353583  2.184807E-16
5639.45995019656  2.197005E-16
5640.53884685728  2.163492E-16
5641.61774351802  2.184049E-16
5642.69664017875  2.202968E-16
5643.77553683948  2.209991E-16
5644.85443350021  2.209924E-16
5645.93333016094  2.261422E-16
5647.01222682166  2.232785E-16
5648.0911234824  2.219614E-16
5649.17002014313  2.236137E-16
5650.24891680386  2.256885E-16
5651.32781346459  2.236014E-16
5652.40671012532  2.260040E-16
5653.48560678604  2.225651E-16
5654.56450344678  2.195993E-16
5655.64340010751  2.205587E-16
5656.72229676824  2.182353E-16
5657.80119342897  2.132917E-16
5658.88009008969  2.124904E-16
5659.95898675042  2.153426E-16
5661.03788341116  2.177932E-16
5662.11678007189  2.200079E-16
5663.19567673262  2.178528E-16
5664.27457339335  2.174807E-16
5665.35347005408  2.211486E-16
5666.43236671481  2.222273E-16
5667.51126337554  2.222794E-16
5668.59016003627  2.193196E-16
5669.669056697  2.216618E-16
5670.74795335772  2.260803E-16
5671.82685001846  2.250525E-16
5672.90574667919  2.266989E-16
5673.98464333992  2.277533E-16
5675.06354000064  2.307168E-16
5676.14243666138  2.301619E-16
5677.22133332211  2.295444E-16
5678.30022998284  2.315696E-16
5679.37912664357  2.280114E-16
5680.4580233043  2.305031E-16
5681.53691996503  2.248846E-16
5682.61581662576  2.200605E-16
5683.69471328649  2.246264E-16
5684.77360994722  2.210593E-16
5685.85250660795  2.249854E-16
5686.93140326868  2.260574E-16
5688.01029992941  2.202456E-16
5689.08919659014  2.166200E-16
5690.16809325087  2.224277E-16
5691.2469899116  2.301722E-16
5692.32588657233  2.284554E-16
5693.40478323306  2.282663E-16
5694.48367989379  2.322522E-16
5695.56257655452  2.296145E-16
5696.64147321525  2.279387E-16
5697.72036987598  2.325390E-16
5698.79926653671  2.282178E-16
5699.87816319744  2.244304E-16
5700.95705985817  2.288610E-16
5702.0359565189  2.248060E-16
5703.11485317963  2.239490E-16
5704.19374984036  2.290562E-16
5705.27264650109  2.294792E-16
5706.35154316182  2.243877E-16
5707.43043982254  2.236150E-16
5708.50933648328  2.259533E-16
5709.58823314401  2.240066E-16
5710.66712980474  2.194350E-16
5711.74602646547  2.184428E-16
5712.8249231262  2.253116E-16
5713.90381978693  2.300228E-16
5714.98271644766  2.281667E-16
5716.06161310839  2.325336E-16
5717.14050976911  2.363686E-16
5718.21940642985  2.376228E-16
5719.29830309058  2.364253E-16
5720.3771997513  2.367587E-16
5721.45609641204  2.434579E-16
5722.53499307277  2.380661E-16
5723.61388973349  2.371977E-16
5724.69278639423  2.345984E-16
5725.77168305496  2.334041E-16
5726.85057971569  2.340830E-16
5727.92947637642  2.354937E-16
5729.00837303714  2.338101E-16
5730.08726969787  2.372020E-16
5731.16616635861  2.385513E-16
5732.24506301934  2.350529E-16
5733.32395968007  2.368119E-16
5734.4028563408  2.398174E-16
5735.48175300153  2.388847E-16
5736.56064966226  2.423507E-16
5737.63954632299  2.439415E-16
5738.71844298372  2.391753E-16
5739.79733964445  2.369156E-16
5740.87623630518  2.379137E-16
5741.95513296591  2.379514E-16
5743.03402962664  2.405877E-16
5744.11292628737  2.427535E-16
5745.1918229481  2.433578E-16
5746.27071960883  2.431682E-16
5747.34961626956  2.386498E-16
5748.42851293029  2.395168E-16
5749.50740959102  2.409084E-16
5750.58630625175  2.395901E-16
5751.66520291248  2.367870E-16
5752.74409957321  2.324203E-16
5753.82299623394  2.309494E-16
5754.90189289467  2.349733E-16
5755.9807895554  2.424367E-16
5757.05968621613  2.439906E-16
5758.13858287686  2.433073E-16
5759.21747953759  2.430622E-16
5760.29637619832  2.410134E-16
5761.37527285905  2.394533E-16
5762.45416951978  2.356953E-16
5763.53306618051  2.380508E-16
5764.61196284124  2.464691E-16
5765.69085950197  2.453294E-16
5766.7697561627  2.462463E-16
5767.84865282342  2.463626E-16
5768.92754948416  2.467066E-16
5770.00644614489  2.490571E-16
5771.08534280562  2.449846E-16
5772.16423946634  2.459666E-16
5773.24313612708  2.479953E-16
5774.32203278781  2.435746E-16
5775.40092944854  2.432125E-16
5776.47982610926  2.445260E-16
5777.55872277  2.444023E-16
5778.63761943073  2.451529E-16
5779.71651609146  2.427214E-16
5780.79541275219  2.365258E-16
5781.87430941292  2.337939E-16
5782.95320607365  2.349476E-16
5784.03210273437  2.394157E-16
5785.1109993951  2.418393E-16
5786.18989605584  2.404308E-16
5787.26879271657  2.436475E-16
5788.3476893773  2.485834E-16
5789.42658603803  2.461030E-16
5790.50548269876  2.459621E-16
5791.58437935949  2.486765E-16
5792.66327602022  2.426156E-16
5793.74217268095  2.476736E-16
5794.82106934168  2.480381E-16
5795.89996600241  2.511005E-16
5796.97886266314  2.417690E-16
5798.05775932387  2.429452E-16
5799.1366559846  2.481427E-16
5800.21555264533  2.497335E-16
5801.29444930605  2.545507E-16
5802.37334596679  2.551581E-16
5803.45224262752  2.537670E-16
5804.53113928825  2.508853E-16
5805.61003594898  2.467448E-16
5806.68893260971  2.484838E-16
5807.76782927044  2.494242E-16
5808.84672593117  2.502572E-16
5809.9256225919  2.504881E-16
5811.00451925263  2.547589E-16
5812.08341591336  2.518458E-16
5813.16231257409  2.550206E-16
5814.24120923482  2.552403E-16
5815.32010589555  2.505369E-16
5816.39900255628  2.509821E-16
5817.47789921701  2.521813E-16
5818.55679587774  2.536419E-16
5819.63569253847  2.559943E-16
5820.71458919919  2.555125E-16
5821.79348585993  2.559257E-16
5822.87238252066  2.561391E-16
5823.95127918139  2.566978E-16
5825.03017584212  2.568648E-16
5826.10907250285  2.590254E-16
5827.18796916358  2.632705E-16
5828.26686582431  2.609963E-16
5829.34576248504  2.551250E-16
5830.42465914576  2.587485E-16
5831.5035558065  2.619545E-16
5832.58245246723  2.588982E-16
5833.66134912796  2.576479E-16
5834.74024578869  2.614466E-16
5835.81914244942  2.638266E-16
5836.89803911014  2.601697E-16
5837.97693577088  2.585356E-16
5839.05583243161  2.587121E-16
5840.13472909234  2.597679E-16
5841.21362575307  2.611123E-16
5842.2925224138  2.616298E-16
5843.37141907453  2.613501E-16
5844.45031573526  2.613581E-16
5845.52921239599  2.618320E-16
5846.60810905672  2.607237E-16
5847.68700571745  2.609394E-16
5848.76590237818  2.633879E-16
5849.84479903891  2.567495E-16
5850.92369569964  2.572769E-16
5852.00259236037  2.561693E-16
5853.0814890211  2.542596E-16
5854.16038568183  2.514685E-16
5855.23928234256  2.473128E-16
5856.31817900329  2.496887E-16
5857.39707566402  2.522910E-16
5858.47597232475  2.532445E-16
5859.55486898548  2.548819E-16
5860.63376564621  2.542447E-16
5861.71266230694  2.555532E-16
5862.79155896767  2.595662E-16
5863.8704556284  2.614954E-16
5864.94935228913  2.621212E-16
5866.02824894986  2.609991E-16
5867.10714561059  2.700593E-16
5868.18604227132  2.823030E-16
5869.26493893204  2.668873E-16
5870.34383559278  2.665280E-16
5871.42273225351  2.684073E-16
5872.50162891424  2.642975E-16
5873.58052557497  2.601581E-16
5874.6594222357  2.615965E-16
5875.73831889643  2.576998E-16
5876.81721555716  2.527926E-16
5877.89611221788  2.572941E-16
5878.97500887862  2.620751E-16
5880.05390553935  2.627162E-16
5881.13280220008  2.638931E-16
5882.2116988608  2.634710E-16
5883.29059552154  2.598268E-16
5884.36949218227  2.713642E-16
5885.44838884299  2.646852E-16
5886.52728550373  2.605156E-16
5887.60618216446  2.489428E-16
5888.68507882519  2.191543E-16
5889.76397548592  2.043646E-16
5890.84287214664  1.968761E-16
5891.92176880738  2.194768E-16
5893.00066546811  2.366243E-16
5894.07956212884  2.326123E-16
5895.15845878957  2.102489E-16
5896.2373554503  2.039180E-16
5897.31625211103  2.169937E-16
5898.39514877176  2.395103E-16
5899.47404543249  2.524723E-16
5900.55294209322  2.561320E-16
5901.63183875395  2.619658E-16
5902.71073541468  2.685133E-16
5903.78963207541  2.660915E-16
5904.86852873614  2.688655E-16
5905.94742539687  2.687713E-16
5907.0263220576  2.642029E-16
5908.10521871833  2.652051E-16
5909.18411537906  2.654964E-16
5910.26301203979  2.673769E-16
5911.34190870052  2.715834E-16
5912.42080536125  2.705114E-16
5913.49970202198  2.670563E-16
5914.57859868271  2.643508E-16
5915.65749534344  2.657786E-16
5916.73639200417  2.658150E-16
5917.8152886649  2.660372E-16
5918.89418532563  2.684871E-16
5919.97308198636  2.651923E-16
5921.05197864709  2.655034E-16
5922.13087530782  2.695858E-16
5923.20977196855  2.696899E-16
5924.28866862928  2.672342E-16
5925.36756529001  2.680357E-16
5926.44646195074  2.696559E-16
5927.52535861147  2.690262E-16
5928.6042552722  2.711078E-16
5929.68315193293  2.708422E-16
5930.76204859366  2.719950E-16
5931.84094525439  2.714524E-16
5932.91984191512  2.704690E-16
5933.99873857585  2.707784E-16
5935.07763523658  2.752962E-16
5936.15653189731  2.779152E-16
5937.23542855804  2.795591E-16
5938.31432521877  2.810055E-16
5939.3932218795  2.810591E-16
5940.47211854023  2.786855E-16
5941.55101520096  2.708496E-16
5942.62991186169  2.651944E-16
5943.70880852241  2.713290E-16
5944.78770518315  2.740493E-16
5945.86660184387  2.743344E-16
5946.94549850461  2.782901E-16
5948.02439516534  2.729312E-16
5949.10329182607  2.716520E-16
5950.1821884868  2.786824E-16
5951.26108514753  2.742321E-16
5952.33998180826  2.691636E-16
5953.41887846899  2.744363E-16
5954.49777512972  2.777465E-16
5955.57667179045  2.753161E-16
5956.65556845118  2.790704E-16
5957.73446511191  2.883256E-16
5958.81336177264  2.780911E-16
5959.89225843337  2.801020E-16
5960.9711550941  2.798442E-16
5962.05005175483  2.807517E-16
5963.12894841556  2.812147E-16
5964.20784507629  2.810299E-16
5965.28674173702  2.853461E-16
5966.36563839775  2.807201E-16
5967.44453505848  2.799096E-16
5968.52343171921  2.781208E-16
5969.60232837994  2.829028E-16
5970.68122504067  2.851886E-16
5971.7601217014  2.836315E-16
5972.83901836213  2.839290E-16
5973.91791502286  2.853144E-16
5974.99681168359  2.883448E-16
5976.07570834432  2.784134E-16
5977.15460500505  2.727731E-16
5978.23350166578  2.793261E-16
5979.31239832651  2.841788E-16
5980.39129498724  2.899523E-16
5981.47019164797  2.871521E-16
5982.5490883087  2.826351E-16
5983.62798496943  2.856376E-16
5984.70688163016  2.818819E-16
5985.78577829089  2.760538E-16
5986.86467495162  2.778656E-16
5987.94357161235  2.815498E-16
5989.02246827308  2.830722E-16
5990.10136493381  2.846076E-16
5991.18026159453  2.890117E-16
5992.25915825527  2.849027E-16
5993.338054916  2.893725E-16
5994.41695157673  2.930843E-16
5995.49584823746  2.917225E-16
5996.57474489819  2.887256E-16
5997.65364155892  2.853613E-16
5998.73253821965  2.936698E-16
5999.81143488038  2.943353E-16
6000.89033154111  2.867930E-16
6001.96922820184  2.872839E-16
6003.04812486257  2.875787E-16
6004.1270215233  2.901280E-16
6005.20591818403  2.869947E-16
6006.28481484476  2.901581E-16
6007.36371150549  2.886150E-16
6008.44260816622  2.832041E-16
6009.52150482695  2.877345E-16
6010.60040148768  2.898783E-16
6011.67929814841  2.874728E-16
6012.75819480914  2.883011E-16
6013.83709146987  2.881709E-16
6014.9159881306  2.890240E-16
6015.99488479133  2.915644E-16
6017.07378145206  2.876431E-16
6018.15267811279  2.908226E-16
6019.23157477352  2.926898E-16
6020.31047143425  2.888196E-16
6021.38936809498  2.891980E-16
6022.46826475571  2.905921E-16
6023.54716141644  2.874628E-16
6024.62605807717  2.873870E-16
6025.7049547379  2.890198E-16
6026.78385139863  2.942624E-16
6027.86274805936  2.958620E-16
6028.94164472009  2.972326E-16
6030.02054138082  2.991198E-16
6031.09943804155  2.978957E-16
6032.17833470228  2.995942E-16
6033.25723136301  2.964617E-16
6034.33612802374  3.002610E-16
6035.41502468447  3.029942E-16
6036.4939213452  2.990696E-16
6037.57281800593  3.001553E-16
6038.65171466665  3.007573E-16
6039.73061132739  2.924691E-16
6040.80950798812  3.007619E-16
6041.88840464885  2.998633E-16
6042.96730130958  3.001482E-16
6044.04619797031  2.971789E-16
6045.12509463104  2.998735E-16
6046.20399129177  3.011052E-16
6047.2828879525  3.044957E-16
6048.36178461323  3.054439E-16
6049.44068127396  3.086855E-16
6050.51957793469  3.003938E-16
6051.59847459542  2.993765E-16
6052.67737125615  3.008200E-16
6053.75626791688  3.025831E-16
6054.83516457761  3.046060E-16
6055.91406123833  3.011294E-16
6056.99295789907  2.981091E-16
6058.0718545598  3.028809E-16
6059.15075122053  3.079046E-16
6060.22964788126  3.008452E-16
6061.30854454199  3.074467E-16
6062.38744120272  3.054322E-16
6063.46633786345  3.033325E-16
6064.54523452418  2.984783E-16
6065.62413118491  2.988784E-16
6066.70302784564  3.013550E-16
6067.78192450637  3.036056E-16
6068.8608211671  3.088626E-16
6069.93971782783  3.044096E-16
6071.01861448856  3.085525E-16
6072.09751114929  3.079808E-16
6073.17640781002  3.070876E-16
6074.25530447075  3.060086E-16
6075.33420113148  3.122660E-16
6076.41309779221  3.138087E-16
6077.49199445294  3.046979E-16
6078.57089111367  3.015867E-16
6079.6497877744  3.028664E-16
6080.72868443513  3.063120E-16
6081.80758109586  3.027729E-16
6082.88647775659  3.066527E-16
6083.96537441732  3.031811E-16
6085.04427107805  3.036595E-16
6086.12316773878  3.040803E-16
6087.20206439951  3.077887E-16
6088.28096106024  3.082951E-16
6089.35985772097  3.031775E-16
6090.4387543817  3.070781E-16
6091.51765104243  3.058109E-16
6092.59654770316  3.095761E-16
6093.67544436389  3.083634E-16
6094.75434102462  3.123078E-16
6095.83323768535  3.107340E-16
6096.91213434608  3.059477E-16
6097.99103100681  3.139409E-16
6099.06992766754  3.148671E-16
6100.14882432827  3.112116E-16
6101.227720989  3.064361E-16
6102.30661764973  3.012101E-16
6103.38551431046  3.010868E-16
6104.46441097119  3.025205E-16
6105.54330763192  3.111009E-16
6106.62220429265  3.126286E-16
6107.70110095338  3.101524E-16
6108.77999761411  3.112895E-16
6109.85889427484  3.142504E-16
6110.93779093557  3.191624E-16
6112.0166875963  3.177810E-16
6113.09558425703  3.151731E-16
6114.17448091776  3.129338E-16
6115.25337757849  3.156700E-16
6116.33227423922  3.221336E-16
6117.41117089995  3.213516E-16
6118.49006756068  3.207900E-16
6119.56896422141  3.174567E-16
6120.64786088214  3.121179E-16
6121.72675754287  3.095742E-16
6122.8056542036  3.039649E-16
6123.88455086433  3.075660E-16
6124.96344752506  3.170664E-16
6126.04234418579  3.158024E-16
6127.12124084652  3.132034E-16
6128.20013750725  3.168465E-16
6129.27903416798  3.181241E-16
6130.35793082871  3.194457E-16
6131.43682748944  3.220327E-16
6132.51572415017  3.227401E-16
6133.5946208109  3.297047E-16
6134.67351747163  3.233727E-16
6135.75241413236  3.085453E-16
6136.83131079309  3.092932E-16
6137.91020745382  3.110222E-16
6138.98910411455  3.116790E-16
6140.06800077527  3.080871E-16
6141.14689743601  3.054641E-16
6142.22579409674  2.999659E-16
6143.30469075747  3.095083E-16
6144.3835874182  3.205264E-16
6145.46248407893  3.227517E-16
6146.54138073966  3.260817E-16
6147.62027740039  3.223123E-16
6148.69917406112  3.145717E-16
6149.77807072185  3.204197E-16
6150.85696738258  3.292509E-16
6151.93586404331  3.270229E-16
6153.01476070403  3.263617E-16
6154.09365736477  3.246892E-16
6155.1725540255  3.245944E-16
6156.25145068623  3.298148E-16
6157.33034734696  3.277246E-16
6158.40924400769  3.233280E-16
6159.48814066842  3.247620E-16
6160.56703732915  3.231849E-16
6161.64593398988  3.132962E-16
6162.72483065061  3.132859E-16
6163.80372731134  3.118605E-16
6164.88262397207  3.239461E-16
6165.9615206328  3.239628E-16
6167.04041729353  3.277391E-16
6168.11931395426  3.296697E-16
6169.19821061499  3.197954E-16
6170.27710727572  3.190181E-16
6171.35600393645  3.346026E-16
6172.43490059718  3.287538E-16
6173.51379725791  3.275946E-16
6174.59269391864  3.355042E-16
6175.67159057937  3.328258E-16
6176.7504872401  3.303851E-16
6177.82938390083  3.312461E-16
6178.90828056156  3.383683E-16
6179.98717722229  3.338463E-16
6181.06607388302  3.322193E-16
6182.14497054375  3.333402E-16
6183.22386720448  3.391600E-16
6184.30276386521  3.396434E-16
6185.38166052594  3.393867E-16
6186.46055718667  3.337964E-16
6187.5394538474  3.324444E-16
6188.61835050813  3.397984E-16
6189.69724716886  3.314416E-16
6190.77614382959  3.289024E-16
6191.85504049032  3.301623E-16
6192.93393715105  3.625528E-16
6194.01283381178  3.469344E-16
6195.09173047251  3.397903E-16
6196.17062713324  3.401186E-16
6197.24952379397  3.404526E-16
6198.3284204547  3.354173E-16
6199.40731711543  3.451741E-16
6200.48621377616  3.423066E-16
6201.56511043689  3.433678E-16
6202.64400709762  3.461248E-16
6203.72290375835  3.429118E-16
6204.80180041908  3.427543E-16
6205.88069707981  3.529755E-16
6206.95959374054  3.457524E-16
6208.03849040127  3.413947E-16
6209.117387062  3.453438E-16
6210.19628372273  3.414346E-16
6211.27518038346  3.420327E-16
6212.35407704419  3.465648E-16
6213.43297370492  3.444605E-16
6214.51187036565  3.444499E-16
6215.59076702638  3.395780E-16
6216.6696636871  3.425647E-16
6217.74856034784  3.388270E-16
6218.82745700857  3.398803E-16
6219.9063536693  3.491427E-16
6220.98525033003  3.425499E-16
6222.06414699076  3.449523E-16
6223.14304365149  3.422842E-16
6224.22194031222  3.801309E-16
6225.30083697295  3.631796E-16
6226.37973363368  3.471402E-16
6227.45863029441  3.463846E-16
6228.53752695514  3.425360E-16
6229.61642361587  3.336600E-16
6230.6953202766  3.293214E-16
6231.77421693733  3.370636E-16
6232.85311359806  3.412412E-16
6233.93201025879  3.450235E-16
6235.01090691952  3.507466E-16
6236.08980358025  3.505580E-16
6237.16870024098  3.459584E-16
6238.24759690171  3.424663E-16
6239.32649356244  3.739306E-16
6240.40539022317  3.664967E-16
6241.4842868839  3.426058E-16
6242.56318354463  3.448094E-16
6243.64208020536  3.449418E-16
6244.72097686609  3.430175E-16
6245.79987352682  3.421527E-16
6246.87877018755  3.372904E-16
6247.95766684828  3.397238E-16
6249.03656350901  3.379199E-16
6250.11546016974  3.401128E-16
6251.19435683047  3.462062E-16
6252.2732534912  3.387752E-16
6253.35215015192  3.358477E-16
6254.43104681266  3.408620E-16
6255.50994347339  3.419700E-16
6256.58884013412  3.391302E-16
6257.66773679485  3.357274E-16
6258.74663345558  3.378673E-16
6259.82553011631  3.428860E-16
6260.90442677704  3.475572E-16
6261.98332343777  3.511139E-16
6263.0622200985  3.520605E-16
6264.14111675923  3.483465E-16
6265.22001341996  3.522411E-16
6266.29891008069  3.584740E-16
6267.37780674142  3.570994E-16
6268.45670340215  3.583272E-16
6269.53560006288  3.549919E-16
6270.61449672361  3.536599E-16
6271.69339338434  3.514374E-16
6272.77229004507  3.506223E-16
6273.8511867058  3.589472E-16
6274.93008336653  3.628287E-16
6276.00898002726  3.559667E-16
6277.08787668799  3.460137E-16
6278.16677334872  3.426733E-16
6279.24567000945  3.407300E-16
6280.32456667018  3.392808E-16
6281.40346333091  3.376273E-16
6282.48235999164  3.400991E-16
6283.56125665237  3.476803E-16
6284.6401533131  3.497919E-16
6285.71904997383  3.504781E-16
6286.79794663456  3.505786E-16
6287.87684329529  3.552377E-16
6288.95573995602  3.578481E-16
6290.03463661675  3.553020E-16
6291.11353327748  3.564948E-16
6292.19242993821  3.544126E-16
6293.27132659894  3.548190E-16
6294.35022325967  3.558961E-16
6295.4291199204  3.571347E-16
6296.50801658113  3.540221E-16
6297.58691324186  3.524760E-16
6298.66580990259  3.481197E-16
6299.74470656332  3.515974E-16
6300.82360322405  3.553112E-16
6301.90249988478  3.514929E-16
6302.98139654551  3.482070E-16
6304.06029320624  3.458651E-16
6305.13918986697  3.497598E-16
6306.2180865277  3.594337E-16
6307.29698318843  3.570167E-16
6308.37587984916  3.603012E-16
6309.45477650989  3.640242E-16
6310.53367317062  3.635941E-16
6311.61256983135  3.555880E-16
6312.69146649208  3.612931E-16
6313.77036315281  3.632895E-16
6314.84925981354  3.591905E-16
6315.92815647427  3.597978E-16
6317.007053135  3.549404E-16
6318.08594979573  3.544135E-16
6319.16484645646  3.579505E-16
6320.24374311719  3.566104E-16
6321.32263977792  3.566748E-16
6322.40153643865  3.624482E-16
6323.48043309938  3.612744E-16
6324.55932976011  3.671629E-16
6325.63822642084  3.691335E-16
6326.71712308157  3.657642E-16
6327.7960197423  3.686507E-16
6328.87491640303  3.686056E-16
6329.95381306376  3.668803E-16
6331.03270972449  3.623268E-16
6332.11160638522  3.727578E-16
6333.19050304595  3.759378E-16
6334.26939970668  3.657393E-16
6335.34829636741  3.669228E-16
6336.42719302814  3.604913E-16
6337.50608968887  3.729013E-16
6338.5849863496  3.702131E-16
6339.66388301033  3.692329E-16
6340.74277967106  3.730424E-16
6341.82167633179  3.768790E-16
6342.90057299252  3.731272E-16
6343.97946965325  3.735403E-16
6345.05836631398  3.754443E-16
6346.13726297471  3.697787E-16
6347.21615963544  3.714520E-16
6348.29505629617  3.710667E-16
6349.3739529569  3.770411E-16
6350.45284961763  3.806617E-16
6351.53174627836  3.806824E-16
6352.61064293909  3.859802E-16
6353.68953959982  3.736438E-16
6354.76843626055  3.804175E-16
6355.84733292128  3.793316E-16
6356.92622958201  3.767083E-16
6358.00512624274  3.704731E-16
6359.08402290347  3.701721E-16
6360.1629195642  3.765786E-16
6361.24181622493  3.684464E-16
6362.32071288566  3.792109E-16
6363.39960954639  3.821782E-16
6364.47850620712  3.777539E-16
6365.55740286785  3.805017E-16
6366.63629952858  3.813563E-16
6367.71519618931  3.820013E-16
6368.79409285004  3.834354E-16
6369.87298951077  3.728252E-16
6370.9518861715  3.734373E-16
6372.03078283223  3.842087E-16
6373.10967949296  3.861529E-16
6374.18857615369  3.810595E-16
6375.26747281442  3.855880E-16
6376.34636947515  3.853339E-16
6377.42526613588  3.854288E-16
6378.50416279661  3.930746E-16
6379.58305945734  3.932024E-16
6380.66195611807  3.863057E-16
6381.7408527788  3.920098E-16
6382.81974943953  3.935138E-16
6383.89864610026  3.949197E-16
6384.97754276099  3.853190E-16
6386.05643942172  3.954405E-16
6387.13533608245  3.980715E-16
6388.21423274318  3.925875E-16
6389.29312940391  3.987387E-16
6390.37202606464  4.000504E-16
6391.45092272537  3.938179E-16
6392.5298193861  3.944905E-16
6393.60871604683  3.916144E-16
6394.68761270756  3.899108E-16
6395.76650936829  3.967389E-16
6396.84540602902  4.040131E-16
6397.92430268975  3.986941E-16
6399.00319935048  3.886687E-16
6400.08209601121  3.873871E-16
6401.16099267194  4.040408E-16
6402.23988933267  4.044260E-16
6403.3187859934  3.994220E-16
6404.39768265413  3.982966E-16
6405.47657931486  4.037874E-16
6406.55547597559  4.015305E-16
6407.63437263632  3.996083E-16
6408.71326929705  3.938495E-16
6409.79216595778  3.944435E-16
6410.87106261851  3.972538E-16
6411.94995927924  3.970075E-16
6413.02885593997  3.939192E-16
6414.1077526007  4.035704E-16
6415.18664926143  4.036141E-16
6416.26554592216  4.039223E-16
6417.34444258289  4.015167E-16
6418.42333924362  4.035834E-16
6419.50223590435  4.112433E-16
6420.58113256508  4.007393E-16
6421.66002922581  4.020368E-16
6422.73892588654  4.026274E-16
6423.81782254727  4.078335E-16
6424.896719208  4.073717E-16
6425.97561586873  4.208550E-16
6427.05451252945  4.140955E-16
6428.13340919019  4.114290E-16
6429.21230585092  4.055217E-16
6430.29120251165  4.079597E-16
6431.37009917238  4.106266E-16
6432.44899583311  4.107385E-16
6433.52789249384  4.190012E-16
6434.60678915457  4.066978E-16
6435.6856858153  4.147818E-16
6436.76458247603  4.225220E-16
6437.84347913676  4.132695E-16
6438.92237579749  4.020319E-16
6440.00127245822  4.101260E-16
6441.08016911895  4.084014E-16
6442.15906577968  4.219531E-16
6443.23796244041  4.222252E-16
6444.31685910114  4.141409E-16
6445.39575576187  4.241610E-16
6446.4746524226  4.286923E-16
6447.55354908333  4.322530E-16
6448.63244574406  4.710469E-16
6449.71134240479  4.206601E-16
6450.79023906552  4.123700E-16
6451.86913572625  4.218388E-16
6452.94803238698  4.288602E-16
6454.02692904771  4.142909E-16
6455.10582570844  4.168475E-16
6456.18472236917  4.086166E-16
6457.2636190299  4.126150E-16
6458.34251569063  4.181915E-16
6459.42141235136  4.201252E-16
6460.50030901209  4.254460E-16
6461.57920567282  4.166999E-16
6462.65810233355  4.144692E-16
6463.73699899428  4.196693E-16
6464.81589565501  4.269901E-16
6465.89479231574  4.232159E-16
6466.97368897647  4.365147E-16
6468.0525856372  4.348217E-16
6469.13148229793  4.325805E-16
6470.21037895866  4.292118E-16
6471.28927561939  4.337764E-16
6472.36817228012  4.353429E-16
6473.44706894085  4.312325E-16
6474.52596560158  4.265276E-16
6475.60486226231  4.319012E-16
6476.68375892304  4.361478E-16
6477.76265558377  4.335915E-16
6478.8415522445  4.410281E-16
6479.92044890523  4.409503E-16
6480.99934556596  4.418562E-16
6482.07824222669  4.381369E-16
6483.15713888742  4.352545E-16
6484.23603554815  4.289603E-16
6485.31493220888  4.316942E-16
6486.39382886961  4.335480E-16
6487.47272553034  4.291456E-16
6488.55162219107  4.295478E-16
6489.6305188518  4.354871E-16
6490.70941551253  4.266431E-16
6491.78831217326  4.217251E-16
6492.86720883399  4.129065E-16
6493.94610549472  4.108678E-16
6495.02500215545  4.007216E-16
6496.10389881618  3.761197E-16
6497.18279547691  3.725655E-16
6498.26169213764  4.092443E-16
6499.34058879837  4.205372E-16
6500.4194854591  4.283456E-16
6501.49838211983  4.456641E-16
6502.57727878056  4.467103E-16
6503.65617544129  4.490966E-16
6504.73507210202  4.533429E-16
6505.81396876275  4.518950E-16
6506.89286542348  4.518854E-16
6507.97176208421  4.525658E-16
6509.05065874494  4.490091E-16
6510.12955540567  4.568905E-16
6511.2084520664  4.606650E-16
6512.28734872713  4.682352E-16
6513.36624538786  4.604864E-16
6514.44514204859  4.489338E-16
6515.52403870932  4.455952E-16
6516.60293537005  4.428922E-16
6517.68183203078  4.289560E-16
6518.76072869151  4.343082E-16
6519.83962535224  4.526767E-16
6520.91852201297  4.636777E-16
6521.9974186737  4.636464E-16
6523.07631533443  4.600449E-16
6524.15521199516  4.564399E-16
6525.23410865589  4.485607E-16
6526.31300531662  4.556901E-16
6527.39190197735  4.618044E-16
6528.47079863808  4.611992E-16
6529.54969529881  4.700107E-16
6530.62859195954  4.627022E-16
6531.70748862027  4.538080E-16
6532.786385281  4.589328E-16
6533.86528194173  4.668133E-16
6534.94417860246  4.501523E-16
6536.02307526319  4.555728E-16
6537.10197192392  4.516617E-16
6538.18086858465  4.663853E-16
6539.25976524538  4.673453E-16
6540.33866190611  4.514168E-16
6541.41755856684  4.610494E-16
6542.49645522757  4.645904E-16
6543.5753518883  4.678209E-16
6544.65424854903  4.588532E-16
6545.73314520976  4.601338E-16
6546.81204187049  4.544294E-16
6547.89093853122  4.624215E-16
6548.96983519195  4.590811E-16
6550.04873185268  4.698900E-16
6551.12762851341  4.522125E-16
6552.20652517414  4.687485E-16
6553.28542183487  4.762346E-16
6554.3643184956  4.611974E-16
6555.44321515633  5.219502E-16
6556.52211181706  4.799868E-16
6557.60100847779  4.825656E-16
6558.67990513852  4.856747E-16
6559.75880179925  5.067929E-16
6560.83769845998  4.857386E-16
6561.91659512071  4.427713E-16
6562.99549178144  4.307523E-16
6564.07438844217  4.489458E-16
6565.1532851029  4.909641E-16
6566.23218176363  4.934562E-16
6567.31107842436  4.886958E-16
6568.38997508509  4.830489E-16
6569.46887174582  4.966094E-16
6570.54776840655  4.759869E-16
6571.62666506728  4.722320E-16
6572.70556172801  4.684569E-16
6573.78445838874  4.660563E-16
6574.86335504947  4.782326E-16
6575.9422517102  4.722657E-16
6577.02114837093  4.792302E-16
6578.10004503166  4.885465E-16
6579.17894169239  4.918306E-16
6580.25783835312  4.864822E-16
6581.33673501385  4.752276E-16
6582.41563167458  4.869004E-16
6583.49452833531  4.909365E-16
6584.57342499604  4.741665E-16
6585.65232165677  4.825373E-16
6586.7312183175  4.882960E-16
6587.81011497823  4.863020E-16
6588.88901163895  4.910068E-16
6589.96790829969  4.839066E-16
6591.04680496042  4.819873E-16
6592.12570162115  4.855951E-16
6593.20459828188  4.729913E-16
6594.28349494261  4.670105E-16
6595.36239160334  4.828270E-16
6596.44128826407  4.870703E-16
6597.52018492479  4.941124E-16
6598.59908158553  4.893473E-16
6599.67797824626  5.029649E-16
6600.75687490699  5.226158E-16
6601.83577156772  5.020960E-16
6602.91466822845  4.927178E-16
6603.99356488918  4.917427E-16
6605.07246154991  4.988882E-16
6606.15135821064  4.954957E-16
6607.23025487137  4.977893E-16
6608.3091515321  4.981829E-16
6609.38804819283  4.911889E-16
6610.46694485356  4.995239E-16
6611.54584151429  5.051020E-16
6612.62473817502  4.990138E-16
6613.70363483575  4.918391E-16
6614.78253149648  4.890950E-16
6615.86142815721  4.961003E-16
6616.94032481794  5.058433E-16
6618.01922147867  5.087669E-16
6619.0981181394  5.174149E-16
6620.17701480013  5.099262E-16
6621.25591146086  4.959859E-16
6622.33480812159  5.047558E-16
6623.41370478232  5.175722E-16
6624.49260144305  5.094698E-16
6625.57149810378  5.093023E-16
6626.65039476451  5.081061E-16
6627.72929142524  5.089967E-16
6628.80818808597  5.046331E-16
6629.8870847467  5.056734E-16
6630.96598140743  5.164989E-16
6632.04487806816  5.029408E-16
6633.12377472889  5.026829E-16
6634.20267138962  4.943833E-16
6635.28156805035  5.032577E-16
6636.36046471108  5.075231E-16
6637.43936137181  5.107018E-16
6638.51825803254  5.397172E-16
6639.59715469327  5.500486E-16
6640.676051354  5.174827E-16
6641.75494801473  5.118405E-16
6642.83384467546  5.109168E-16
6643.91274133619  5.054315E-16
6644.99163799692  5.039176E-16
6646.07053465765  5.024813E-16
6647.14943131838  5.196997E-16
6648.22832797911  5.192155E-16
6649.30722463984  5.122572E-16
6650.38612130057  5.189207E-16
6651.4650179613  5.211341E-16
6652.54391462203  5.042455E-16
6653.62281128276  5.070925E-16
6654.70170794349  5.113203E-16
6655.78060460422  5.140665E-16
6656.85950126495  5.145953E-16
6657.93839792568  5.176825E-16
6659.01729458641  5.159673E-16
6660.09619124714  5.169813E-16
6661.17508790787  5.141210E-16
6662.2539845686  5.043752E-16
6663.33288122933  5.051481E-16
6664.41177789006  5.132102E-16
6665.49067455079  5.069220E-16
6666.56957121152  5.062300E-16
6667.64846787225  5.047737E-16
6668.72736453298  5.085408E-16
6669.80626119371  5.273555E-16
6670.88515785444  5.275486E-16
6671.96405451517  5.258202E-16
6673.0429511759  5.224601E-16
6674.12184783663  5.103163E-16
6675.20074449736  5.172425E-16
6676.27964115809  5.208835E-16
6677.35853781882  5.220994E-16
6678.43743447955  5.250990E-16
6679.51633114028  5.150564E-16
6680.59522780101  4.931088E-16
6681.67412446174  5.134990E-16
6682.75302112247  5.304753E-16
6683.8319177832  5.207321E-16
6684.91081444393  5.083936E-16
6685.98971110466  5.193691E-16
6687.06860776539  5.263542E-16
6688.14750442612  5.212054E-16
6689.22640108685  5.147884E-16
6690.30529774758  5.207481E-16
6691.38419440831  5.307757E-16
6692.46309106904  5.294879E-16
6693.54198772977  5.405351E-16
6694.6208843905  5.337373E-16
6695.69978105123  5.252903E-16
6696.77867771196  5.182688E-16
6697.85757437269  5.144794E-16
6698.93647103342  5.344642E-16
6700.01536769415  5.224834E-16
6701.09426435488  5.844055E-16
6702.17316101561  5.541367E-16
6703.25205767634  5.138376E-16
6704.33095433707  5.250833E-16
6705.4098509978  5.301105E-16
6706.48874765853  5.118493E-16
6707.56764431926  4.968741E-16
6708.64654097999  5.123730E-16
6709.72543764072  4.841444E-16
6710.80433430145  5.150733E-16
6711.88323096218  5.163505E-16
6712.96212762291  5.224435E-16
6714.04102428364  5.353972E-16
6715.11992094437  5.229120E-16
6716.1988176051  5.067776E-16
6717.27771426583  4.938086E-16
6718.35661092656  5.102762E-16
6719.43550758729  5.126841E-16
6720.51440424802  5.159118E-16
6721.59330090875  5.187471E-16
6722.67219756948  5.271012E-16
6723.75109423021  5.240421E-16
6724.82999089094  5.130525E-16
6725.90888755167  5.218699E-16
6726.9877842124  5.123032E-16
6728.06668087313  5.072477E-16
6729.14557753386  5.271499E-16
6730.22447419459  5.312007E-16
6731.30337085532  5.350259E-16
6732.38226751605  5.334589E-16
6733.46116417678  5.252413E-16
6734.54006083751  5.118663E-16
6735.61895749824  5.267250E-16
6736.69785415897  5.360406E-16
6737.7767508197  5.123195E-16
6738.85564748043  5.157072E-16
6739.93454414116  5.114852E-16
6741.01344080189  5.205149E-16
6742.09233746262  5.099450E-16
6743.17123412335  5.220851E-16
6744.25013078408  5.095715E-16
6745.32902744481  5.248244E-16
6746.40792410554  5.275439E-16
6747.48682076627  5.156909E-16
6748.565717427  5.176706E-16
6749.64461408773  5.102495E-16
6750.72351074846  5.099464E-16
6751.80240740919  5.078788E-16
6752.88130406992  5.200308E-16
6753.96020073065  5.064951E-16
6755.03909739138  5.101944E-16
6756.11799405211  5.299210E-16
6757.19689071284  5.284567E-16
6758.27578737357  5.264376E-16
6759.3546840343  5.283464E-16
6760.43358069503  5.281784E-16
6761.51247735576  5.197047E-16
6762.59137401649  5.098791E-16
6763.67027067722  5.187742E-16
6764.74916733795  5.135644E-16
6765.82806399868  5.225015E-16
6766.90696065941  5.237985E-16
6767.98585732014  5.083504E-16
6769.06475398087  5.046704E-16
6770.1436506416  5.167721E-16
6771.22254730233  5.097222E-16
6772.30144396306  5.082517E-16
6773.38034062379  5.067248E-16
6774.45923728452  5.047302E-16
6775.53813394525  4.976719E-16
6776.61703060598  5.105322E-16
6777.69592726671  5.097605E-16
6778.77482392744  4.972618E-16
6779.85372058817  5.007543E-16
6780.9326172489  5.107215E-16
6782.01151390963  5.092962E-16
6783.09041057036  4.926432E-16
6784.16930723109  4.964821E-16
6785.24820389182  5.118260E-16
6786.32710055255  4.983535E-16
6787.40599721328  5.108093E-16
6788.48489387401  5.091497E-16
6789.56379053474  4.908658E-16
6790.64268719547  4.967493E-16
6791.7215838562  4.998841E-16
6792.80048051693  5.042496E-16
6793.87937717766  5.091095E-16
6794.95827383839  4.924610E-16
6796.03717049912  5.027804E-16
6797.11606715985  5.093616E-16
6798.19496382058  5.074418E-16
6799.27386048131  5.017647E-16
6800.35275714204  5.083947E-16
6801.43165380277  4.958470E-16
6802.5105504635  4.981316E-16
6803.58944712423  4.978983E-16
6804.66834378496  4.892387E-16
6805.74724044569  4.907638E-16
6806.82613710642  4.833220E-16
6807.90503376715  4.877584E-16
6808.98393042788  4.923300E-16
6810.06282708861  4.990497E-16
6811.14172374934  5.000129E-16
6812.22062041007  4.916516E-16
6813.2995170708  4.942096E-16
6814.37841373153  4.947188E-16
6815.45731039226  4.969360E-16
6816.53620705299  4.953372E-16
6817.61510371372  4.848912E-16
6818.69400037445  4.976884E-16
6819.77289703518  4.888644E-16
6820.85179369591  4.973051E-16
6821.93069035664  4.950307E-16
6823.00958701737  5.011389E-16
6824.0884836781  5.221291E-16
