3850.00000000001  5.142140E-16
3851.0787408352  5.861224E-16
3852.15748167039  6.288774E-16
3853.23622250558  5.789930E-16
3854.31496334077  6.336283E-16
3855.39370417596  6.633122E-16
3856.47244501115  6.975014E-16
3857.55118584634  6.697795E-16
3858.62992668153  6.228361E-16
3859.70866751672  5.310703E-16
3860.78740835191  5.462872E-16
3861.8661491871  7.068812E-16
3862.94489002229  7.481818E-16
3864.02363085748  7.438550E-16
3865.10237169267  8.615350E-16
3866.18111252786  9.195230E-16
3867.25985336305  9.022168E-16
3868.33859419824  9.006753E-16
3869.41733503343  8.907780E-16
3870.49607586862  8.006096E-16
3871.57481670381  7.667072E-16
3872.653557539  8.213379E-16
3873.73229837419  8.223965E-16
3874.81103920937  8.028342E-16
3875.88978004456  8.077478E-16
3876.96852087975  7.504111E-16
3878.04726171494  7.186004E-16
3879.12600255013  8.448281E-16
3880.20474338532  9.060218E-16
3881.28348422051  8.190102E-16
3882.3622250557  8.352371E-16
3883.44096589089  9.614982E-16
3884.51970672608  9.878294E-16
3885.59844756127  8.772618E-16
3886.67718839646  7.595010E-16
3887.75592923165  6.755883E-16
3888.83467006684  6.759039E-16
3889.91341090203  7.679956E-16
3890.99215173722  9.065419E-16
3892.07089257241  1.158509E-15
3893.1496334076  1.279266E-15
3894.22837424279  1.167431E-15
3895.30711507798  1.063009E-15
3896.38585591317  1.041541E-15
3897.46459674836  1.092445E-15
3898.54333758355  1.131494E-15
3899.62207841874  1.050377E-15
3900.70081925393  9.322051E-16
3901.77956008912  8.441807E-16
3902.85830092431  9.495552E-16
3903.9370417595  1.068619E-15
3905.01578259469  1.161635E-15
3906.09452342988  1.274158E-15
3907.17326426507  1.218773E-15
3908.25200510026  1.198701E-15
3909.33074593545  1.260242E-15
3910.40948677064  1.307477E-15
3911.48822760583  1.278726E-15
3912.56696844102  1.257789E-15
3913.64570927621  1.292687E-15
3914.7244501114  1.314626E-15
3915.80319094659  1.344971E-15
3916.88193178178  1.392844E-15
3917.96067261697  1.299176E-15
3919.03941345216  1.113589E-15
3920.11815428735  1.123708E-15
3921.19689512254  1.184939E-15
3922.27563595773  1.244932E-15
3923.35437679292  1.184544E-15
3924.43311762811  1.133976E-15
3925.5118584633  1.202106E-15
3926.59059929849  1.102736E-15
3927.66934013368  8.163214E-16
3928.74808096887  8.070860E-16
3929.82682180406  8.905772E-16
3930.90556263925  8.093984E-16
3931.98430347444  8.553116E-16
3933.06304430963  8.496267E-16
3934.14178514481  8.531502E-16
3935.22052598  8.571542E-16
3936.29926681519  9.276881E-16
3937.37800765038  9.809646E-16
3938.45674848557  1.008142E-15
3939.53548932076  1.028529E-15
3940.61423015595  1.055218E-15
3941.69297099114  1.078838E-15
3942.77171182633  1.055537E-15
3943.85045266152  1.036230E-15
3944.92919349671  1.039130E-15
3946.0079343319  1.135473E-15
3947.08667516709  1.190330E-15
3948.16541600228  1.110884E-15
3949.24415683747  1.068122E-15
3950.32289767266  1.088171E-15
3951.40163850785  1.066052E-15
3952.48037934304  1.114319E-15
3953.55912017823  1.257612E-15
3954.63786101342  1.306433E-15
3955.71660184861  1.217673E-15
3956.7953426838  1.216958E-15
3957.87408351899  1.268648E-15
3958.95282435418  1.246854E-15
3960.03156518937  1.266939E-15
3961.11030602456  1.242829E-15
3962.18904685975  1.133933E-15
3963.26778769494  9.954133E-16
3964.34652853013  9.268824E-16
3965.42526936532  9.679968E-16
3966.50401020051  9.788140E-16
3967.5827510357  8.717108E-16
3968.66149187089  7.467178E-16
3969.74023270608  6.269972E-16
3970.81897354127  6.918342E-16
3971.89771437646  9.157019E-16
3972.97645521165  1.065607E-15
3974.05519604684  1.117352E-15
3975.13393688203  1.206233E-15
3976.21267771722  1.268586E-15
3977.29141855241  1.337079E-15
3978.3701593876  1.455166E-15
3979.44890022279  1.477873E-15
3980.52764105798  1.458440E-15
3981.60638189317  1.444786E-15
3982.68512272836  1.436231E-15
3983.76386356355  1.438315E-15
3984.84260439874  1.477271E-15
3985.92134523393  1.536464E-15
3987.00008606912  1.565168E-15
3988.07882690431  1.604229E-15
3989.1575677395  1.610336E-15
3990.23630857469  1.514949E-15
3991.31504940988  1.503247E-15
3992.39379024507  1.590972E-15
3993.47253108026  1.589014E-15
3994.55127191545  1.538076E-15
3995.63001275064  1.470458E-15
3996.70875358583  1.431032E-15
3997.78749442101  1.405755E-15
3998.8662352562  1.423745E-15
3999.94497609139  1.564781E-15
4001.02371692658  1.627516E-15
4002.10245776177  1.659647E-15
4003.18119859696  1.670321E-15
4004.25993943215  1.647055E-15
4005.33868026734  1.508391E-15
4006.41742110253  1.383282E-15
4007.49616193772  1.462325E-15
4008.57490277291  1.537356E-15
4009.6536436081  1.594209E-15
4010.73238444329  1.663524E-15
4011.81112527848  1.599332E-15
4012.88986611367  1.582143E-15
4013.96860694886  1.640823E-15
4015.04734778405  1.743730E-15
4016.12608861924  1.845097E-15
4017.20482945443  1.785383E-15
4018.28357028962  1.731573E-15
4019.36231112481  1.726677E-15
4020.44105196  1.692869E-15
4021.51979279519  1.752198E-15
4022.59853363038  1.689942E-15
4023.67727446557  1.535457E-15
4024.75601530076  1.555207E-15
4025.83475613595  1.597529E-15
4026.91349697114  1.604676E-15
4027.99223780633  1.629594E-15
4029.07097864152  1.591002E-15
4030.14971947671  1.500022E-15
4031.2284603119  1.364534E-15
4032.30720114709  1.227938E-15
4033.38594198228  1.232175E-15
4034.46468281747  1.329889E-15
4035.54342365266  1.499995E-15
4036.62216448785  1.642476E-15
4037.70090532304  1.713199E-15
4038.77964615823  1.762749E-15
4039.85838699342  1.767717E-15
4040.93712782861  1.680666E-15
4042.0158686638  1.630464E-15
4043.09460949899  1.645500E-15
4044.17335033418  1.508371E-15
4045.25209116937  1.368744E-15
4046.33083200456  1.323508E-15
4047.40957283975  1.436458E-15
4048.48831367494  1.665232E-15
4049.56705451013  1.781565E-15
4050.64579534532  1.739562E-15
4051.72453618051  1.708179E-15
4052.8032770157  1.614696E-15
4053.88201785089  1.489657E-15
4054.96075868608  1.502441E-15
4056.03949952127  1.522547E-15
4057.11824035646  1.528948E-15
4058.19698119164  1.561623E-15
4059.27572202683  1.556339E-15
4060.35446286202  1.615294E-15
4061.43320369721  1.649348E-15
4062.5119445324  1.558683E-15
4063.59068536759  1.511155E-15
4064.66942620278  1.511498E-15
4065.74816703797  1.569080E-15
4066.82690787316  1.632498E-15
4067.90564870835  1.665845E-15
4068.98438954354  1.717887E-15
4070.06313037873  1.721297E-15
4071.14187121392  1.631448E-15
4072.22061204911  1.544632E-15
4073.2993528843  1.511467E-15
4074.37809371949  1.512668E-15
4075.45683455468  1.429242E-15
4076.53557538987  1.309187E-15
4077.61431622506  1.202171E-15
4078.69305706025  1.163855E-15
4079.77179789544  1.242428E-15
4080.85053873063  1.412005E-15
4081.92927956582  1.543372E-15
4083.00802040101  1.580942E-15
4084.0867612362  1.565887E-15
4085.16550207139  1.560533E-15
4086.24424290658  1.607264E-15
4087.32298374177  1.616867E-15
4088.40172457696  1.637953E-15
4089.48046541215  1.704960E-15
4090.55920624734  1.653813E-15
4091.63794708253  1.650798E-15
4092.71668791772  1.747930E-15
4093.79542875291  1.748209E-15
4094.8741695881  1.736488E-15
4095.95291042329  1.722023E-15
4097.03165125848  1.692931E-15
4098.11039209367  1.663163E-15
4099.18913292886  1.623019E-15
4100.26787376405  1.434493E-15
4101.34661459924  1.195626E-15
4102.42535543443  1.174184E-15
4103.50409626962  1.366578E-15
4104.58283710481  1.515013E-15
4105.66157794  1.629163E-15
4106.74031877519  1.683623E-15
4107.81905961038  1.649442E-15
4108.89780044557  1.599714E-15
4109.97654128076  1.532918E-15
4111.05528211595  1.508752E-15
4112.13402295114  1.565252E-15
4113.21276378633  1.639306E-15
4114.29150462152  1.689169E-15
4115.37024545671  1.761372E-15
4116.44898629189  1.803015E-15
4117.52772712709  1.766248E-15
4118.60646796227  1.673216E-15
4119.68520879747  1.623675E-15
4120.76394963265  1.623415E-15
4121.84269046784  1.557491E-15
4122.92143130303  1.503448E-15
4124.00017213822  1.526049E-15
4125.07891297341  1.574495E-15
4126.1576538086  1.633734E-15
4127.23639464379  1.624655E-15
4128.31513547898  1.539214E-15
4129.39387631417  1.564206E-15
4130.47261714936  1.582145E-15
4131.55135798455  1.537761E-15
4132.63009881974  1.474206E-15
4133.70883965493  1.427471E-15
4134.78758049012  1.440963E-15
4135.86632132531  1.555679E-15
4136.9450621605  1.669640E-15
4138.02380299569  1.762900E-15
4139.10254383088  1.872547E-15
4140.18128466607  1.858147E-15
4141.26002550126  1.757714E-15
4142.33876633645  1.622039E-15
4143.41750717164  1.498060E-15
4144.49624800683  1.490023E-15
4145.57498884202  1.555768E-15
4146.65372967721  1.619364E-15
4147.7324705124  1.681104E-15
4148.81121134759  1.675091E-15
4149.88995218278  1.658441E-15
4150.96869301797  1.671022E-15
4152.04743385316  1.652361E-15
4153.12617468835  1.639673E-15
4154.20491552354  1.579377E-15
4155.28365635873  1.535385E-15
4156.36239719392  1.564968E-15
4157.44113802911  1.652966E-15
4158.5198788643  1.695031E-15
4159.59861969949  1.697031E-15
4160.67736053468  1.703937E-15
4161.75610136987  1.755015E-15
4162.83484220506  1.816151E-15
4163.91358304025  1.794528E-15
4164.99232387544  1.804994E-15
4166.07106471063  1.865171E-15
4167.14980554582  1.855140E-15
4168.22854638101  1.872052E-15
4169.3072872162  1.879012E-15
4170.38602805139  1.801845E-15
4171.46476888658  1.707208E-15
4172.54350972177  1.617352E-15
4173.62225055696  1.527442E-15
4174.70099139215  1.501678E-15
4175.77973222733  1.523070E-15
4176.85847306253  1.529378E-15
4177.93721389772  1.459617E-15
4179.01595473291  1.443303E-15
4180.09469556809  1.576555E-15
4181.17343640328  1.647665E-15
4182.25217723847  1.636559E-15
4183.33091807366  1.671389E-15
4184.40965890885  1.697602E-15
4185.48839974404  1.637614E-15
4186.56714057923  1.599152E-15
4187.64588141442  1.589563E-15
4188.72462224961  1.564714E-15
4189.8033630848  1.611487E-15
4190.88210391999  1.719885E-15
4191.96084475518  1.745659E-15
4193.03958559037  1.769420E-15
4194.11832642556  1.848222E-15
4195.19706726075  1.864952E-15
4196.27580809594  1.811588E-15
4197.35454893113  1.678230E-15
4198.43328976632  1.609988E-15
4199.51203060151  1.536025E-15
4200.5907714367  1.519909E-15
4201.66951227189  1.534851E-15
4202.74825310708  1.564576E-15
4203.82699394227  1.579540E-15
4204.90573477746  1.600796E-15
4205.98447561265  1.693741E-15
4207.06321644784  1.770110E-15
4208.14195728303  1.795272E-15
4209.22069811822  1.774811E-15
4210.29943895341  1.790637E-15
4211.3781797886  1.821854E-15
4212.45692062379  1.836630E-15
4213.53566145898  1.802995E-15
4214.61440229417  1.590768E-15
4215.69314312936  1.448267E-15
4216.77188396455  1.582775E-15
4217.85062479974  1.771082E-15
4218.92936563493  1.890439E-15
4220.00810647012  1.994496E-15
4221.08684730531  1.977318E-15
4222.1655881405  1.884276E-15
4223.24432897569  1.869151E-15
4224.32306981088  1.753547E-15
4225.40181064607  1.564512E-15
4226.48055148126  1.437235E-15
4227.55929231645  1.440397E-15
4228.63803315164  1.573081E-15
4229.71677398683  1.807307E-15
4230.79551482202  1.935752E-15
4231.87425565721  1.920800E-15
4232.9529964924  1.825738E-15
4234.03173732759  1.694657E-15
4235.11047816278  1.612588E-15
4236.18921899797  1.623395E-15
4237.26795983316  1.664348E-15
4238.34670066835  1.669062E-15
4239.42544150354  1.710849E-15
4240.50418233872  1.803880E-15
4241.58292317391  1.885663E-15
4242.6616640091  1.922761E-15
4243.74040484429  1.968081E-15
4244.81914567948  1.968294E-15
4245.89788651467  1.839878E-15
4246.97662734986  1.694056E-15
4248.05536818505  1.600220E-15
4249.13410902024  1.526787E-15
4250.21284985543  1.521966E-15
4251.29159069062  1.612668E-15
4252.37033152581  1.671042E-15
4253.449072361  1.602618E-15
4254.52781319619  1.590190E-15
4255.60655403138  1.649839E-15
4256.68529486657  1.729610E-15
4257.76403570176  1.828059E-15
4258.84277653695  1.824446E-15
4259.92151737214  1.802633E-15
4261.00025820733  1.757817E-15
4262.07899904252  1.818081E-15
4263.15773987771  1.916952E-15
4264.2364807129  2.005245E-15
4265.31522154809  2.134746E-15
4266.39396238328  2.188755E-15
4267.47270321847  2.064967E-15
4268.55144405366  1.954382E-15
4269.63018488885  1.839035E-15
4270.70892572404  1.697545E-15
4271.78766655923  1.572683E-15
4272.86640739442  1.506617E-15
4273.94514822961  1.505403E-15
4275.0238890648  1.536643E-15
4276.10262989999  1.736114E-15
4277.18137073518  1.866486E-15
4278.26011157037  1.959059E-15
4279.33885240556  2.060194E-15
4280.41759324075  2.019563E-15
4281.49633407594  1.860603E-15
4282.57507491113  1.751733E-15
4283.65381574632  1.769050E-15
4284.73255658151  1.770234E-15
4285.8112974167  1.700805E-15
4286.89003825189  1.693192E-15
4287.96877908708  1.598071E-15
4289.04751992227  1.405618E-15
4290.12626075746  1.328753E-15
4291.20500159265  1.414492E-15
4292.28374242784  1.570733E-15
4293.36248326303  1.605429E-15
4294.44122409822  1.548882E-15
4295.51996493341  1.559955E-15
4296.5987057686  1.624167E-15
4297.67744660379  1.590525E-15
4298.75618743897  1.440310E-15
4299.83492827416  1.295335E-15
4300.91366910935  1.229227E-15
4301.99240994454  1.219620E-15
4303.07115077973  1.270133E-15
4304.14989161492  1.379126E-15
4305.22863245011  1.439304E-15
4306.3073732853  1.473111E-15
4307.38611412049  1.426995E-15
4308.46485495568  1.327906E-15
4309.54359579087  1.362820E-15
4310.62233662606  1.430769E-15
4311.70107746125  1.431087E-15
4312.77981829644  1.430498E-15
4313.85855913163  1.457030E-15
4314.93729996682  1.547956E-15
4316.01604080201  1.749212E-15
4317.0947816372  1.976574E-15
4318.17352247239  2.119693E-15
4319.25226330758  2.137389E-15
4320.33100414277  2.098875E-15
4321.40974497796  2.039325E-15
4322.48848581315  1.964847E-15
4323.56722664834  1.858057E-15
4324.64596748353  1.720171E-15
4325.72470831872  1.682958E-15
4326.80344915391  1.743941E-15
4327.8821899891  1.922246E-15
4328.96093082429  2.200086E-15
4330.03967165948  2.277304E-15
4331.11841249467  2.242554E-15
4332.19715332986  2.168002E-15
4333.27589416505  2.229462E-15
4334.35463500024  2.335863E-15
4335.43337583543  2.315487E-15
4336.51211667062  2.177585E-15
4337.59085750581  1.893623E-15
4338.669598341  1.550384E-15
4339.74833917619  1.345910E-15
4340.82708001138  1.308022E-15
4341.90582084657  1.515325E-15
4342.98456168176  1.738122E-15
4344.06330251695  1.869134E-15
4345.14204335214  2.034076E-15
4346.22078418733  2.211034E-15
4347.29952502252  2.294713E-15
4348.37826585771  2.339995E-15
4349.4570066929  2.358581E-15
4350.53574752809  2.231795E-15
4351.61448836328  2.043769E-15
4352.69322919847  2.008929E-15
4353.77197003366  2.042579E-15
4354.85071086885  2.063474E-15
4355.92945170404  2.232645E-15
4357.00819253923  2.351136E-15
4358.08693337441  2.283179E-15
4359.1656742096  2.226094E-15
4360.2444150448  2.272323E-15
4361.32315587998  2.369297E-15
4362.40189671517  2.423345E-15
4363.48063755036  2.488446E-15
4364.55937838555  2.532879E-15
4365.63811922074  2.501465E-15
4366.71686005593  2.402112E-15
4367.79560089112  2.323040E-15
4368.87434172631  2.274928E-15
4369.9530825615  2.248909E-15
4371.03182339669  2.346535E-15
4372.11056423188  2.341408E-15
4373.18930506707  2.135459E-15
4374.26804590226  1.950501E-15
4375.34678673745  1.908265E-15
4376.42552757264  2.024764E-15
4377.50426840783  2.202367E-15
4378.58300924302  2.287494E-15
4379.66175007821  2.368693E-15
4380.7404909134  2.401624E-15
4381.81923174859  2.271208E-15
4382.89797258378  1.996720E-15
4383.97671341897  1.796326E-15
4385.05545425416  1.781134E-15
4386.13419508935  1.914512E-15
4387.21293592454  2.035966E-15
4388.29167675973  2.045890E-15
4389.37041759492  2.025631E-15
4390.44915843011  2.024605E-15
4391.5278992653  2.123154E-15
4392.60664010049  2.227733E-15
4393.68538093568  2.133763E-15
4394.76412177087  1.972953E-15
4395.84286260606  1.943853E-15
4396.92160344125  2.060359E-15
4398.00034427644  2.102065E-15
4399.07908511163  2.010880E-15
4400.15782594682  1.935871E-15
4401.23656678201  2.049153E-15
4402.3153076172  2.307539E-15
4403.39404845239  2.390666E-15
4404.47278928758  2.243336E-15
4405.55153012277  2.186549E-15
4406.63027095796  2.209603E-15
4407.70901179315  2.159452E-15
4408.78775262834  2.213450E-15
4409.86649346353  2.354716E-15
4410.94523429872  2.489673E-15
4412.02397513391  2.608118E-15
4413.1027159691  2.597668E-15
4414.18145680429  2.421648E-15
4415.26019763948  2.168117E-15
4416.33893847467  1.972432E-15
4417.41767930986  1.932370E-15
4418.49642014504  2.063268E-15
4419.57516098023  2.290438E-15
4420.65390181542  2.412105E-15
4421.73264265061  2.389052E-15
4422.8113834858  2.373827E-15
4423.89012432099  2.368966E-15
4424.96886515618  2.361455E-15
4426.04760599137  2.377724E-15
4427.12634682656  2.434203E-15
4428.20508766175  2.518654E-15
4429.28382849694  2.577722E-15
4430.36256933213  2.566570E-15
4431.44131016732  2.527054E-15
4432.52005100251  2.534127E-15
4433.5987918377  2.472661E-15
4434.67753267289  2.391556E-15
4435.75627350808  2.401940E-15
4436.83501434327  2.560170E-15
4437.91375517846  2.771642E-15
4438.99249601365  2.832533E-15
4440.07123684884  2.820516E-15
4441.14997768403  2.665863E-15
4442.22871851922  2.378027E-15
4443.30745935441  2.157981E-15
4444.3862001896  2.145652E-15
4445.46494102479  2.364466E-15
4446.54368185998  2.583948E-15
4447.62242269517  2.613205E-15
4448.70116353036  2.571986E-15
4449.77990436555  2.518889E-15
4450.85864520074  2.520549E-15
4451.93738603593  2.515469E-15
4453.01612687112  2.527552E-15
4454.09486770631  2.429954E-15
4455.1736085415  2.280370E-15
4456.25234937669  2.236981E-15
4457.33109021188  2.313675E-15
4458.40983104707  2.421551E-15
4459.48857188226  2.410492E-15
4460.56731271745  2.414210E-15
4461.64605355264  2.447836E-15
4462.72479438783  2.461217E-15
4463.80353522302  2.470939E-15
4464.88227605821  2.554906E-15
4465.9610168934  2.519315E-15
4467.03975772859  2.340165E-15
4468.11849856378  2.145403E-15
4469.19723939897  2.041083E-15
4470.27598023416  2.126939E-15
4471.35472106935  2.339977E-15
4472.43346190454  2.640360E-15
4473.51220273973  2.931489E-15
4474.59094357492  3.121119E-15
4475.6696844101  3.140411E-15
4476.7484252453  3.118793E-15
4477.82716608048  3.135369E-15
4478.90590691567  3.059124E-15
4479.98464775086  2.851381E-15
4481.06338858606  2.759706E-15
4482.14212942124  2.709045E-15
4483.22087025643  2.782096E-15
4484.29961109162  2.976089E-15
4485.37835192681  2.994753E-15
4486.457092762  3.038243E-15
4487.53583359719  3.075712E-15
4488.61457443238  2.843048E-15
4489.69331526757  2.660300E-15
4490.77205610276  2.645494E-15
4491.85079693795  2.766768E-15
4492.92953777314  2.838183E-15
4494.00827860833  2.801408E-15
4495.08701944352  2.839897E-15
4496.16576027871  2.894913E-15
4497.2445011139  2.924089E-15
4498.32324194909  2.969115E-15
4499.40198278428  2.938475E-15
4500.48072361947  2.866465E-15
4501.55946445466  2.913229E-15
4502.63820528985  3.089998E-15
4503.71694612504  3.307855E-15
4504.79568696023  3.570221E-15
4505.87442779542  3.622834E-15
4506.95316863061  3.458371E-15
4508.0319094658  3.276597E-15
4509.11065030099  3.294880E-15
4510.18939113618  3.433007E-15
4511.26813197137  3.504177E-15
4512.34687280656  3.494089E-15
4513.42561364175  3.453550E-15
4514.50435447694  3.385774E-15
4515.58309531213  3.366981E-15
4516.66183614732  3.256762E-15
4517.74057698251  3.168008E-15
4518.8193178177  3.182604E-15
4519.89805865289  3.221572E-15
4520.97679948808  3.327225E-15
4522.05554032327  3.280404E-15
4523.13428115846  3.150560E-15
4524.21302199365  3.157681E-15
4525.29176282884  3.188451E-15
4526.37050366403  3.152338E-15
4527.44924449922  3.009368E-15
4528.52798533441  2.907048E-15
4529.6067261696  2.886366E-15
4530.68546700479  2.931274E-15
4531.76420783998  2.925809E-15
4532.84294867517  2.782221E-15
4533.92168951036  2.494587E-15
4535.00043034555  2.376664E-15
4536.07917118074  2.614061E-15
4537.15791201593  2.995404E-15
4538.23665285112  3.190871E-15
4539.31539368631  3.295052E-15
4540.3941345215  3.188727E-15
4541.47287535668  3.058809E-15
4542.55161619188  3.136153E-15
4543.63035702707  3.141786E-15
4544.70909786225  3.016556E-15
4545.78783869744  2.901368E-15
4546.86657953263  2.859328E-15
4547.94532036782  2.731408E-15
4549.02406120301  2.594132E-15
4550.1028020382  2.550897E-15
4551.18154287339  2.529016E-15
4552.26028370858  2.521216E-15
4553.33902454377  2.479387E-15
4554.41776537896  2.367538E-15
4555.49650621415  2.384536E-15
4556.57524704934  2.507843E-15
4557.65398788453  2.670049E-15
4558.73272871972  2.913923E-15
4559.81146955491  3.120040E-15
4560.8902103901  3.159938E-15
4561.96895122529  2.932707E-15
4563.04769206048  2.702674E-15
4564.12643289567  2.662695E-15
4565.20517373086  2.744653E-15
4566.28391456605  2.897386E-15
4567.36265540124  3.056267E-15
4568.44139623643  3.223847E-15
4569.52013707162  3.266972E-15
4570.59887790681  3.124029E-15
4571.677618742  2.876626E-15
4572.75635957719  2.903156E-15
4573.83510041238  3.173914E-15
4574.91384124757  3.365507E-15
4575.99258208276  3.392127E-15
4577.07132291795  3.362322E-15
4578.15006375314  3.284341E-15
4579.22880458833  3.205544E-15
4580.30754542352  3.198942E-15
4581.38628625871  3.140892E-15
4582.4650270939  2.994648E-15
4583.54376792909  2.914500E-15
4584.62250876428  2.920531E-15
4585.70124959947  2.952144E-15
4586.77999043466  3.025977E-15
4587.85873126985  3.116326E-15
4588.93747210504  3.088644E-15
4590.01621294023  3.057812E-15
4591.09495377542  3.053112E-15
4592.17369461061  3.020646E-15
4593.2524354458  3.039576E-15
4594.33117628099  3.166931E-15
4595.40991711618  3.322819E-15
4596.48865795137  3.425829E-15
4597.56739878656  3.519432E-15
4598.64613962175  3.578635E-15
4599.72488045694  3.516066E-15
4600.80362129213  3.402329E-15
4601.88236212731  3.334338E-15
4602.96110296251  3.395654E-15
4604.03984379769  3.482823E-15
4605.11858463288  3.505458E-15
4606.19732546807  3.538974E-15
4607.27606630326  3.642065E-15
4608.35480713845  3.742201E-15
4609.43354797364  3.843213E-15
4610.51228880883  3.955187E-15
4611.59102964402  3.905206E-15
4612.66977047921  3.786159E-15
4613.7485113144  3.742917E-15
4614.82725214959  3.673053E-15
4615.90599298478  3.662836E-15
4616.98473381997  3.640485E-15
4618.06347465516  3.576822E-15
4619.14221549035  3.598885E-15
4620.22095632554  3.669091E-15
4621.29969716073  3.717321E-15
4622.37843799592  3.804021E-15
4623.45717883111  3.883406E-15
4624.5359196663  3.842648E-15
4625.61466050149  3.819050E-15
4626.69340133668  3.871356E-15
4627.77214217187  3.842586E-15
4628.85088300706  3.745562E-15
4629.92962384225  3.706762E-15
4631.00836467744  3.764685E-15
4632.08710551263  3.790762E-15
4633.16584634782  3.852800E-15
4634.24458718301  3.849185E-15
4635.3233280182  3.731077E-15
4636.40206885339  3.748657E-15
4637.48080968858  3.749702E-15
4638.55955052377  3.730686E-15
4639.63829135896  3.828193E-15
4640.71703219415  3.912983E-15
4641.79577302934  4.044102E-15
4642.87451386453  4.040547E-15
4643.95325469972  3.920857E-15
4645.03199553491  3.815354E-15
4646.1107363701  3.591721E-15
4647.18947720529  3.416232E-15
4648.26821804048  3.428991E-15
4649.34695887567  3.600789E-15
4650.42569971086  3.829511E-15
4651.50444054605  3.914226E-15
4652.58318138124  3.867559E-15
4653.66192221643  3.840636E-15
4654.74066305162  3.823819E-15
4655.81940388681  3.761915E-15
4656.898144722  3.763094E-15
4657.97688555719  3.895195E-15
4659.05562639238  4.071166E-15
4660.13436722757  4.253491E-15
4661.21310806275  4.293905E-15
4662.29184889795  4.146693E-15
4663.37058973313  3.991036E-15
4664.44933056832  3.962077E-15
4665.52807140351  3.861779E-15
4666.6068122387  3.628100E-15
4667.68555307389  3.458647E-15
4668.76429390908  3.436975E-15
4669.84303474427  3.530137E-15
4670.92177557946  3.691695E-15
4672.00051641465  3.819280E-15
4673.07925724984  3.938403E-15
4674.15799808503  4.121409E-15
4675.23673892022  4.187730E-15
4676.31547975541  4.176744E-15
4677.3942205906  4.139367E-15
4678.47296142579  4.048246E-15
4679.55170226098  4.014771E-15
4680.63044309617  3.864061E-15
4681.70918393136  3.728656E-15
4682.78792476655  3.802664E-15
4683.86666560174  3.995584E-15
4684.94540643693  4.084012E-15
4686.02414727212  4.090727E-15
4687.10288810731  4.133429E-15
4688.1816289425  4.187880E-15
4689.26036977769  4.161571E-15
4690.33911061288  4.203351E-15
4691.41785144807  4.271879E-15
4692.49659228326  4.255537E-15
4693.57533311845  4.262263E-15
4694.65407395364  4.326786E-15
4695.73281478883  4.351675E-15
4696.81155562402  4.372160E-15
4697.89029645921  4.378550E-15
4698.9690372944  4.197684E-15
4700.04777812959  4.100588E-15
4701.12651896478  4.124514E-15
4702.20525979997  4.126616E-15
4703.28400063516  4.040363E-15
4704.36274147035  3.967731E-15
4705.44148230554  4.067547E-15
4706.52022314073  4.042426E-15
4707.59896397592  3.893065E-15
4708.67770481111  3.810361E-15
4709.7564456463  3.846483E-15
4710.83518648149  4.017905E-15
4711.91392731668  4.153379E-15
4712.99266815187  4.203904E-15
4714.07140898706  4.154576E-15
4715.15014982225  4.056981E-15
4716.22889065744  4.099888E-15
4717.30763149263  4.247608E-15
4718.38637232781  4.400985E-15
4719.46511316301  4.464337E-15
4720.5438539982  4.437406E-15
4721.62259483338  4.378754E-15
4722.70133566857  4.417141E-15
4723.78007650377  4.445806E-15
4724.85881733895  4.472608E-15
4725.93755817414  4.425672E-15
4727.01629900933  4.331239E-15
4728.09503984452  4.204525E-15
4729.17378067971  4.178236E-15
4730.2525215149  4.154270E-15
4731.33126235009  4.105116E-15
4732.41000318528  4.069485E-15
4733.48874402047  4.126489E-15
4734.56748485566  4.255947E-15
4735.64622569085  4.321640E-15
4736.72496652604  4.242633E-15
4737.80370736123  4.263507E-15
4738.88244819642  4.326654E-15
4739.96118903161  4.433358E-15
4741.0399298668  4.462693E-15
4742.11867070199  4.464908E-15
4743.19741153718  4.547315E-15
4744.27615237237  4.578079E-15
4745.35489320756  4.593217E-15
4746.43363404275  4.659149E-15
4747.51237487794  4.669979E-15
4748.59111571313  4.665994E-15
4749.66985654832  4.655278E-15
4750.74859738351  4.654946E-15
4751.8273382187  4.766162E-15
4752.90607905389  4.702202E-15
4753.98481988908  4.503260E-15
4755.06356072427  4.409261E-15
4756.14230155946  4.386382E-15
4757.22104239465  4.420413E-15
4758.29978322984  4.533613E-15
4759.37852406503  4.629820E-15
4760.45726490022  4.604773E-15
4761.53600573541  4.413851E-15
4762.6147465706  4.192487E-15
4763.69348740579  4.076705E-15
4764.77222824098  4.040915E-15
4765.85096907617  4.066795E-15
4766.92970991136  4.256283E-15
4768.00845074655  4.420071E-15
4769.08719158174  4.533210E-15
4770.16593241693  4.675489E-15
4771.24467325212  4.734832E-15
4772.32341408731  4.646533E-15
4773.4021549225  4.672737E-15
4774.48089575769  4.815158E-15
4775.55963659288  4.838411E-15
4776.63837742807  4.850906E-15
4777.71711826326  4.883161E-15
4778.79585909844  4.782282E-15
4779.87459993364  4.719188E-15
4780.95334076883  4.676705E-15
4782.03208160401  4.648062E-15
4783.1108224392  4.655886E-15
4784.18956327439  4.633128E-15
4785.26830410958  4.613057E-15
4786.34704494477  4.605470E-15
4787.42578577996  4.683208E-15
4788.50452661515  4.649460E-15
4789.58326745034  4.498072E-15
4790.66200828553  4.566487E-15
4791.74074912072  4.744236E-15
4792.81948995591  4.882061E-15
4793.8982307911  5.013317E-15
4794.97697162629  5.133804E-15
4796.05571246148  5.164747E-15
4797.13445329667  5.029157E-15
4798.21319413186  4.831893E-15
4799.29193496705  4.794008E-15
4800.37067580224  4.827162E-15
4801.44941663743  4.914182E-15
4802.52815747262  4.976693E-15
4803.60689830781  4.948812E-15
4804.685639143  4.759764E-15
4805.76437997819  4.640334E-15
4806.84312081338  4.659823E-15
4807.92186164857  4.716136E-15
4809.00060248376  4.802709E-15
4810.07934331895  4.800895E-15
4811.15808415414  4.736898E-15
4812.23682498933  4.717876E-15
4813.31556582452  4.806472E-15
4814.39430665971  5.063103E-15
4815.4730474949  5.186131E-15
4816.55178833009  5.162894E-15
4817.63052916528  5.259375E-15
4818.70927000047  5.320328E-15
4819.78801083566  5.314330E-15
4820.86675167085  5.247646E-15
4821.94549250604  4.977254E-15
4823.02423334123  4.655457E-15
4824.10297417642  4.555440E-15
4825.18171501161  4.692676E-15
4826.2604558468  4.879888E-15
4827.33919668199  5.012740E-15
4828.41793751718  5.099195E-15
4829.49667835237  5.194628E-15
4830.57541918756  5.076564E-15
4831.65416002275  4.901284E-15
4832.73290085794  4.958052E-15
4833.81164169313  5.136482E-15
4834.89038252832  5.141491E-15
4835.96912336351  5.127455E-15
4837.0478641987  5.090741E-15
4838.12660503389  5.081088E-15
4839.20534586908  5.004710E-15
4840.28408670427  4.970183E-15
4841.36282753945  4.930770E-15
4842.44156837464  4.866200E-15
4843.52030920983  5.028377E-15
4844.59905004502  5.237037E-15
4845.67779088022  5.328312E-15
4846.7565317154  5.188108E-15
4847.83527255059  4.997976E-15
4848.91401338578  5.075915E-15
4849.99275422097  5.197138E-15
4851.07149505616  5.184684E-15
4852.15023589135  5.261260E-15
4853.22897672654  5.228872E-15
4854.30771756173  4.970450E-15
4855.38645839692  4.795095E-15
4856.46519923211  4.768648E-15
4857.5439400673  4.786654E-15
4858.62268090249  4.573236E-15
4859.70142173768  3.974226E-15
4860.78016257287  3.326975E-15
4861.85890340806  3.148583E-15
4862.93764424325  3.527845E-15
4864.01638507844  4.069953E-15
4865.09512591363  4.476239E-15
4866.17386674882  4.687972E-15
4867.25260758401  4.883507E-15
4868.3313484192  5.044561E-15
4869.41008925439  5.017295E-15
4870.48883008958  4.820034E-15
4871.56757092477  4.579884E-15
4872.64631175996  4.470244E-15
4873.72505259515  4.481155E-15
4874.80379343034  4.664734E-15
4875.88253426553  4.712123E-15
4876.96127510072  4.751548E-15
4878.04001593591  4.966728E-15
4879.1187567711  5.095007E-15
4880.19749760629  5.186528E-15
4881.27623844148  5.124145E-15
4882.35497927667  4.984793E-15
4883.43372011186  4.823331E-15
4884.51246094705  4.734701E-15
4885.59120178224  4.732653E-15
4886.66994261743  4.772575E-15
4887.74868345262  4.929207E-15
4888.82742428781  4.921352E-15
4889.906165123  4.717424E-15
4890.98490595819  4.594711E-15
4892.06364679338  4.727524E-15
4893.14238762857  5.102821E-15
4894.22112846376  5.459662E-15
4895.29986929895  5.821505E-15
4896.37861013414  6.039449E-15
4897.45735096933  5.840998E-15
4898.53609180452  5.576584E-15
4899.61483263971  5.373867E-15
4900.69357347489  5.217419E-15
4901.77231431009  5.231334E-15
4902.85105514528  5.337840E-15
4903.92979598046  5.457110E-15
4905.00853681565  5.666608E-15
4906.08727765084  5.804275E-15
4907.16601848603  5.734347E-15
4908.24475932122  5.564651E-15
4909.32350015641  5.357854E-15
4910.4022409916  5.255950E-15
4911.48098182679  5.121642E-15
4912.55972266198  5.132618E-15
4913.63846349717  5.432907E-15
4914.71720433236  5.667612E-15
4915.79594516755  5.650116E-15
4916.87468600274  5.497587E-15
4917.95342683793  5.272224E-15
4919.03216767312  4.735393E-15
4920.11090850831  4.426943E-15
4921.1896493435  4.372070E-15
4922.26839017869  4.387831E-15
4923.34713101388  4.246972E-15
4924.42587184907  4.314188E-15
4925.50461268426  4.813214E-15
4926.58335351945  5.307932E-15
4927.66209435464  5.606867E-15
4928.74083518983  5.850949E-15
4929.81957602502  5.953845E-15
4930.89831686021  6.009133E-15
4931.9770576954  5.796751E-15
4933.05579853059  5.183817E-15
4934.13453936578  4.732443E-15
4935.21328020097  4.851283E-15
4936.29202103616  5.011267E-15
4937.37076187135  5.231638E-15
4938.44950270654  5.247511E-15
4939.52824354173  5.176508E-15
4940.60698437692  5.337379E-15
4941.68572521211  5.666779E-15
4942.7644660473  5.854823E-15
4943.84320688249  5.969671E-15
4944.92194771768  5.994299E-15
4946.00068855287  6.000831E-15
4947.07942938806  5.995980E-15
4948.15817022325  6.002332E-15
4949.23691105844  6.065999E-15
4950.31565189363  6.071429E-15
4951.39439272882  6.076925E-15
4952.47313356401  6.010334E-15
4953.5518743992  6.091473E-15
4954.63061523439  6.024847E-15
4955.70935606958  5.725757E-15
4956.78809690477  5.334258E-15
4957.86683773996  5.242514E-15
4958.94557857515  5.396434E-15
4960.02431941034  5.649249E-15
4961.10306024552  5.964886E-15
4962.18180108072  5.995863E-15
4963.2605419159  5.946566E-15
4964.33928275109  5.817149E-15
4965.41802358628  5.755515E-15
4966.49676442147  5.668054E-15
4967.57550525666  5.619311E-15
4968.65424609185  5.731706E-15
4969.73298692704  5.782472E-15
4970.81172776223  5.688528E-15
4971.89046859742  5.730335E-15
4972.96920943261  5.882227E-15
4974.0479502678  6.164483E-15
4975.12669110299  6.280291E-15
4976.20543193818  6.205318E-15
4977.28417277337  6.046874E-15
4978.36291360856  5.890045E-15
4979.44165444375  5.736050E-15
4980.52039527894  5.271802E-15
4981.59913611413  4.908257E-15
4982.67787694932  4.658143E-15
4983.75661778451  4.552689E-15
4984.8353586197  4.781558E-15
4985.91409945489  5.206082E-15
4986.99284029008  5.568960E-15
4988.07158112527  5.666345E-15
4989.15032196046  5.768939E-15
4990.22906279565  5.579385E-15
4991.30780363084  5.350710E-15
4992.38654446603  5.349490E-15
4993.46528530122  5.503708E-15
4994.54402613641  5.680270E-15
4995.6227669716  5.753321E-15
4996.70150780679  5.704556E-15
4997.78024864198  5.688260E-15
4998.85898947717  5.594939E-15
4999.93773031236  5.360586E-15
5001.01647114755  5.222659E-15
5002.09521198274  5.255592E-15
5003.17395281793  5.370354E-15
5004.25269365312  5.348374E-15
5005.33143448831  5.239767E-15
5006.4101753235  5.208297E-15
5007.48891615869  5.201371E-15
5008.56765699388  5.438500E-15
5009.64639782907  5.696641E-15
5010.72513866426  5.627516E-15
5011.80387949945  5.320748E-15
5012.88262033464  4.983725E-15
5013.96136116983  4.865033E-15
5015.04010200502  4.897352E-15
5016.11884284021  4.883571E-15
5017.1975836754  4.615211E-15
5018.27632451059  4.384439E-15
5019.35506534578  4.396576E-15
5020.43380618097  4.645354E-15
5021.51254701616  5.051750E-15
5022.59128785135  5.285475E-15
5023.67002868654  5.457500E-15
5024.74876952173  5.618669E-15
5025.82751035692  5.757208E-15
5026.90625119211  5.771024E-15
5027.9849920273  5.698828E-15
5029.06373286248  5.781283E-15
5030.14247369767  5.732413E-15
5031.22121453287  5.715136E-15
5032.29995536805  6.122179E-15
5033.37869620324  6.301530E-15
5034.45743703843  6.023117E-15
5035.53617787362  5.718689E-15
5036.61491870881  5.532948E-15
5037.693659544  5.386456E-15
5038.77240037919  5.240409E-15
5039.85114121438  5.134818E-15
5040.92988204957  4.972734E-15
5042.00862288476  5.142267E-15
5043.08736371995  5.680776E-15
5044.16610455514  6.094244E-15
5045.24484539033  6.316107E-15
5046.32358622552  6.529375E-15
5047.40232706071  6.499971E-15
5048.4810678959  6.291245E-15
5049.55980873109  5.991621E-15
5050.63854956628  5.800034E-15
5051.71729040147  5.827051E-15
5052.79603123666  6.017862E-15
5053.87477207185  6.293163E-15
5054.95351290704  6.538181E-15
5056.03225374223  6.690803E-15
5057.11099457742  6.729552E-15
5058.18973541261  6.717762E-15
5059.2684762478  6.509189E-15
5060.34721708299  6.462937E-15
5061.42595791818  6.651913E-15
5062.50469875337  6.802158E-15
5063.58343958856  6.688015E-15
5064.66218042375  6.201885E-15
5065.74092125894  5.993251E-15
5066.81966209413  6.047275E-15
5067.89840292932  6.141990E-15
5068.97714376451  6.292625E-15
5070.0558845997  6.331312E-15
5071.13462543489  6.347658E-15
5072.21336627008  6.351591E-15
5073.29210710527  6.138556E-15
5074.37084794046  6.162588E-15
5075.44958877565  6.260847E-15
5076.52832961084  6.176154E-15
5077.60707044603  6.255730E-15
5078.68581128122  6.088488E-15
5079.76455211641  5.768758E-15
5080.8432929516  5.685686E-15
5081.92203378679  5.778984E-15
5083.00077462198  5.923309E-15
5084.07951545717  5.966428E-15
5085.15825629236  6.170176E-15
5086.23699712754  6.294093E-15
5087.31573796274  6.248642E-15
5088.39447879793  6.199706E-15
5089.47321963311  6.265864E-15
5090.55196046831  6.389430E-15
5091.63070130349  6.529672E-15
5092.70944213868  6.618795E-15
5093.78818297387  6.676707E-15
5094.86692380906  6.710992E-15
5095.94566464425  6.587398E-15
5097.02440547944  6.304086E-15
5098.10314631463  5.887471E-15
5099.18188714982  5.812471E-15
5100.26062798501  5.951604E-15
5101.3393688202  6.173595E-15
5102.41810965539  6.347420E-15
5103.49685049058  6.448303E-15
5104.57559132577  6.417164E-15
5105.65433216096  6.191130E-15
5106.73307299615  6.058983E-15
5107.81181383134  6.049553E-15
5108.89055466653  5.860911E-15
5109.96929550172  5.644729E-15
5111.04803633691  5.803182E-15
5112.1267771721  6.159091E-15
5113.20551800729  6.290230E-15
5114.28425884248  6.365250E-15
5115.36299967767  6.420271E-15
5116.44174051286  6.480362E-15
5117.52048134805  6.568983E-15
5118.59922218324  6.543713E-15
5119.67796301843  6.561115E-15
5120.75670385362  6.457874E-15
5121.83544468881  6.249373E-15
5122.914185524  6.061540E-15
5123.99292635919  5.829575E-15
5125.07166719438  5.841003E-15
5126.15040802957  5.893637E-15
5127.22914886476  5.789300E-15
5128.30788969995  5.746692E-15
5129.38663053514  5.752942E-15
5130.46537137033  5.855230E-15
5131.54411220552  6.096152E-15
5132.62285304071  6.346172E-15
5133.7015938759  6.464187E-15
5134.78033471109  6.545842E-15
5135.85907554628  6.578672E-15
5136.93781638147  6.433682E-15
5138.01655721666  6.192265E-15
5139.09529805185  5.963820E-15
5140.17403888704  5.900119E-15
5141.25277972223  5.982008E-15
5142.33152055742  5.988938E-15
5143.41026139261  6.096256E-15
5144.4890022278  6.261150E-15
5145.56774306299  6.183317E-15
5146.64648389817  6.101858E-15
5147.72522473337  6.055501E-15
5148.80396556855  6.186317E-15
5149.88270640374  6.345908E-15
5150.96144723893  6.341100E-15
5152.04018807412  6.124668E-15
5153.11892890931  5.884510E-15
5154.1976697445  5.984654E-15
5155.27641057969  6.162668E-15
5156.35515141488  6.468606E-15
5157.43389225007  6.757514E-15
5158.51263308526  6.820805E-15
5159.59137392045  6.690861E-15
5160.67011475564  6.654008E-15
5161.74885559083  6.566369E-15
5162.82759642602  6.518751E-15
5163.90633726121  6.296937E-15
5164.9850780964  5.816579E-15
5166.06381893159  5.154412E-15
5167.14255976678  4.374931E-15
5168.22130060197  3.965323E-15
5169.30004143716  4.126642E-15
5170.37878227235  4.554317E-15
5171.45752310754  4.712345E-15
5172.53626394273  4.775547E-15
5173.61500477792  4.986509E-15
5174.69374561311  5.633828E-15
5175.7724864483  6.358955E-15
5176.85122728349  6.847445E-15
5177.92996811868  7.172028E-15
5179.00870895387  7.078899E-15
5180.08744978906  6.983325E-15
5181.16619062425  6.597585E-15
5182.24493145944  6.031873E-15
5183.32367229463  5.311659E-15
5184.40241312982  5.168793E-15
5185.48115396501  5.589519E-15
5186.5598948002  6.080485E-15
5187.63863563539  6.186120E-15
5188.71737647058  6.171665E-15
5189.79611730577  6.169518E-15
5190.87485814096  6.145564E-15
5191.95359897615  5.911361E-15
5193.03233981134  5.707244E-15
5194.11108064653  5.789386E-15
5195.18982148172  5.890769E-15
5196.26856231691  5.874544E-15
5197.3473031521  5.899493E-15
5198.42604398729  6.126866E-15
5199.50478482248  6.366171E-15
5200.58352565767  6.575240E-15
5201.66226649286  6.702583E-15
5202.74100732805  6.591521E-15
5203.81974816323  5.996511E-15
5204.89848899843  5.392186E-15
5205.97722983361  5.164705E-15
5207.05597066881  5.090761E-15
5208.13471150399  5.177958E-15
5209.21345233918  5.499583E-15
5210.29219317437  5.866613E-15
5211.37093400956  6.363179E-15
5212.44967484475  6.863655E-15
5213.52841567995  7.064110E-15
5214.60715651513  6.953340E-15
5215.68589735032  6.693951E-15
5216.76463818551  6.589080E-15
5217.8433790207  6.653058E-15
5218.92211985589  6.849594E-15
5220.00086069108  7.141375E-15
5221.07960152627  7.359189E-15
5222.15834236146  7.323803E-15
5223.23708319665  7.151000E-15
5224.31582403184  6.839539E-15
5225.39456486703  6.112681E-15
5226.47330570222  5.539095E-15
5227.55204653741  5.692534E-15
5228.6307873726  6.201706E-15
5229.70952820779  6.774118E-15
5230.78826904298  7.081413E-15
5231.86700987817  6.952615E-15
5232.94575071336  6.487159E-15
5234.02449154855  6.076524E-15
5235.10323238374  6.123650E-15
5236.18197321893  6.557535E-15
5237.26071405412  6.926508E-15
5238.33945488931  6.952753E-15
5239.4181957245  7.071653E-15
5240.49693655969  7.319439E-15
5241.57567739488  7.349303E-15
5242.65441823007  7.296651E-15
5243.73315906526  7.380700E-15
5244.81189990045  7.550972E-15
5245.89064073564  7.297849E-15
5246.96938157083  6.939438E-15
5248.04812240602  6.704846E-15
5249.12686324121  6.692622E-15
5250.2056040764  6.791968E-15
5251.28434491159  6.749731E-15
5252.36308574678  6.827107E-15
5253.44182658197  6.955954E-15
5254.52056741716  6.888469E-15
5255.59930825235  6.883366E-15
5256.67804908754  7.200549E-15
5257.75678992273  7.666660E-15
5258.83553075792  7.819850E-15
5259.91427159311  7.666587E-15
5260.9930124283  7.200516E-15
5262.07175326349  6.727278E-15
5263.15049409867  6.364568E-15
5264.22923493387  6.045914E-15
5265.30797576906  5.890626E-15
5266.38671660425  5.917454E-15
5267.46545743943  6.111934E-15
5268.54419827462  6.024912E-15
5269.62293910981  5.814928E-15
5270.70167994501  5.829482E-15
5271.78042078019  6.274907E-15
5272.85916161538  6.750388E-15
5273.93790245057  6.662721E-15
5275.01664328576  6.366785E-15
5276.09538412095  6.459962E-15
5277.17412495614  6.858793E-15
5278.25286579133  7.340003E-15
5279.33160662652  7.577536E-15
5280.41034746171  7.442837E-15
5281.4890882969  7.182663E-15
5282.56782913209  7.023857E-15
5283.64656996728  7.008137E-15
5284.72531080247  7.309879E-15
5285.80405163766  7.620663E-15
5286.88279247285  7.926353E-15
5287.96153330804  8.107455E-15
5289.04027414323  8.055115E-15
5290.11901497842  8.095842E-15
5291.19775581361  8.174725E-15
5292.2764966488  7.996269E-15
5293.35523748399  7.781331E-15
5294.43397831918  7.706770E-15
5295.51271915437  7.538287E-15
5296.59145998956  7.115395E-15
5297.67020082475  6.878193E-15
5298.74894165994  6.972657E-15
5299.82768249513  7.134565E-15
5300.90642333032  7.295536E-15
5301.98516416551  7.377515E-15
5303.0639050007  7.556987E-15
5304.14264583589  7.792817E-15
5305.22138667108  7.850113E-15
5306.30012750627  7.678554E-15
5307.37886834146  7.653250E-15
5308.45760917665  7.871080E-15
5309.53635001184  8.150161E-15
5310.61509084703  8.216934E-15
5311.69383168222  8.096542E-15
5312.77257251741  8.129806E-15
5313.8513133526  7.950675E-15
5314.93005418779  7.636005E-15
5316.00879502298  7.204835E-15
5317.08753585817  7.058133E-15
5318.16627669336  7.235177E-15
5319.24501752855  7.556943E-15
5320.32375836374  7.737918E-15
5321.40249919893  7.786700E-15
5322.48124003412  7.796072E-15
5323.55998086931  7.603420E-15
5324.63872170449  7.454275E-15
5325.71746253969  7.490498E-15
5326.79620337487  7.072667E-15
5327.87494421007  6.465355E-15
5328.95368504525  6.274928E-15
5330.03242588045  6.747465E-15
5331.11116671563  7.431039E-15
5332.18990755082  7.575914E-15
5333.26864838601  7.724187E-15
5334.3473892212  7.874033E-15
5335.42613005639  7.687823E-15
5336.50487089158  7.583223E-15
5337.58361172677  7.562442E-15
5338.66235256196  7.633070E-15
5339.74109339715  7.488115E-15
5340.81983423234  7.471410E-15
5341.89857506753  7.608491E-15
5342.97731590272  7.756250E-15
5344.05605673791  7.876617E-15
5345.1347975731  7.924395E-15
5346.21353840829  7.883867E-15
5347.29227924348  7.706505E-15
5348.37102007867  7.636548E-15
5349.44976091386  7.620063E-15
5350.52850174905  7.750335E-15
5351.60724258424  8.061754E-15
5352.68598341943  8.286461E-15
5353.76472425462  8.340128E-15
5354.84346508981  8.616134E-15
5355.922205925  8.906555E-15
5357.00094676019  8.790174E-15
5358.07968759538  8.696324E-15
5359.15842843057  8.650654E-15
5360.23716926576  8.513921E-15
5361.31591010095  8.118957E-15
5362.39465093614  7.860578E-15
5363.47339177133  7.604769E-15
5364.55213260652  7.553845E-15
5365.63087344171  7.808970E-15
5366.7096142769  7.881873E-15
5367.78835511209  7.862513E-15
5368.86709594728  7.754595E-15
5369.94583678247  7.343517E-15
5371.02457761766  7.067494E-15
5372.10331845285  7.235267E-15
5373.18205928804  7.673060E-15
5374.26080012323  8.249877E-15
5375.33954095842  8.602623E-15
5376.41828179361  8.566320E-15
5377.4970226288  8.545189E-15
5378.57576346399  8.457737E-15
5379.65450429918  8.239948E-15
5380.73324513437  8.170704E-15
5381.81198596956  8.037865E-15
5382.89072680475  8.038488E-15
5383.96946763994  8.186601E-15
5385.04820847513  8.238380E-15
5386.12694931032  8.399151E-15
5387.20569014551  8.423194E-15
5388.2844309807  8.319065E-15
5389.36317181589  8.211542E-15
5390.44191265108  8.082006E-15
5391.52065348627  8.089988E-15
5392.59939432145  7.964895E-15
5393.67813515664  7.957206E-15
5394.75687599184  7.917796E-15
5395.83561682702  7.574457E-15
5396.91435766221  7.303297E-15
5397.9930984974  7.376328E-15
5399.0718393326  7.821146E-15
5400.15058016778  8.278128E-15
5401.22932100297  8.202227E-15
5402.30806183816  8.040555E-15
5403.38680267335  7.697325E-15
5404.46554350854  7.257658E-15
5405.54428434373  6.973456E-15
5406.62302517892  7.031804E-15
5407.70176601411  7.336057E-15
5408.7805068493  7.477542E-15
5409.85924768449  7.493285E-15
5410.93798851968  7.536146E-15
5412.01672935487  7.819483E-15
5413.09547019006  8.065081E-15
5414.17421102525  8.157885E-15
5415.25295186044  8.184847E-15
5416.33169269563  8.388803E-15
5417.41043353082  8.401799E-15
5418.48917436601  8.254195E-15
5419.5679152012  8.262202E-15
5420.64665603639  8.218148E-15
5421.72539687158  8.305808E-15
5422.80413770677  8.367420E-15
5423.88287854196  8.286799E-15
5424.96161937715  8.226824E-15
5426.04036021234  8.240233E-15
5427.11910104753  8.527647E-15
5428.19784188272  8.465759E-15
5429.27658271791  7.908514E-15
5430.3553235531  7.748077E-15
5431.43406438829  8.036618E-15
5432.51280522348  8.036339E-15
5433.59154605867  7.771960E-15
5434.67028689386  7.592883E-15
5435.74902772905  7.714189E-15
5436.82776856424  8.103161E-15
5437.90650939943  8.611345E-15
5438.98525023462  8.944644E-15
5440.06399106981  8.932211E-15
5441.142731905  8.976515E-15
5442.22147274019  9.111793E-15
5443.30021357538  8.899233E-15
5444.37895441057  8.417380E-15
5445.45769524576  7.952561E-15
5446.53643608095  7.633632E-15
5447.61517691614  7.612100E-15
5448.69391775133  8.174938E-15
5449.77265858651  8.720682E-15
5450.85139942171  8.847488E-15
5451.9301402569  8.848172E-15
5453.00888109208  8.744803E-15
5454.08762192727  8.436165E-15
5455.16636276246  8.088014E-15
5456.24510359766  8.081496E-15
5457.32384443284  8.397480E-15
5458.40258526803  8.816505E-15
5459.48132610322  8.997702E-15
5460.56006693841  8.872677E-15
5461.6388077736  8.737053E-15
5462.71754860879  8.535514E-15
5463.79628944398  8.281400E-15
5464.87503027917  8.419469E-15
5465.95377111436  8.663957E-15
5467.03251194955  8.851577E-15
5468.11125278474  8.825412E-15
5469.18999361993  8.662928E-15
5470.26873445512  8.852263E-15
5471.34747529031  8.872844E-15
5472.4262161255  8.582097E-15
5473.50495696069  8.577001E-15
5474.58369779588  8.495764E-15
5475.66243863107  8.120332E-15
5476.74117946626  7.873236E-15
5477.81992030145  7.895422E-15
5478.89866113664  8.168848E-15
5479.97740197183  8.406708E-15
5481.05614280702  8.451992E-15
5482.13488364221  8.544906E-15
5483.2136244774  8.757729E-15
5484.29236531259  8.969810E-15
5485.37110614778  9.115791E-15
5486.44984698297  9.017968E-15
5487.52858781816  8.722283E-15
5488.60732865335  8.616754E-15
5489.68606948854  8.682211E-15
5490.76481032373  8.837641E-15
5491.84355115892  8.852119E-15
5492.92229199411  8.831293E-15
5494.0010328293  8.822471E-15
5495.07977366449  8.914862E-15
5496.15851449968  8.891301E-15
5497.23725533487  8.740106E-15
5498.31599617006  8.849652E-15
5499.39473700525  8.896962E-15
5500.47347784044  8.789624E-15
5501.55221867563  8.836762E-15
5502.63095951082  8.750284E-15
5503.70970034601  8.684553E-15
5504.7884411812  8.838942E-15
5505.86718201639  8.679276E-15
5506.94592285158  8.413815E-15
5508.02466368677  8.517222E-15
5509.10340452196  8.676252E-15
5510.18214535714  8.631481E-15
5511.26088619233  8.661970E-15
5512.33962702753  8.665380E-15
5513.41836786272  8.607579E-15
5514.4971086979  8.726939E-15
5515.57584953309  8.870894E-15
5516.65459036828  8.986478E-15
5517.73333120347  9.191025E-15
5518.81207203866  9.364456E-15
5519.89081287385  9.506957E-15
5520.96955370904  9.439783E-15
5522.04829454423  9.262186E-15
5523.12703537942  9.157244E-15
5524.20577621461  9.039837E-15
5525.2845170498  8.712142E-15
5526.36325788499  8.275698E-15
5527.44199872018  7.990737E-15
5528.52073955537  7.947803E-15
5529.59948039056  8.319875E-15
5530.67822122575  8.937521E-15
5531.75696206094  9.254822E-15
5532.83570289613  9.294648E-15
5533.91444373132  9.136220E-15
5534.99318456651  8.793517E-15
5536.0719254017  8.900510E-15
5537.15066623689  9.060877E-15
5538.22940707208  9.123217E-15
5539.30814790727  9.392676E-15
5540.38688874246  9.453476E-15
5541.46562957765  9.501839E-15
5542.54437041284  9.396998E-15
5543.62311124803  9.242920E-15
5544.70185208322  9.212544E-15
5545.78059291841  9.284548E-15
5546.8593337536  9.431448E-15
5547.93807458879  9.496503E-15
5549.01681542398  9.562355E-15
5550.09555625917  9.735050E-15
5551.17429709436  9.721512E-15
5552.25303792955  9.622720E-15
5553.33177876474  9.467914E-15
5554.41051959993  9.562406E-15
5555.48926043512  9.555646E-15
5556.56800127031  9.671254E-15
5557.6467421055  9.725955E-15
5558.72548294069  9.595750E-15
5559.80422377588  9.419620E-15
5560.88296461107  9.543675E-15
5561.96170544626  9.356424E-15
5563.04044628145  9.185472E-15
5564.11918711664  9.279918E-15
5565.19792795183  9.170525E-15
5566.27666878702  9.068453E-15
5567.3554096222  9.143796E-15
5568.43415045739  9.249477E-15
5569.51289129259  9.017618E-15
5570.59163212778  8.963436E-15
5571.67037296296  9.102003E-15
5572.74911379816  9.001976E-15
5573.82785463334  9.151500E-15
5574.90659546853  9.304953E-15
5575.98533630372  9.246113E-15
5577.06407713891  9.519047E-15
5578.1428179741  9.704525E-15
5579.22155880929  9.542627E-15
5580.30029964448  9.562150E-15
5581.37904047967  9.491450E-15
5582.45778131486  9.505035E-15
5583.53652215005  9.445052E-15
5584.61526298524  9.168197E-15
5585.69400382043  9.003506E-15
5586.77274465562  8.657164E-15
5587.85148549081  8.253231E-15
5588.930226326  8.155310E-15
5590.00896716119  8.449517E-15
5591.08770799638  8.896291E-15
5592.16644883157  8.997202E-15
5593.24518966676  8.740063E-15
5594.32393050195  8.941132E-15
5595.40267133714  9.330445E-15
5596.48141217233  9.391557E-15
5597.56015300752  9.421074E-15
5598.63889384271  9.372691E-15
5599.7176346779  9.136268E-15
5600.79637551309  9.020619E-15
5601.87511634828  9.080125E-15
5602.95385718347  9.154299E-15
5604.03259801866  9.375429E-15
5605.11133885385  9.746729E-15
5606.19007968904  9.962631E-15
5607.26882052423  1.001026E-14
5608.34756135942  1.014719E-14
5609.42630219461  1.002078E-14
5610.5050430298  9.963366E-15
5611.58378386499  1.033053E-14
5612.66252470018  1.017201E-14
5613.74126553537  9.658814E-15
5614.82000637056  9.266655E-15
5615.89874720575  9.213254E-15
5616.97748804094  9.176558E-15
5618.05622887613  9.332617E-15
5619.13496971132  9.503400E-15
5620.21371054651  9.735235E-15
5621.2924513817  9.941351E-15
5622.37119221689  9.807950E-15
5623.44993305208  9.629850E-15
5624.52867388727  9.252723E-15
5625.60741472246  9.402669E-15
5626.68615555765  9.561352E-15
5627.76489639284  9.463944E-15
5628.84363722803  9.736394E-15
5629.92237806322  1.020538E-14
5631.00111889841  1.010523E-14
5632.07985973359  1.004514E-14
5633.15860056878  1.006272E-14
5634.23734140397  9.853720E-15
5635.31608223916  9.777699E-15
5636.39482307435  9.669044E-15
5637.47356390954  9.519353E-15
5638.55230474473  9.630791E-15
5639.63104557992  9.612962E-15
5640.70978641511  9.534114E-15
5641.7885272503  9.618201E-15
5642.86726808549  9.718410E-15
5643.94600892068  9.803369E-15
5645.02474975587  9.941741E-15
5646.10349059106  9.962348E-15
5647.18223142625  9.972808E-15
5648.26097226144  9.914450E-15
5649.33971309663  9.948875E-15
5650.41845393182  1.005975E-14
5651.49719476701  1.007945E-14
5652.5759356022  1.022274E-14
5653.65467643739  1.002572E-14
5654.73341727258  9.830767E-15
5655.81215810777  9.729426E-15
5656.89089894296  9.470498E-15
5657.96963977815  9.095104E-15
5659.04838061334  8.873176E-15
5660.12712144853  9.088833E-15
5661.20586228372  9.311149E-15
5662.28460311891  9.457301E-15
5663.3633439541  9.497622E-15
5664.44208478929  9.541309E-15
5665.52082562448  9.745469E-15
5666.59956645967  9.722260E-15
5667.67830729486  9.612808E-15
5668.75704813005  9.584058E-15
5669.83578896524  9.769907E-15
5670.91452980043  9.990396E-15
5671.99327063562  1.001981E-14
5673.07201147081  1.016150E-14
5674.150752306  1.022578E-14
5675.22949314119  1.028812E-14
5676.30823397638  1.026808E-14
5677.38697481157  1.010656E-14
5678.46571564676  1.022046E-14
5679.54445648195  1.028410E-14
5680.62319731714  1.012242E-14
5681.70193815233  9.801207E-15
5682.78067898752  9.684213E-15
5683.85941982271  9.780620E-15
5684.9381606579  9.539934E-15
5686.01690149309  9.456194E-15
5687.09564232828  9.527659E-15
5688.17438316347  9.442719E-15
5689.25312399866  9.509447E-15
5690.33186483385  9.836615E-15
5691.41060566903  1.020278E-14
5692.48934650422  1.023449E-14
5693.56808733941  1.013706E-14
5694.6468281746  1.020682E-14
5695.72556900979  1.037569E-14
5696.80430984498  1.043954E-14
5697.88305068017  1.039346E-14
5698.96179151536  1.020524E-14
5700.04053235055  9.868253E-15
5701.11927318574  9.946731E-15
5702.19801402093  9.935771E-15
5703.27675485612  9.939526E-15
5704.35549569131  1.003498E-14
5705.4342365265  1.008056E-14
5706.51297736169  9.850668E-15
5707.59171819688  9.603799E-15
5708.67045903207  9.634741E-15
5709.74919986726  9.547915E-15
5710.82794070245  9.405075E-15
5711.90668153764  9.561236E-15
5712.98542237283  9.964596E-15
5714.06416320802  9.933458E-15
5715.14290404321  1.003883E-14
5716.2216448784  1.028222E-14
5717.30038571359  1.058737E-14
5718.37912654878  1.060977E-14
5719.45786738397  1.034315E-14
5720.53660821916  1.056757E-14
5721.61534905435  1.095888E-14
5722.69408988954  1.091782E-14
5723.77283072473  1.075793E-14
5724.85157155992  1.055224E-14
5725.93031239511  1.049397E-14
5727.0090532303  1.052795E-14
5728.08779406549  1.058494E-14
5729.16653490068  1.063354E-14
5730.24527573587  1.064535E-14
5731.32401657106  1.058610E-14
5732.40275740625  1.053053E-14
5733.48149824144  1.066908E-14
5734.56023907663  1.095190E-14
5735.63897991182  1.095899E-14
5736.71772074701  1.084226E-14
5737.7964615822  1.076982E-14
5738.87520241739  1.064687E-14
5739.95394325258  1.071461E-14
5741.03268408777  1.072485E-14
5742.11142492296  1.063321E-14
5743.19016575815  1.067168E-14
5744.26890659334  1.067227E-14
5745.34764742853  1.084919E-14
5746.42638826372  1.086499E-14
5747.50512909891  1.061390E-14
5748.58386993409  1.059660E-14
5749.66261076929  1.069263E-14
5750.74135160447  1.073131E-14
5751.82009243966  1.047340E-14
5752.89883327485  1.005509E-14
5753.97757411004  1.012313E-14
5755.05631494523  1.029968E-14
5756.13505578042  1.052121E-14
5757.21379661561  1.084146E-14
5758.29253745081  1.088269E-14
5759.37127828599  1.091730E-14
5760.45001912118  1.092681E-14
5761.52875995637  1.070765E-14
5762.60750079156  1.038307E-14
5763.68624162675  1.056018E-14
5764.76498246194  1.096662E-14
5765.84372329713  1.105549E-14
5766.92246413232  1.103370E-14
5768.00120496751  1.100479E-14
5769.0799458027  1.110788E-14
5770.15868663789  1.107331E-14
5771.23742747308  1.097750E-14
5772.31616830827  1.086253E-14
5773.39490914346  1.080817E-14
5774.47364997865  1.071469E-14
5775.55239081384  1.097021E-14
5776.63113164903  1.095801E-14
5777.70987248422  1.081360E-14
5778.78861331941  1.078301E-14
5779.8673541546  1.034029E-14
5780.94609498979  1.012581E-14
5782.02483582498  1.010281E-14
5783.10357666017  1.014754E-14
5784.18231749536  1.031652E-14
5785.26105833055  1.048463E-14
5786.33979916574  1.063131E-14
5787.41854000093  1.080794E-14
5788.49728083612  1.088021E-14
5789.57602167131  1.081093E-14
5790.6547625065  1.082301E-14
5791.73350334169  1.097834E-14
5792.81224417688  1.093344E-14
5793.89098501207  1.090868E-14
5794.96972584726  1.096026E-14
5796.04846668245  1.096208E-14
5797.12720751764  1.070314E-14
5798.20594835283  1.082189E-14
5799.28468918802  1.114647E-14
5800.36343002321  1.122514E-14
5801.4421708584  1.119573E-14
5802.52091169359  1.125449E-14
5803.59965252878  1.114400E-14
5804.67839336397  1.103296E-14
5805.75713419916  1.084327E-14
5806.83587503435  1.097524E-14
5807.91461586953  1.106982E-14
5808.99335670473  1.117655E-14
5810.07209753991  1.128435E-14
5811.1508383751  1.132651E-14
5812.22957921029  1.135281E-14
5813.30832004548  1.150499E-14
5814.38706088068  1.135952E-14
5815.46580171587  1.116880E-14
5816.54454255105  1.104880E-14
5817.62328338624  1.114007E-14
5818.70202422143  1.144497E-14
5819.78076505662  1.150972E-14
5820.85950589181  1.163718E-14
5821.938246727  1.175746E-14
5823.01698756219  1.161907E-14
5824.09572839738  1.148183E-14
5825.17446923257  1.149796E-14
5826.25321006776  1.174280E-14
5827.33195090295  1.195048E-14
5828.41069173814  1.163070E-14
5829.48943257333  1.146582E-14
5830.56817340852  1.163735E-14
5831.64691424371  1.165364E-14
5832.7256550789  1.168258E-14
5833.80439591409  1.163820E-14
5834.88313674928  1.159384E-14
5835.96187758447  1.160584E-14
5837.04061841966  1.155989E-14
5838.11935925485  1.165481E-14
5839.19810009004  1.176068E-14
5840.27684092523  1.172362E-14
5841.35558176042  1.167384E-14
5842.43432259561  1.174402E-14
5843.5130634308  1.183290E-14
5844.59180426599  1.190594E-14
5845.67054510118  1.187909E-14
5846.74928593637  1.164107E-14
5847.82802677156  1.165171E-14
5848.90676760675  1.169313E-14
5849.98550844194  1.152757E-14
5851.06424927713  1.129046E-14
5852.14299011232  1.080477E-14
5853.22173094751  1.052399E-14
5854.3004717827  1.030895E-14
5855.37921261789  1.051050E-14
5856.45795345308  1.070808E-14
5857.53669428827  1.064707E-14
5858.61543512346  1.072141E-14
5859.69417595865  1.096250E-14
5860.77291679384  1.110531E-14
5861.85165762903  1.120213E-14
5862.93039846422  1.135515E-14
5864.00913929941  1.151882E-14
5865.08788013459  1.143911E-14
5866.16662096979  1.117255E-14
5867.24536180497  1.128006E-14
5868.32410264017  1.167298E-14
5869.40284347535  1.185663E-14
5870.48158431055  1.198753E-14
5871.56032514574  1.185814E-14
5872.63906598093  1.156959E-14
5873.71780681611  1.140410E-14
5874.7965476513  1.120532E-14
5875.87528848649  1.093674E-14
5876.95402932168  1.090491E-14
5878.03277015687  1.117889E-14
5879.11151099206  1.140312E-14
5880.19025182725  1.153753E-14
5881.26899266244  1.140163E-14
5882.34773349763  1.128225E-14
5883.42647433282  1.112189E-14
5884.50521516801  1.147226E-14
5885.5839560032  1.153465E-14
5886.66269683839  1.092514E-14
5887.74143767358  9.957687E-15
5888.82017850877  7.826251E-15
5889.89891934396  6.210185E-15
5890.97766017915  6.531042E-15
5892.05640101434  8.058217E-15
5893.13514184953  9.180054E-15
5894.21388268472  8.574264E-15
5895.29262351991  7.213878E-15
5896.3713643551  6.816908E-15
5897.45010519029  7.824047E-15
5898.52884602548  9.405933E-15
5899.60758686067  1.038203E-14
5900.68632769586  1.084396E-14
5901.76506853105  1.116521E-14
5902.84380936624  1.146680E-14
5903.92255020143  1.143754E-14
5905.00129103662  1.157789E-14
5906.08003187181  1.156739E-14
5907.158772707  1.147755E-14
5908.23751354219  1.139879E-14
5909.31625437738  1.138470E-14
5910.39499521257  1.152536E-14
5911.47373604776  1.166882E-14
5912.55247688295  1.147536E-14
5913.63121771814  1.119786E-14
5914.70995855333  1.108778E-14
5915.78869938852  1.123597E-14
5916.86744022371  1.154618E-14
5917.9461810589  1.165341E-14
5919.02492189409  1.145104E-14
5920.10366272928  1.120797E-14
5921.18240356447  1.132290E-14
5922.26114439966  1.155084E-14
5923.33988523485  1.164312E-14
5924.41862607003  1.163534E-14
5925.49736690523  1.163778E-14
5926.57610774041  1.160442E-14
5927.65484857561  1.147248E-14
5928.7335894108  1.157158E-14
5929.81233024599  1.168712E-14
5930.89107108117  1.156344E-14
5931.96981191637  1.156677E-14
5933.04855275155  1.183753E-14
5934.12729358674  1.175374E-14
5935.20603442193  1.172248E-14
5936.28477525712  1.200081E-14
5937.36351609231  1.211710E-14
5938.4422569275  1.213537E-14
5939.52099776269  1.195631E-14
5940.59973859788  1.189801E-14
5941.67847943307  1.148930E-14
5942.75722026826  1.129308E-14
5943.83596110345  1.147801E-14
5944.91470193864  1.155984E-14
5945.99344277383  1.161856E-14
5947.07218360902  1.175020E-14
5948.15092444421  1.158626E-14
5949.2296652794  1.152893E-14
5950.30840611459  1.185391E-14
5951.38714694978  1.159995E-14
5952.46588778497  1.158550E-14
5953.54462862016  1.167179E-14
5954.62336945535  1.177299E-14
5955.70211029054  1.185305E-14
5956.78085112573  1.185682E-14
5957.85959196092  1.166852E-14
5958.93833279611  1.169361E-14
5960.0170736313  1.190705E-14
5961.09581446649  1.200160E-14
5962.17455530168  1.225180E-14
5963.25329613687  1.216854E-14
5964.33203697206  1.224291E-14
5965.41077780725  1.230952E-14
5966.48951864244  1.216969E-14
5967.56825947763  1.210481E-14
5968.64700031282  1.216086E-14
5969.72574114801  1.220612E-14
5970.8044819832  1.217978E-14
5971.88322281839  1.254791E-14
5972.96196365358  1.271257E-14
5974.04070448877  1.242426E-14
5975.11944532396  1.220243E-14
5976.19818615915  1.170137E-14
5977.27692699434  1.144984E-14
5978.35566782953  1.186297E-14
5979.43440866472  1.218446E-14
5980.51314949991  1.238865E-14
5981.5918903351  1.246339E-14
5982.67063117029  1.229391E-14
5983.74937200548  1.208526E-14
5984.82811284067  1.182584E-14
5985.90685367586  1.185981E-14
5986.98559451105  1.182510E-14
5988.06433534624  1.182304E-14
5989.14307618143  1.212905E-14
5990.22181701662  1.229345E-14
5991.30055785181  1.236718E-14
5992.37929868699  1.223801E-14
5993.45803952219  1.229209E-14
5994.53678035738  1.257200E-14
5995.61552119256  1.265867E-14
5996.69426202775  1.240226E-14
5997.77300286294  1.230507E-14
5998.85174369814  1.267435E-14
5999.93048453332  1.264600E-14
6001.00922536852  1.233220E-14
6002.0879662037  1.234977E-14
6003.16670703889  1.231988E-14
6004.24544787408  1.253061E-14
6005.32418870927  1.249645E-14
6006.40292954446  1.233935E-14
6007.48167037965  1.205451E-14
6008.56041121484  1.184434E-14
6009.63915205003  1.217397E-14
6010.71789288522  1.239384E-14
6011.79663372041  1.251722E-14
6012.8753745556  1.252952E-14
6013.95411539079  1.225455E-14
6015.03285622598  1.226866E-14
6016.11159706117  1.234755E-14
6017.19033789636  1.222339E-14
6018.26907873155  1.238258E-14
6019.34781956674  1.232305E-14
6020.42656040193  1.206270E-14
6021.50530123712  1.205264E-14
6022.58404207231  1.210807E-14
6023.6627829075  1.208928E-14
6024.74152374269  1.196815E-14
6025.82026457788  1.224066E-14
6026.89900541307  1.275219E-14
6027.97774624826  1.280987E-14
6029.05648708345  1.273498E-14
6030.13522791864  1.282729E-14
6031.21396875383  1.297595E-14
6032.29270958902  1.289813E-14
6033.37145042421  1.271936E-14
6034.4501912594  1.285626E-14
6035.52893209459  1.301800E-14
6036.60767292978  1.306201E-14
6037.68641376497  1.317452E-14
6038.76515460016  1.282664E-14
6039.84389543535  1.247961E-14
6040.92263627054  1.282189E-14
6042.00137710573  1.290925E-14
6043.08011794092  1.310165E-14
6044.15885877611  1.317541E-14
6045.2375996113  1.313420E-14
6046.31634044649  1.299110E-14
6047.39508128168  1.329874E-14
6048.47382211687  1.337884E-14
6049.55256295206  1.322688E-14
6050.63130378725  1.295673E-14
6051.71004462244  1.298162E-14
6052.78878545763  1.308633E-14
6053.86752629281  1.292864E-14
6054.946267128  1.293551E-14
6056.0250079632  1.279476E-14
6057.10374879838  1.277082E-14
6058.18248963358  1.293689E-14
6059.26123046876  1.305162E-14
6060.33997130395  1.309179E-14
6061.41871213914  1.322696E-14
6062.49745297433  1.311503E-14
6063.57619380952  1.293124E-14
6064.65493464471  1.245506E-14
6065.7336754799  1.257745E-14
6066.81241631509  1.286906E-14
6067.89115715028  1.299766E-14
6068.96989798547  1.318515E-14
6070.04863882066  1.302588E-14
6071.12737965585  1.323200E-14
6072.20612049104  1.328121E-14
6073.28486132623  1.346100E-14
6074.36360216142  1.357224E-14
6075.44234299661  1.355050E-14
6076.5210838318  1.323004E-14
6077.59982466699  1.300448E-14
6078.67856550218  1.290202E-14
6079.75730633737  1.260280E-14
6080.83604717256  1.286760E-14
6081.91478800775  1.283991E-14
6082.99352884294  1.284295E-14
6084.07226967813  1.280113E-14
6085.15101051332  1.286576E-14
6086.22975134851  1.300318E-14
6087.3084921837  1.335396E-14
6088.38723301889  1.320763E-14
6089.46597385408  1.280613E-14
6090.54471468927  1.277566E-14
6091.62345552446  1.310968E-14
6092.70219635965  1.321423E-14
6093.78093719484  1.326359E-14
6094.85967803003  1.324762E-14
6095.93841886522  1.314301E-14
6097.01715970041  1.308082E-14
6098.0959005356  1.333158E-14
6099.17464137079  1.332145E-14
6100.25338220598  1.314481E-14
6101.33212304117  1.260001E-14
6102.41086387636  1.204663E-14
6103.48960471155  1.208677E-14
6104.56834554674  1.239938E-14
6105.64708638193  1.302145E-14
6106.72582721712  1.340272E-14
6107.80456805231  1.331609E-14
6108.8833088875  1.317374E-14
6109.96204972269  1.321651E-14
6111.04079055787  1.337552E-14
6112.11953139306  1.329594E-14
6113.19827222826  1.316899E-14
6114.27701306345  1.331975E-14
6115.35575389864  1.334593E-14
6116.43449473382  1.322951E-14
6117.51323556902  1.336352E-14
6118.5919764042  1.351105E-14
6119.67071723939  1.326157E-14
6120.74945807458  1.276993E-14
6121.82819890977  1.236939E-14
6122.90693974496  1.227673E-14
6123.98568058015  1.264365E-14
6125.06442141534  1.302838E-14
6126.14316225053  1.310737E-14
6127.22190308572  1.298260E-14
6128.30064392091  1.310858E-14
6129.3793847561  1.335716E-14
6130.45812559129  1.337383E-14
6131.53686642648  1.345842E-14
6132.61560726167  1.356923E-14
6133.69434809686  1.374031E-14
6134.77308893205  1.314654E-14
6135.85182976724  1.233776E-14
6136.93057060243  1.221668E-14
6138.00931143762  1.239105E-14
6139.08805227281  1.257709E-14
6140.166793108  1.237400E-14
6141.24553394319  1.178566E-14
6142.32427477838  1.140183E-14
6143.40301561357  1.196054E-14
6144.48175644876  1.282046E-14
6145.56049728395  1.307700E-14
6146.63923811914  1.320751E-14
6147.71797895433  1.311884E-14
6148.79671978952  1.290992E-14
6149.87546062471  1.306575E-14
6150.9542014599  1.309941E-14
6152.03294229509  1.324935E-14
6153.11168313028  1.337350E-14
6154.19042396547  1.347395E-14
6155.26916480066  1.330832E-14
6156.34790563585  1.336077E-14
6157.42664647104  1.322968E-14
6158.50538730623  1.293057E-14
6159.58412814142  1.289016E-14
6160.66286897661  1.262884E-14
6161.7416098118  1.198379E-14
6162.82035064699  1.195308E-14
6163.89909148218  1.219492E-14
6164.97783231737  1.264605E-14
6166.05657315256  1.268745E-14
6167.13531398775  1.302280E-14
6168.21405482294  1.302208E-14
6169.29279565813  1.269733E-14
6170.37153649332  1.272377E-14
6171.45027732851  1.305263E-14
6172.5290181637  1.276712E-14
6173.60775899889  1.285375E-14
6174.68649983408  1.334034E-14
6175.76524066927  1.355795E-14
6176.84398150446  1.344764E-14
6177.92272233965  1.346280E-14
6179.00146317483  1.363766E-14
6180.08020401003  1.358030E-14
6181.15894484521  1.395503E-14
6182.2376856804  1.378462E-14
6183.31642651559  1.377282E-14
6184.39516735078  1.376847E-14
6185.47390818597  1.367498E-14
6186.55264902116  1.343749E-14
6187.63138985635  1.359285E-14
6188.71013069154  1.374996E-14
6189.78887152673  1.327400E-14
6190.86761236192  1.295527E-14
6191.94635319711  1.293975E-14
6193.0250940323  1.303591E-14
6194.10383486749  1.354937E-14
6195.18257570268  1.368998E-14
6196.26131653787  1.383269E-14
6197.34005737306  1.380774E-14
6198.41879820825  1.354529E-14
6199.49753904344  1.368088E-14
6200.57627987863  1.346423E-14
6201.65502071382  1.350422E-14
6202.73376154901  1.373401E-14
6203.8125023842  1.391074E-14
6204.89124321939  1.378209E-14
6205.96998405458  1.419991E-14
6207.04872488977  1.398728E-14
6208.12746572496  1.399868E-14
6209.20620656015  1.426924E-14
6210.28494739534  1.424484E-14
6211.36368823053  1.402216E-14
6212.44242906572  1.389617E-14
6213.52116990091  1.358628E-14
6214.5999107361  1.360648E-14
6215.67865157129  1.353294E-14
6216.75739240648  1.370321E-14
6217.83613324167  1.335265E-14
6218.91487407686  1.335909E-14
6219.99361491205  1.354383E-14
6221.07235574724  1.359975E-14
6222.15109658243  1.379635E-14
6223.22983741762  1.377319E-14
6224.30857825281  1.352563E-14
6225.387319088  1.378192E-14
6226.46605992319  1.407881E-14
6227.54480075838  1.402795E-14
6228.62354159357  1.372507E-14
6229.70228242876  1.303716E-14
6230.78102326395  1.261064E-14
6231.85976409914  1.290593E-14
6232.93850493433  1.316443E-14
6234.01724576952  1.362021E-14
6235.09598660471  1.398625E-14
6236.1747274399  1.381688E-14
6237.25346827509  1.360981E-14
6238.33220911027  1.334619E-14
6239.41094994546  1.283522E-14
6240.48969078065  1.306259E-14
6241.56843161585  1.329568E-14
6242.64717245103  1.355486E-14
6243.72591328622  1.350663E-14
6244.80465412141  1.314934E-14
6245.8833949566  1.308047E-14
6246.96213579179  1.306247E-14
6248.04087662698  1.315577E-14
6249.11961746217  1.336387E-14
6250.19835829736  1.351773E-14
6251.27709913255  1.369935E-14
6252.35583996774  1.319936E-14
6253.43458080293  1.302748E-14
6254.51332163812  1.325635E-14
6255.59206247331  1.317122E-14
6256.6708033085  1.300522E-14
6257.74954414369  1.287706E-14
6258.82828497888  1.295597E-14
6259.90702581407  1.332888E-14
6260.98576664926  1.378762E-14
6262.06450748445  1.398267E-14
6263.14324831964  1.405963E-14
6264.22198915483  1.399098E-14
6265.30072999002  1.386817E-14
6266.37947082521  1.396077E-14
6267.4582116604  1.414085E-14
6268.53695249559  1.420977E-14
6269.61569333078  1.423960E-14
6270.69443416597  1.427109E-14
6271.77317500116  1.401343E-14
6272.85191583635  1.382126E-14
6273.93065667154  1.418495E-14
6275.00939750673  1.434487E-14
6276.08813834192  1.401680E-14
6277.16687917711  1.358609E-14
6278.2456200123  1.323444E-14
6279.32436084749  1.308074E-14
6280.40310168268  1.308537E-14
6281.48184251787  1.308405E-14
6282.56058335306  1.315459E-14
6283.63932418825  1.349437E-14
6284.71806502344  1.370324E-14
6285.79680585863  1.383361E-14
6286.87554669382  1.396401E-14
6287.95428752901  1.435902E-14
6289.0330283642  1.433449E-14
6290.11176919939  1.428892E-14
6291.19051003458  1.444348E-14
6292.26925086977  1.402240E-14
6293.34799170496  1.403505E-14
6294.42673254015  1.426094E-14
6295.50547337534  1.410251E-14
6296.58421421052  1.392861E-14
6297.66295504571  1.368474E-14
6298.74169588091  1.365983E-14
6299.82043671609  1.377751E-14
6300.89917755129  1.365367E-14
6301.97791838647  1.319761E-14
6303.05665922166  1.325538E-14
6304.13540005685  1.364375E-14
6305.21414089204  1.383911E-14
6306.29288172723  1.421288E-14
6307.37162256242  1.434979E-14
6308.45036339761  1.444781E-14
6309.5291042328  1.443397E-14
6310.60784506799  1.441822E-14
6311.68658590318  1.422966E-14
6312.76532673837  1.435983E-14
6313.84406757356  1.440494E-14
6314.92280840875  1.403089E-14
6316.00154924394  1.390279E-14
6317.08029007913  1.382205E-14
6318.15903091432  1.365890E-14
6319.23777174951  1.384410E-14
6320.3165125847  1.381823E-14
6321.39525341989  1.401555E-14
6322.47399425508  1.402043E-14
6323.55273509027  1.433322E-14
6324.63147592546  1.463020E-14
6325.71021676065  1.461021E-14
6326.78895759584  1.453386E-14
6327.86769843103  1.452478E-14
6328.94643926622  1.445441E-14
6330.02518010141  1.454186E-14
6331.1039209366  1.468954E-14
6332.18266177179  1.455737E-14
6333.26140260698  1.474682E-14
6334.34014344217  1.428497E-14
6335.41888427736  1.406829E-14
6336.49762511255  1.380993E-14
6337.57636594774  1.396746E-14
6338.65510678293  1.429015E-14
6339.73384761812  1.436785E-14
6340.81258845331  1.469570E-14
6341.8913292885  1.473309E-14
6342.97007012369  1.446268E-14
6344.04881095888  1.470620E-14
6345.12755179407  1.469857E-14
6346.20629262926  1.442168E-14
6347.28503346445  1.417139E-14
6348.36377429964  1.414751E-14
6349.44251513483  1.468750E-14
6350.52125597002  1.492667E-14
6351.59999680521  1.505304E-14
6352.6787376404  1.511694E-14
6353.75747847558  1.471993E-14
6354.83621931078  1.469528E-14
6355.91496014597  1.478964E-14
6356.99370098115  1.453240E-14
6358.07244181635  1.398869E-14
6359.15118265153  1.380730E-14
6360.22992348673  1.407912E-14
6361.30866432191  1.402824E-14
6362.3874051571  1.427100E-14
6363.46614599229  1.466618E-14
6364.54488682748  1.421245E-14
6365.62362766267  1.435602E-14
6366.70236849786  1.468609E-14
6367.78110933305  1.472879E-14
6368.85985016824  1.487902E-14
6369.93859100343  1.447042E-14
6371.01733183862  1.426360E-14
6372.09607267381  1.457187E-14
6373.174813509  1.511760E-14
6374.25355434419  1.501571E-14
6375.33229517938  1.473133E-14
6376.41103601457  1.462874E-14
6377.48977684976  1.477338E-14
6378.56851768495  1.507755E-14
6379.64725852014  1.496443E-14
6380.72599935533  1.453470E-14
6381.80474019052  1.476742E-14
6382.88348102571  1.501057E-14
6383.9622218609  1.527924E-14
6385.04096269609  1.499365E-14
6386.11970353128  1.489154E-14
6387.19844436647  1.528526E-14
6388.27718520166  1.500440E-14
6389.35592603685  1.534008E-14
6390.43466687204  1.507884E-14
6391.51340770723  1.489878E-14
6392.59214854242  1.450111E-14
6393.67088937761  1.424638E-14
6394.7496302128  1.431723E-14
6395.82837104799  1.471941E-14
6396.90711188318  1.499487E-14
6397.98585271837  1.497282E-14
6399.06459355356  1.431325E-14
6400.14333438875  1.421400E-14
6401.22207522394  1.472756E-14
6402.30081605913  1.487070E-14
6403.37955689432  1.512336E-14
6404.45829772951  1.529318E-14
6405.5370385647  1.493359E-14
6406.61577939989  1.506782E-14
6407.69452023508  1.475248E-14
6408.77326107027  1.482354E-14
6409.85200190546  1.456531E-14
6410.93074274064  1.443517E-14
6412.00948357584  1.428659E-14
6413.08822441103  1.440770E-14
6414.16696524622  1.468504E-14
6415.24570608141  1.463822E-14
6416.3244469166  1.472308E-14
6417.40318775179  1.464591E-14
6418.48192858697  1.480060E-14
6419.56066942217  1.450221E-14
6420.63941025735  1.430129E-14
6421.71815109254  1.417943E-14
6422.79689192774  1.455020E-14
6423.87563276292  1.505096E-14
6424.95437359811  1.520692E-14
6426.0331144333  1.554515E-14
6427.11185526849  1.545574E-14
6428.19059610368  1.518484E-14
6429.26933693887  1.468230E-14
6430.34807777406  1.459886E-14
6431.42681860925  1.471107E-14
6432.50555944444  1.474972E-14
6433.58430027963  1.523036E-14
6434.66304111482  1.512340E-14
6435.74178195001  1.523911E-14
6436.8205227852  1.535067E-14
6437.89926362039  1.461007E-14
6438.97800445558  1.390325E-14
6440.05674529077  1.409417E-14
6441.13548612596  1.427488E-14
6442.21422696115  1.491226E-14
6443.29296779634  1.519812E-14
6444.37170863153  1.483927E-14
6445.45044946672  1.561247E-14
6446.52919030191  1.554237E-14
6447.6079311371  1.515979E-14
6448.68667197229  1.453983E-14
6449.76541280748  1.439396E-14
6450.84415364267  1.433008E-14
6451.92289447786  1.468453E-14
6453.00163531305  1.529428E-14
6454.08037614824  1.498354E-14
6455.15911698343  1.452429E-14
6456.23785781862  1.403335E-14
6457.31659865381  1.421630E-14
6458.395339489  1.457789E-14
6459.47408032419  1.523079E-14
6460.55282115938  1.514543E-14
6461.63156199457  1.460468E-14
6462.71030282976  1.415108E-14
6463.78904366495  1.454027E-14
6464.86778450014  1.510144E-14
6465.94652533533  1.485062E-14
6467.02526617052  1.487104E-14
6468.10400700571  1.506058E-14
6469.1827478409  1.487988E-14
6470.26148867609  1.478797E-14
6471.34022951128  1.487367E-14
6472.41897034647  1.483655E-14
6473.49771118166  1.485104E-14
6474.57645201685  1.483955E-14
6475.65519285203  1.488232E-14
6476.73393368723  1.491178E-14
6477.81267452241  1.476174E-14
6478.8914153576  1.528839E-14
6479.9701561928  1.507667E-14
6481.04889702798  1.495497E-14
6482.12763786317  1.496542E-14
6483.20637869836  1.451748E-14
6484.28511953356  1.427760E-14
6485.36386036874  1.468617E-14
6486.44260120393  1.498143E-14
6487.52134203912  1.504604E-14
6488.60008287431  1.504973E-14
6489.6788237095  1.497279E-14
6490.75756454469  1.472440E-14
6491.83630537988  1.406445E-14
6492.91504621507  1.338856E-14
6493.99378705026  1.282844E-14
6495.07252788545  1.181534E-14
6496.15126872064  1.111115E-14
6497.23000955583  1.146627E-14
6498.30875039102  1.272717E-14
6499.38749122621  1.344811E-14
6500.4662320614  1.408426E-14
6501.54497289659  1.492274E-14
6502.62371373178  1.524945E-14
6503.70245456697  1.539496E-14
6504.78119540216  1.573015E-14
6505.85993623735  1.552666E-14
6506.93867707254  1.538827E-14
6508.01741790773  1.543762E-14
6509.09615874292  1.546039E-14
6510.17489957811  1.543313E-14
6511.2536404133  1.551177E-14
6512.33238124849  1.575909E-14
6513.41112208368  1.601859E-14
6514.48986291887  1.524561E-14
6515.56860375406  1.466376E-14
6516.64734458925  1.432307E-14
6517.72608542444  1.402560E-14
6518.80482625963  1.443195E-14
6519.88356709482  1.478118E-14
6520.96230793001  1.517076E-14
6522.0410487652  1.518546E-14
6523.11978960039  1.523018E-14
6524.19853043558  1.524028E-14
6525.27727127077  1.529851E-14
6526.35601210596  1.556571E-14
6527.43475294115  1.554544E-14
6528.51349377634  1.570962E-14
6529.59223461153  1.553710E-14
6530.67097544672  1.553084E-14
6531.74971628191  1.551703E-14
6532.8284571171  1.532522E-14
6533.90719795229  1.557412E-14
6534.98593878747  1.548986E-14
6536.06467962266  1.533849E-14
6537.14342045786  1.542644E-14
6538.22216129305  1.581375E-14
6539.30090212823  1.595075E-14
6540.37964296342  1.593072E-14
6541.45838379862  1.561991E-14
6542.5371246338  1.552200E-14
6543.61586546899  1.518425E-14
6544.69460630418  1.478621E-14
6545.77334713937  1.488614E-14
6546.85208797456  1.469901E-14
6547.93082880975  1.499129E-14
6549.00956964494  1.495924E-14
6550.08831048013  1.542904E-14
6551.16705131532  1.540444E-14
6552.24579215051  1.554882E-14
6553.3245329857  1.542121E-14
6554.40327382089  1.488737E-14
6555.48201465608  1.535959E-14
6556.56075549127  1.560208E-14
6557.63949632646  1.616718E-14
6558.71823716165  1.645826E-14
6559.79697799684  1.711696E-14
6560.87571883203  1.616292E-14
6561.95445966722  1.253445E-14
6563.03320050241  1.134047E-14
6564.1119413376  1.430925E-14
6565.19068217279  1.656244E-14
6566.26942300798  1.660589E-14
6567.34816384317  1.621137E-14
6568.42690467836  1.585907E-14
6569.50564551355  1.589120E-14
6570.58438634874  1.573339E-14
6571.66312718393  1.528322E-14
6572.74186801912  1.522320E-14
6573.82060885431  1.523731E-14
6574.8993496895  1.516883E-14
6575.97809052469  1.510310E-14
6577.05683135988  1.564647E-14
6578.13557219507  1.592667E-14
6579.21431303026  1.591580E-14
6580.29305386545  1.544953E-14
6581.37179470064  1.558509E-14
6582.45053553583  1.583223E-14
6583.52927637102  1.582682E-14
6584.60801720621  1.573339E-14
6585.6867580414  1.527634E-14
6586.76549887659  1.556742E-14
6587.84423971178  1.580795E-14
6588.92298054697  1.552751E-14
6590.00172138216  1.528451E-14
6591.08046221735  1.516975E-14
6592.15920305254  1.506512E-14
6593.23794388772  1.446538E-14
6594.31668472292  1.425157E-14
6595.39542555811  1.502317E-14
6596.47416639329  1.546883E-14
6597.55290722848  1.541170E-14
6598.63164806368  1.523989E-14
6599.71038889886  1.591885E-14
6600.78912973405  1.643542E-14
6601.86787056924  1.597997E-14
6602.94661140444  1.566246E-14
6604.02535223962  1.535568E-14
6605.10409307481  1.505888E-14
6606.18283391  1.541694E-14
6607.26157474519  1.592813E-14
6608.34031558038  1.584044E-14
6609.41905641557  1.512406E-14
6610.49779725076  1.508013E-14
6611.57653808595  1.538580E-14
6612.65527892114  1.597855E-14
6613.73401975633  1.575009E-14
6614.81276059152  1.556472E-14
6615.89150142671  1.570436E-14
6616.9702422619  1.579968E-14
6618.04898309709  1.619568E-14
6619.12772393228  1.637177E-14
6620.20646476747  1.585669E-14
6621.28520560266  1.620422E-14
6622.36394643785  1.610561E-14
6623.44268727304  1.593047E-14
6624.52142810823  1.584839E-14
6625.60016894342  1.582159E-14
6626.67890977861  1.569146E-14
6627.7576506138  1.570553E-14
6628.83639144899  1.560023E-14
6629.91513228418  1.583905E-14
6630.99387311937  1.591337E-14
6632.07261395456  1.539107E-14
6633.15135478975  1.546905E-14
6634.23009562494  1.497205E-14
6635.30883646013  1.499172E-14
6636.38757729532  1.571606E-14
6637.46631813051  1.590626E-14
6638.5450589657  1.546060E-14
6639.62379980089  1.521058E-14
6640.70254063608  1.562339E-14
6641.78128147127  1.578960E-14
6642.86002230646  1.504024E-14
6643.93876314165  1.507185E-14
6645.01750397684  1.515101E-14
6646.09624481203  1.513248E-14
6647.17498564722  1.554694E-14
6648.25372648241  1.578208E-14
6649.3324673176  1.565342E-14
6650.41120815279  1.520330E-14
6651.48994898798  1.487413E-14
6652.56868982317  1.468978E-14
6653.64743065835  1.523101E-14
6654.72617149355  1.545273E-14
6655.80491232874  1.537593E-14
6656.88365316393  1.572499E-14
6657.96239399911  1.597361E-14
6659.0411348343  1.562759E-14
6660.1198756695  1.538454E-14
6661.19861650468  1.528683E-14
6662.27735733987  1.485390E-14
6663.35609817506  1.465094E-14
6664.43483901025  1.488414E-14
6665.51357984544  1.474957E-14
6666.59232068063  1.467492E-14
6667.67106151582  1.483029E-14
6668.74980235101  1.513597E-14
6669.8285431862  1.537390E-14
6670.90728402139  1.537337E-14
6671.98602485658  1.559787E-14
6673.06476569177  1.528259E-14
6674.14350652696  1.491297E-14
6675.22224736215  1.527468E-14
6676.30098819734  1.521929E-14
6677.37972903253  1.455983E-14
6678.45846986772  1.447452E-14
6679.53721070291  1.437280E-14
6680.6159515381  1.423803E-14
6681.69469237329  1.459613E-14
6682.77343320848  1.503854E-14
6683.85217404367  1.481126E-14
6684.93091487886  1.455288E-14
6686.00965571405  1.471697E-14
6687.08839654924  1.503196E-14
6688.16713738443  1.516742E-14
6689.24587821962  1.471480E-14
6690.32461905481  1.464834E-14
6691.40335989  1.516362E-14
6692.48210072519  1.528801E-14
6693.56084156038  1.501559E-14
6694.63958239557  1.484602E-14
6695.71832323076  1.475054E-14
6696.79706406595  1.460026E-14
6697.87580490114  1.479418E-14
6698.95454573633  1.475523E-14
6700.03328657152  1.476717E-14
6701.11202740671  1.474604E-14
6702.1907682419  1.481728E-14
6703.26950907709  1.449447E-14
6704.34824991228  1.474173E-14
6705.42699074747  1.458921E-14
6706.50573158266  1.382618E-14
6707.58447241785  1.284730E-14
6708.66321325304  1.304587E-14
6709.74195408823  1.322420E-14
6710.82069492342  1.419401E-14
6711.89943575861  1.433803E-14
6712.9781765938  1.454206E-14
6714.05691742899  1.441799E-14
6715.13565826417  1.409272E-14
6716.21439909937  1.387772E-14
6717.29313993456  1.343007E-14
6718.37188076974  1.387666E-14
6719.45062160494  1.396822E-14
6720.52936244012  1.402800E-14
6721.60810327531  1.401786E-14
6722.6868441105  1.435147E-14
6723.76558494569  1.442102E-14
6724.84432578088  1.414397E-14
6725.92306661607  1.401047E-14
6727.00180745126  1.399999E-14
6728.08054828645  1.383659E-14
6729.15928912164  1.395227E-14
6730.23802995683  1.407839E-14
6731.31677079202  1.434744E-14
6732.39551162721  1.423799E-14
6733.4742524624  1.426244E-14
6734.55299329759  1.366031E-14
6735.63173413278  1.380545E-14
6736.71047496797  1.375594E-14
6737.78921580316  1.388286E-14
6738.86795663835  1.358323E-14
6739.94669747354  1.384310E-14
6741.02543830873  1.371964E-14
6742.10417914392  1.385360E-14
6743.18291997911  1.407791E-14
6744.2616608143  1.360186E-14
6745.34040164949  1.396501E-14
6746.41914248468  1.387004E-14
6747.49788331987  1.392497E-14
6748.57662415506  1.371233E-14
6749.65536499025  1.355426E-14
6750.73410582544  1.358479E-14
6751.81284666063  1.320586E-14
6752.89158749582  1.349028E-14
6753.97032833101  1.330598E-14
6755.0490691662  1.341199E-14
6756.12781000139  1.388726E-14
6757.20655083658  1.389213E-14
6758.28529167177  1.374382E-14
6759.36403250696  1.396716E-14
6760.44277334215  1.402274E-14
6761.52151417734  1.360978E-14
6762.60025501253  1.365249E-14
6763.67899584772  1.373534E-14
6764.75773668291  1.331185E-14
6765.8364775181  1.332523E-14
6766.91521835329  1.309156E-14
6767.99395918848  1.291493E-14
6769.07270002367  1.304312E-14
6770.15144085886  1.328171E-14
6771.23018169405  1.285877E-14
6772.30892252923  1.280007E-14
6773.38766336443  1.310630E-14
6774.46640419962  1.310394E-14
6775.54514503481  1.293254E-14
6776.62388587  1.320401E-14
6777.70262670518  1.316325E-14
6778.78136754037  1.282274E-14
6779.86010837556  1.319799E-14
6780.93884921075  1.323599E-14
6782.01759004594  1.315143E-14
6783.09633088113  1.270650E-14
6784.17507171633  1.233797E-14
6785.25381255151  1.263686E-14
6786.3325533867  1.280136E-14
6787.41129422189  1.294602E-14
6788.49003505708  1.284720E-14
6789.56877589227  1.268265E-14
6790.64751672746  1.268363E-14
6791.72625756265  1.265606E-14
6792.80499839784  1.285181E-14
6793.88373923303  1.292842E-14
6794.96248006822  1.233265E-14
6796.04122090341  1.222774E-14
6797.1199617386  1.222877E-14
6798.19870257379  1.234110E-14
6799.27744340898  1.255192E-14
6800.35618424417  1.246958E-14
6801.43492507936  1.247318E-14
6802.51366591455  1.254601E-14
6803.59240674974  1.246879E-14
6804.67114758493  1.210356E-14
6805.74988842012  1.217695E-14
6806.82862925531  1.174778E-14
6807.9073700905  1.190150E-14
6808.98611092569  1.200910E-14
6810.06485176088  1.207525E-14
6811.14359259607  1.222807E-14
6812.22233343126  1.199677E-14
6813.30107426645  1.193637E-14
6814.37981510164  1.199975E-14
6815.45855593683  1.172515E-14
6816.53729677202  1.155397E-14
6817.61603760721  1.149062E-14
6818.6947784424  1.176566E-14
6819.77351927759  1.192219E-14
6820.85226011278  1.179465E-14
6821.93100094797  1.180978E-14
6823.00974178316  1.179898E-14
6824.08848261835  1.179943E-14
