0.944713000000003  7.644558E-13
0.94493612461774  7.697053E-13
0.945159249235477  7.440379E-13
0.945382373853214  6.352987E-13
0.945605498470951  7.006078E-13
0.945828623088688  6.110399E-13
0.946051747706425  6.711842E-13
0.946274872324162  8.705346E-13
0.946497996941899  9.505168E-13
0.946721121559636  7.670316E-13
0.946944246177373  6.333847E-13
0.94716737079511  6.408964E-13
0.947390495412847  6.844574E-13
0.947613620030584  7.865206E-13
0.947836744648321  7.078348E-13
0.948059869266058  6.833730E-13
0.948282993883795  6.127019E-13
0.948506118501532  7.272673E-13
0.948729243119269  8.722546E-13
0.948952367737006  1.013331E-12
0.949175492354743  8.793590E-13
0.94939861697248  7.918507E-13
0.949621741590217  7.146504E-13
0.949844866207954  5.881103E-13
0.950067990825691  5.631439E-13
0.950291115443428  6.472963E-13
0.950514240061165  7.265271E-13
0.950737364678902  6.806404E-13
0.950960489296639  6.476867E-13
0.951183613914376  6.669250E-13
0.951406738532113  7.381789E-13
0.95162986314985  8.237962E-13
0.951852987767587  7.080805E-13
0.952076112385324  6.567408E-13
0.952299237003061  6.395138E-13
0.952522361620798  7.143608E-13
0.952745486238535  6.765092E-13
0.952968610856272  6.631137E-13
0.953191735474009  7.230134E-13
0.953414860091746  6.429070E-13
0.953637984709483  6.669759E-13
0.95386110932722  6.667187E-13
0.954084233944957  6.863543E-13
0.954307358562694  6.951808E-13
0.954530483180431  7.092578E-13
0.954753607798168  6.599528E-13
0.954976732415905  5.560667E-13
0.955199857033642  5.689115E-13
0.955422981651379  5.482852E-13
0.955646106269116  6.495134E-13
0.955869230886853  7.834870E-13
0.95609235550459  9.579365E-13
0.956315480122327  8.650471E-13
0.956538604740064  7.702863E-13
0.956761729357801  6.946330E-13
0.956984853975538  6.402672E-13
0.957207978593275  6.298985E-13
0.957431103211012  7.129869E-13
0.957654227828749  7.077744E-13
0.957877352446486  6.873079E-13
0.958100477064223  6.893987E-13
0.95832360168196  6.385045E-13
0.958546726299697  6.785170E-13
0.958769850917434  7.122706E-13
0.958992975535171  7.244040E-13
0.959216100152908  7.191844E-13
0.959439224770645  6.834704E-13
0.959662349388382  6.646750E-13
0.959885474006119  6.859120E-13
0.960108598623856  7.071317E-13
0.960331723241593  6.806555E-13
0.96055484785933  6.505421E-13
0.960777972477067  6.615757E-13
0.961001097094804  6.647848E-13
0.961224221712541  6.511390E-13
0.961447346330278  6.498823E-13
0.961670470948015  6.777828E-13
0.961893595565752  7.020844E-13
0.962116720183489  6.993714E-13
0.962339844801226  6.879267E-13
0.962562969418963  6.728462E-13
0.9627860940367  6.544290E-13
0.963009218654437  6.407397E-13
0.963232343272174  6.899294E-13
0.963455467889911  7.031521E-13
0.963678592507648  6.768706E-13
0.963901717125385  6.472386E-13
0.964124841743122  6.366483E-13
0.964347966360859  6.691869E-13
0.964571090978596  6.895081E-13
0.964794215596333  6.673146E-13
0.96501734021407  6.490393E-13
0.965240464831807  6.730661E-13
0.965463589449544  6.737461E-13
0.965686714067281  6.746153E-13
0.965909838685018  6.511236E-13
0.966132963302755  6.184144E-13
0.966356087920492  6.370424E-13
0.966579212538229  6.389502E-13
0.966802337155966  6.593819E-13
0.967025461773703  6.733084E-13
0.96724858639144  6.982250E-13
0.967471711009177  6.762058E-13
0.967694835626914  6.693619E-13
0.967917960244651  6.469659E-13
0.968141084862388  6.451871E-13
0.968364209480125  6.525744E-13
0.968587334097862  6.937629E-13
0.968810458715599  6.990750E-13
0.969033583333336  6.978682E-13
0.969256707951073  6.707419E-13
0.96947983256881  6.593982E-13
0.969702957186547  6.653077E-13
0.969926081804284  6.768653E-13
0.970149206422021  6.707626E-13
0.970372331039758  6.930543E-13
0.970595455657495  6.971428E-13
0.970818580275232  6.842294E-13
0.971041704892969  6.734970E-13
0.971264829510706  6.799262E-13
0.971487954128443  6.910210E-13
0.97171107874618  7.084687E-13
0.971934203363917  6.971990E-13
0.972157327981654  7.093526E-13
0.972380452599391  6.829648E-13
0.972603577217128  6.718114E-13
0.972826701834865  6.620148E-13
0.973049826452602  6.508425E-13
0.973272951070339  6.560219E-13
0.973496075688076  6.427928E-13
0.973719200305813  6.794697E-13
0.97394232492355  6.718468E-13
0.974165449541287  6.662810E-13
0.974388574159024  6.530974E-13
0.974611698776761  6.758454E-13
0.974834823394498  6.732233E-13
0.975057948012235  6.648954E-13
0.975281072629972  6.710418E-13
0.975504197247709  6.699203E-13
0.975727321865446  6.911632E-13
0.975950446483183  6.884837E-13
0.97617357110092  6.776831E-13
0.976396695718657  6.771338E-13
0.976619820336394  6.902850E-13
0.976842944954131  6.878004E-13
0.977066069571868  6.805851E-13
0.977289194189605  6.812710E-13
0.977512318807342  6.582918E-13
0.977735443425079  6.757318E-13
0.977958568042816  6.901628E-13
0.978181692660553  6.807427E-13
0.97840481727829  6.783230E-13
0.978627941896027  6.683637E-13
0.978851066513764  6.565376E-13
0.979074191131501  6.411539E-13
0.979297315749238  6.494279E-13
0.979520440366975  6.799912E-13
0.979743564984712  7.000227E-13
0.979966689602449  7.244085E-13
0.980189814220186  7.057599E-13
0.980412938837923  6.826266E-13
0.98063606345566  6.729510E-13
0.980859188073397  6.836908E-13
0.981082312691134  6.936535E-13
0.981305437308871  6.750298E-13
0.981528561926608  6.812697E-13
0.981751686544345  6.914118E-13
0.981974811162082  6.912570E-13
0.982197935779819  6.838370E-13
0.982421060397556  6.904426E-13
0.982644185015293  6.950947E-13
0.98286730963303  7.016685E-13
0.983090434250767  6.903244E-13
0.983313558868504  6.796439E-13
0.983536683486241  6.811950E-13
0.983759808103978  6.904938E-13
0.983982932721715  6.852289E-13
0.984206057339452  6.732382E-13
0.984429181957189  6.827468E-13
0.984652306574926  6.945108E-13
0.984875431192663  6.892629E-13
0.9850985558104  6.874847E-13
0.985321680428137  6.934640E-13
0.985544805045874  6.927478E-13
0.985767929663611  6.942239E-13
0.985991054281348  6.851924E-13
0.986214178899085  6.970477E-13
0.986437303516822  7.082686E-13
0.986660428134559  6.859017E-13
0.986883552752296  6.849065E-13
0.987106677370033  6.944418E-13
0.98732980198777  6.876985E-13
0.987552926605507  6.924217E-13
0.987776051223244  6.913330E-13
0.987999175840981  6.958813E-13
0.988222300458718  6.997140E-13
0.988445425076455  6.935261E-13
0.988668549694192  6.837449E-13
0.988891674311929  6.862299E-13
0.989114798929666  6.819556E-13
0.989337923547403  6.884785E-13
0.98956104816514  6.823578E-13
0.989784172782877  6.871695E-13
0.990007297400614  6.924409E-13
0.990230422018351  6.894835E-13
0.990453546636088  6.917022E-13
0.990676671253825  6.824005E-13
0.990899795871562  6.725885E-13
0.991122920489299  6.839958E-13
0.991346045107036  6.970615E-13
0.991569169724773  6.978729E-13
0.99179229434251  6.900909E-13
0.992015418960247  6.921431E-13
0.992238543577984  6.968030E-13
0.992461668195721  6.907853E-13
0.992684792813458  6.837226E-13
0.992907917431195  6.866372E-13
0.993131042048932  6.854921E-13
0.993354166666669  6.864985E-13
0.993577291284406  6.926274E-13
0.993800415902143  6.889993E-13
0.99402354051988  6.963543E-13
0.994246665137617  7.017307E-13
0.994469789755354  7.020966E-13
0.994692914373091  6.892947E-13
0.994916038990828  6.902531E-13
0.995139163608565  6.929703E-13
0.995362288226302  6.929267E-13
0.995585412844039  6.990343E-13
0.995808537461776  6.983441E-13
0.996031662079513  6.921064E-13
0.99625478669725  6.954837E-13
0.996477911314987  7.012870E-13
0.996701035932724  7.010380E-13
0.996924160550461  6.995955E-13
0.997147285168198  6.937892E-13
0.997370409785935  6.978945E-13
0.997593534403672  6.977236E-13
0.997816659021409  7.017362E-13
0.998039783639146  7.058188E-13
0.998262908256883  7.009286E-13
0.99848603287462  6.973440E-13
0.998709157492357  7.047801E-13
0.998932282110094  7.031544E-13
0.999155406727831  6.986128E-13
0.999378531345568  6.953371E-13
0.999601655963305  6.994001E-13
0.999824780581042  6.978548E-13
1.00004790519878  7.018261E-13
1.00027102981652  6.973169E-13
1.00049415443425  6.868644E-13
1.00071727905199  6.816623E-13
1.00094040366973  6.817234E-13
1.00116352828746  6.863927E-13
1.0013866529052  6.908567E-13
1.00160977752294  6.908641E-13
1.00183290214067  6.869719E-13
1.00205602675841  6.928738E-13
1.00227915137615  6.903838E-13
1.00250227599389  6.943919E-13
1.00272540061162  6.879101E-13
1.00294852522936  6.888668E-13
1.0031716498471  6.847364E-13
1.00339477446483  6.812344E-13
1.00361789908257  6.792045E-13
1.00384102370031  6.689658E-13
1.00406414831804  6.480605E-13
1.00428727293578  6.443826E-13
1.00451039755352  6.534186E-13
1.00473352217126  6.746586E-13
1.00495664678899  6.665275E-13
1.00517977140673  6.454707E-13
1.00540289602447  6.178089E-13
1.0056260206422  6.203057E-13
1.00584914525994  6.571590E-13
1.00607226987768  6.775068E-13
1.00629539449541  6.789538E-13
1.00651851911315  6.825738E-13
1.00674164373089  6.871235E-13
1.00696476834863  6.830331E-13
1.00718789296636  6.821891E-13
1.0074110175841  6.987976E-13
1.00763414220184  7.003144E-13
1.00785726681957  7.044112E-13
1.00808039143731  7.035127E-13
1.00830351605505  7.058467E-13
1.00852664067278  7.000162E-13
1.00874976529052  6.986933E-13
1.00897288990826  7.028257E-13
1.009196014526  6.999700E-13
1.00941913914373  7.108379E-13
1.00964226376147  7.108468E-13
1.00986538837921  7.150643E-13
1.01008851299694  7.180333E-13
1.01031163761468  7.199834E-13
1.01053476223242  7.142188E-13
1.01075788685015  7.172285E-13
1.01098101146789  7.120731E-13
1.01120413608563  7.139611E-13
1.01142726070337  7.255923E-13
1.0116503853211  7.203946E-13
1.01187350993884  7.142986E-13
1.01209663455658  7.137337E-13
1.01231975917431  7.125578E-13
1.01254288379205  7.070078E-13
1.01276600840979  7.056000E-13
1.01298913302752  7.031506E-13
1.01321225764526  7.040357E-13
1.013435382263  7.126544E-13
1.01365850688074  7.062151E-13
1.01388163149847  6.561929E-13
1.01410475611621  6.891105E-13
1.01432788073395  7.085382E-13
1.01455100535168  7.057976E-13
1.01477412996942  7.032188E-13
1.01499725458716  6.905487E-13
1.01522037920489  6.879226E-13
1.01544350382263  6.981156E-13
1.01566662844037  7.013327E-13
1.01588975305811  7.033364E-13
1.01611287767584  7.025869E-13
1.01633600229358  7.002279E-13
1.01655912691132  7.075980E-13
1.01678225152905  7.052145E-13
1.01700537614679  7.085603E-13
1.01722850076453  7.120452E-13
1.01745162538226  7.063071E-13
1.01767475  7.097058E-13
1.01789787461774  7.141542E-13
1.01812099923548  7.130965E-13
1.01834412385321  7.142368E-13
1.01856724847095  7.138351E-13
1.01879037308869  7.096999E-13
1.01901349770642  7.106197E-13
1.01923662232416  7.094117E-13
1.0194597469419  7.076505E-13
1.01968287155963  7.079169E-13
1.01990599617737  7.034165E-13
1.02012912079511  6.983571E-13
1.02035224541285  7.042725E-13
1.02057537003058  7.140506E-13
1.02079849464832  7.064326E-13
1.02102161926606  7.133794E-13
1.02124474388379  7.202334E-13
1.02146786850153  7.212899E-13
1.02169099311927  7.215648E-13
1.021914117737  7.088238E-13
1.02213724235474  6.984180E-13
1.02236036697248  6.935048E-13
1.02258349159022  7.037598E-13
1.02280661620795  7.127981E-13
1.02302974082569  7.146161E-13
1.02325286544343  7.153359E-13
1.02347599006116  7.180771E-13
1.0236991146789  7.171991E-13
1.02392223929664  7.228278E-13
1.02414536391437  7.186909E-13
1.02436848853211  7.167276E-13
1.02459161314985  7.162553E-13
1.02481473776759  7.196378E-13
1.02503786238532  7.225942E-13
1.02526098700306  7.183055E-13
1.0254841116208  7.194252E-13
1.02570723623853  7.234927E-13
1.02593036085627  7.197567E-13
1.02615348547401  7.187138E-13
1.02637661009174  7.163577E-13
1.02659973470948  7.107242E-13
1.02682285932722  7.090424E-13
1.02704598394496  7.076011E-13
1.02726910856269  7.131232E-13
1.02749223318043  7.176086E-13
1.02771535779817  7.166808E-13
1.0279384824159  7.162778E-13
1.02816160703364  7.169518E-13
1.02838473165138  7.182244E-13
1.02860785626911  7.218434E-13
1.02883098088685  7.201592E-13
1.02905410550459  7.186897E-13
1.02927723012233  7.152680E-13
1.02950035474006  7.154241E-13
1.0297234793578  7.128767E-13
1.02994660397554  7.182863E-13
1.03016972859327  7.207533E-13
1.03039285321101  7.190124E-13
1.03061597782875  7.249830E-13
1.03083910244648  7.237383E-13
1.03106222706422  7.197534E-13
1.03128535168196  7.054473E-13
1.0315084762997  6.967844E-13
1.03173160091743  7.183180E-13
1.03195472553517  7.241996E-13
1.03217785015291  7.258229E-13
1.03240097477064  7.277284E-13
1.03262409938838  7.275165E-13
1.03284722400612  7.103774E-13
1.03307034862385  6.678756E-13
1.03329347324159  6.362624E-13
1.03351659785933  6.515415E-13
1.03373972247707  6.917029E-13
1.0339628470948  7.208107E-13
1.03418597171254  7.299231E-13
1.03440909633028  7.141504E-13
1.03463222094801  7.018749E-13
1.03485534556575  6.900396E-13
1.03507847018349  6.924171E-13
1.03530159480122  7.069738E-13
1.03552471941896  7.185845E-13
1.0357478440367  7.226747E-13
1.03597096865444  7.232453E-13
1.03619409327217  7.267720E-13
1.03641721788991  7.338136E-13
1.03664034250765  7.282355E-13
1.03686346712538  7.220766E-13
1.03708659174312  7.247274E-13
1.03730971636086  7.250815E-13
1.03753284097859  7.126179E-13
1.03775596559633  7.091672E-13
1.03797909021407  7.150677E-13
1.03820221483181  7.165243E-13
1.03842533944954  7.111721E-13
1.03864846406728  7.075831E-13
1.03887158868502  7.191476E-13
1.03909471330275  7.272133E-13
1.03931783792049  7.291828E-13
1.03954096253823  7.261103E-13
1.03976408715596  7.285923E-13
1.0399872117737  7.116713E-13
1.04021033639144  6.977741E-13
1.04043346100918  7.044957E-13
1.04065658562691  7.279082E-13
1.04087971024465  7.337086E-13
1.04110283486239  7.335776E-13
1.04132595948012  7.350445E-13
1.04154908409786  7.390929E-13
1.0417722087156  7.332476E-13
1.04199533333333  7.303457E-13
1.04221845795107  7.296978E-13
1.04244158256881  7.276348E-13
1.04266470718655  7.272747E-13
1.04288783180428  7.177773E-13
1.04311095642202  7.147775E-13
1.04333408103976  7.224509E-13
1.04355720565749  7.284697E-13
1.04378033027523  7.352713E-13
1.04400345489297  7.328809E-13
1.0442265795107  7.315966E-13
1.04444970412844  7.312101E-13
1.04467282874618  7.328678E-13
1.04489595336392  7.349597E-13
1.04511907798165  7.349724E-13
1.04534220259939  7.342690E-13
1.04556532721713  7.355681E-13
1.04578845183486  7.200200E-13
1.0460115764526  6.903141E-13
1.04623470107034  6.737228E-13
1.04645782568807  6.752508E-13
1.04668095030581  6.893227E-13
1.04690407492355  7.103559E-13
1.04712719954129  7.227594E-13
1.04735032415902  7.193440E-13
1.04757344877676  7.135779E-13
1.0477965733945  7.157799E-13
1.04801969801223  7.215983E-13
1.04824282262997  7.277289E-13
1.04846594724771  7.188582E-13
1.04868907186544  7.186212E-13
1.04891219648318  7.171384E-13
1.04913532110092  7.130478E-13
1.04935844571866  7.148289E-13
1.04958157033639  7.131531E-13
1.04980469495413  7.129881E-13
1.05002781957187  7.053854E-13
1.0502509441896  7.052401E-13
1.05047406880734  7.126512E-13
1.05069719342508  7.179271E-13
1.05092031804281  7.205318E-13
1.05114344266055  7.117809E-13
1.05136656727829  7.125046E-13
1.05158969189603  7.109003E-13
1.05181281651376  7.122890E-13
1.0520359411315  7.141841E-13
1.05225906574924  7.162919E-13
1.05248219036697  7.153961E-13
1.05270531498471  7.245076E-13
1.05292843960245  7.237142E-13
1.05315156422018  7.146713E-13
1.05337468883792  7.088718E-13
1.05359781345566  7.006475E-13
1.0538209380734  6.997425E-13
1.05404406269113  7.065150E-13
1.05426718730887  7.116463E-13
1.05449031192661  7.163589E-13
1.05471343654434  7.187094E-13
1.05493656116208  7.168438E-13
1.05515968577982  7.156099E-13
1.05538281039755  7.160219E-13
1.05560593501529  7.135963E-13
1.05582905963303  7.138059E-13
1.05605218425077  7.151778E-13
1.0562753088685  7.139326E-13
1.05649843348624  7.156435E-13
1.05672155810398  7.149267E-13
1.05694468272171  7.105167E-13
1.05716780733945  7.134392E-13
1.05739093195719  7.138028E-13
1.05761405657492  7.081837E-13
1.05783718119266  7.084894E-13
1.0580603058104  7.075839E-13
1.05828343042814  7.101390E-13
1.05850655504587  7.005988E-13
1.05872967966361  6.906475E-13
1.05895280428135  6.656629E-13
1.05917592889908  6.582427E-13
1.05939905351682  6.782044E-13
1.05962217813456  7.121051E-13
1.05984530275229  7.194585E-13
1.06006842737003  7.173521E-13
1.06029155198777  7.136030E-13
1.06051467660551  7.086499E-13
1.06073780122324  6.894586E-13
1.06096092584098  6.767085E-13
1.06118405045872  6.846952E-13
1.06140717507645  6.974838E-13
1.06163029969419  7.049060E-13
1.06185342431193  7.113648E-13
1.06207654892966  7.127851E-13
1.0622996735474  7.154684E-13
1.06252279816514  7.135848E-13
1.06274592278288  7.151965E-13
1.06296904740061  7.152704E-13
1.06319217201835  7.063503E-13
1.06341529663609  7.022131E-13
1.06363842125382  7.119665E-13
1.06386154587156  7.150730E-13
1.0640846704893  7.184910E-13
1.06430779510703  7.171145E-13
1.06453091972477  7.150003E-13
1.06475404434251  7.206828E-13
1.06497716896025  7.218833E-13
1.06520029357798  7.157447E-13
1.06542341819572  7.129388E-13
1.06564654281346  7.149020E-13
1.06586966743119  7.148306E-13
1.06609279204893  7.135838E-13
1.06631591666667  7.015832E-13
1.0665390412844  6.774663E-13
1.06676216590214  6.637465E-13
1.06698529051988  6.749113E-13
1.06720841513762  7.010214E-13
1.06743153975535  7.093834E-13
1.06765466437309  7.070878E-13
1.06787778899083  7.038056E-13
1.06810091360856  7.061030E-13
1.0683240382263  7.014487E-13
1.06854716284404  6.857784E-13
1.06877028746177  6.476365E-13
1.06899341207951  6.306801E-13
1.06921653669725  6.338740E-13
1.06943966131499  6.262168E-13
1.06966278593272  6.170816E-13
1.06988591055046  6.305961E-13
1.0701090351682  6.664185E-13
1.07033215978593  6.992384E-13
1.07055528440367  7.164444E-13
1.07077840902141  7.184303E-13
1.07100153363914  7.042348E-13
1.07122465825688  6.898444E-13
1.07144778287462  6.882827E-13
1.07167090749236  7.086428E-13
1.07189403211009  7.243425E-13
1.07211715672783  7.237427E-13
1.07234028134557  7.254380E-13
1.0725634059633  7.271112E-13
1.07278653058104  7.220544E-13
1.07300965519878  7.014021E-13
1.07323277981651  6.725846E-13
1.07345590443425  6.635548E-13
1.07367902905199  6.757025E-13
1.07390215366973  6.995107E-13
1.07412527828746  7.200575E-13
1.0743484029052  7.321148E-13
1.07457152752294  7.310317E-13
1.07479465214067  7.286194E-13
1.07501777675841  7.218321E-13
1.07524090137615  7.092146E-13
1.07546402599388  6.973733E-13
1.07568715061162  6.942897E-13
1.07591027522936  7.039804E-13
1.0761333998471  7.202433E-13
1.07635652446483  7.359671E-13
1.07657964908257  7.428017E-13
1.07680277370031  7.401497E-13
1.07702589831804  7.368673E-13
1.07724902293578  7.365494E-13
1.07747214755352  7.315698E-13
1.07769527217125  7.289407E-13
1.07791839678899  7.249405E-13
1.07814152140673  7.236323E-13
1.07836464602447  7.239803E-13
1.0785877706422  7.158053E-13
1.07881089525994  6.999017E-13
1.07903401987768  6.910869E-13
1.07925714449541  6.881493E-13
1.07948026911315  6.962726E-13
1.07970339373089  7.125424E-13
1.07992651834862  7.231886E-13
1.08014964296636  7.291917E-13
1.0803727675841  7.327460E-13
1.08059589220184  7.310307E-13
1.08081901681957  7.295482E-13
1.08104214143731  7.341978E-13
1.08126526605505  7.350014E-13
1.08148839067278  7.150608E-13
1.08171151529052  7.074323E-13
1.08193463990826  7.178005E-13
1.08215776452599  7.382636E-13
1.08238088914373  7.491008E-13
1.08260401376147  7.362661E-13
1.08282713837921  7.067878E-13
1.08305026299694  6.581186E-13
1.08327338761468  6.276805E-13
1.08349651223242  6.371584E-13
1.08371963685015  6.759324E-13
1.08394276146789  7.224233E-13
1.08416588608563  7.392032E-13
1.08438901070337  7.449967E-13
1.0846121353211  7.384223E-13
1.08483525993884  7.286720E-13
1.08505838455658  7.215960E-13
1.08528150917431  7.220844E-13
1.08550463379205  7.342490E-13
1.08572775840979  7.367373E-13
1.08595088302752  7.348814E-13
1.08617400764526  7.347247E-13
1.086397132263  7.365707E-13
1.08662025688073  7.288958E-13
1.08684338149847  7.284474E-13
1.08706650611621  7.180388E-13
1.08728963073395  6.924752E-13
1.08751275535168  6.715140E-13
1.08773587996942  6.752754E-13
1.08795900458716  6.932256E-13
1.08818212920489  7.153218E-13
1.08840525382263  7.192122E-13
1.08862837844037  7.102369E-13
1.08885150305811  6.944792E-13
1.08907462767584  6.970696E-13
1.08929775229358  7.063753E-13
1.08952087691132  7.143339E-13
1.08974400152905  7.205311E-13
1.08996712614679  7.179545E-13
1.09019025076453  7.156788E-13
1.09041337538226  7.183368E-13
1.0906365  7.241437E-13
1.09085962461774  7.223415E-13
1.09108274923547  7.177431E-13
1.09130587385321  7.232187E-13
1.09152899847095  7.248295E-13
1.09175212308869  6.978449E-13
1.09197524770642  6.635818E-13
1.09219837232416  6.652988E-13
1.0924214969419  6.990839E-13
1.09264462155963  7.212512E-13
1.09286774617737  6.965261E-13
1.09309087079511  6.774314E-13
1.09331399541284  6.809829E-13
1.09353712003058  6.835203E-13
1.09376024464832  6.694968E-13
1.09398336926606  6.445375E-13
1.09420649388379  6.175059E-13
1.09442961850153  6.187968E-13
1.09465274311927  6.480270E-13
1.094875867737  6.789146E-13
1.09509899235474  6.937302E-13
1.09532211697248  6.968015E-13
1.09554524159021  6.998732E-13
1.09576836620795  7.010778E-13
1.09599149082569  6.872097E-13
1.09621461544343  6.744005E-13
1.09643774006116  6.770040E-13
1.0966608646789  6.789244E-13
1.09688398929664  6.725478E-13
1.09710711391437  6.600728E-13
1.09733023853211  6.579469E-13
1.09755336314985  6.697935E-13
1.09777648776758  6.807336E-13
1.09799961238532  6.862496E-13
1.09822273700306  6.785066E-13
1.0984458616208  6.620994E-13
1.09866898623853  6.553342E-13
1.09889211085627  6.688908E-13
1.09911523547401  6.826729E-13
1.09933836009174  6.867720E-13
1.09956148470948  6.951415E-13
1.09978460932722  6.953202E-13
1.10000773394495  6.820210E-13
1.10023085856269  6.724975E-13
1.10045398318043  6.759609E-13
1.10067710779817  6.822594E-13
1.1009002324159  6.829239E-13
1.10112335703364  6.857103E-13
1.10134648165138  6.858731E-13
1.10156960626911  6.861706E-13
1.10179273088685  6.829500E-13
1.10201585550459  6.771239E-13
1.10223898012233  6.689519E-13
1.10246210474006  6.667930E-13
1.1026852293578  6.748418E-13
1.10290835397554  6.889140E-13
1.10313147859327  7.012572E-13
1.10335460321101  6.942194E-13
1.10357772782875  6.832696E-13
1.10380085244648  6.779206E-13
1.10402397706422  6.751042E-13
1.10424710168196  6.785117E-13
1.10447022629969  6.768984E-13
1.10469335091743  6.790347E-13
1.10491647553517  6.850381E-13
1.10513960015291  6.865033E-13
1.10536272477064  6.870409E-13
1.10558584938838  6.873713E-13
1.10580897400612  6.816888E-13
1.10603209862385  6.789845E-13
1.10625522324159  6.739374E-13
1.10647834785933  6.758190E-13
1.10670147247706  6.819758E-13
1.1069245970948  6.871718E-13
1.10714772171254  6.863128E-13
1.10737084633028  6.831265E-13
1.10759397094801  6.788917E-13
1.10781709556575  6.877339E-13
1.10804022018349  6.925374E-13
1.10826334480122  6.871090E-13
1.10848646941896  6.751056E-13
1.1087095940367  6.823994E-13
1.10893271865443  6.979537E-13
1.10915584327217  6.989802E-13
1.10937896788991  6.883999E-13
1.10960209250765  6.830084E-13
1.10982521712538  6.823555E-13
1.11004834174312  6.917223E-13
1.11027146636086  6.972870E-13
1.11049459097859  6.922570E-13
1.11071771559633  6.845224E-13
1.11094084021407  6.787435E-13
1.1111639648318  6.860925E-13
1.11138708944954  6.905472E-13
1.11161021406728  6.854639E-13
1.11183333868502  6.880673E-13
1.11205646330275  6.973568E-13
1.11227958792049  6.864879E-13
1.11250271253823  6.755650E-13
1.11272583715596  6.754983E-13
1.1129489617737  6.873707E-13
1.11317208639144  7.026335E-13
1.11339521100918  6.936043E-13
1.11361833562691  6.784670E-13
1.11384146024465  6.753872E-13
1.11406458486239  6.815916E-13
1.11428770948012  6.920409E-13
1.11451083409786  7.033536E-13
1.1147339587156  7.018635E-13
1.11495708333333  6.974017E-13
1.11518020795107  6.887155E-13
1.11540333256881  6.780568E-13
1.11562645718654  6.907176E-13
1.11584958180428  7.026030E-13
1.11607270642202  6.975308E-13
1.11629583103976  6.824375E-13
1.11651895565749  6.739824E-13
1.11674208027523  6.819131E-13
1.11696520489297  6.942284E-13
1.1171883295107  6.990801E-13
1.11741145412844  6.972436E-13
1.11763457874618  6.799089E-13
1.11785770336392  6.732693E-13
1.11808082798165  6.848289E-13
1.11830395259939  7.040714E-13
1.11852707721713  7.087607E-13
1.11875020183486  6.970739E-13
1.1189733264526  6.927334E-13
1.11919645107034  6.741593E-13
1.11941957568807  6.696161E-13
1.11964270030581  6.694617E-13
1.11986582492355  6.870808E-13
1.12008894954129  6.902241E-13
1.12031207415902  6.844269E-13
1.12053519877676  6.862562E-13
1.1207583233945  6.873539E-13
1.12098144801223  7.006647E-13
1.12120457262997  7.088011E-13
1.12142769724771  7.090893E-13
1.12165082186544  6.910614E-13
1.12187394648318  6.946126E-13
1.12209707110092  6.970313E-13
1.12232019571865  6.960425E-13
1.12254332033639  7.079520E-13
1.12276644495413  6.959998E-13
1.12298956957187  6.848297E-13
1.1232126941896  6.840445E-13
1.12343581880734  6.888540E-13
1.12365894342508  6.945211E-13
1.12388206804281  6.889926E-13
1.12410519266055  6.812887E-13
1.12432831727829  7.119433E-13
1.12455144189602  7.085617E-13
1.12477456651376  6.924840E-13
1.1249976911315  6.972771E-13
1.12522081574924  7.032367E-13
1.12544394036697  7.039682E-13
1.12566706498471  6.787765E-13
1.12589018960245  6.407327E-13
1.12611331422018  6.622833E-13
1.12633643883792  6.763041E-13
1.12655956345566  6.705342E-13
1.12678268807339  6.896129E-13
1.12700581269113  7.063881E-13
1.12722893730887  7.167283E-13
1.12745206192661  7.253994E-13
1.12767518654434  7.088740E-13
1.12789831116208  7.174747E-13
1.12812143577982  6.875639E-13
1.12834456039755  6.868451E-13
1.12856768501529  6.954236E-13
1.12879080963303  7.009098E-13
1.12901393425077  7.286928E-13
1.1292370588685  7.175855E-13
1.12946018348624  7.131188E-13
1.12968330810398  7.060279E-13
1.12990643272171  6.957486E-13
1.13012955733945  6.770510E-13
1.13035268195719  6.918168E-13
1.13057580657492  6.961529E-13
1.13079893119266  7.151916E-13
1.1310220558104  7.168240E-13
1.13124518042814  7.041904E-13
1.13146830504587  6.955893E-13
1.13169142966361  6.848274E-13
1.13191455428135  6.961529E-13
1.13213767889908  7.816786E-13
1.13236080351682  7.155267E-13
1.13258392813456  7.095359E-13
1.13280705275229  7.102704E-13
1.13303017737003  7.145005E-13
1.13325330198777  6.994290E-13
1.1334764266055  6.877158E-13
1.13369955122324  6.726405E-13
1.13392267584098  6.530261E-13
1.13414580045872  6.853030E-13
1.13436892507645  6.820599E-13
1.13459204969419  6.889424E-13
1.13481517431193  6.824176E-13
1.13503829892966  6.557153E-13
1.1352614235474  6.774450E-13
1.13548454816514  6.695988E-13
1.13570767278287  6.817178E-13
1.13593079740061  6.875719E-13
1.13615392201835  6.773229E-13
1.13637704663609  6.669301E-13
1.13660017125382  7.050345E-13
1.13682329587156  7.146055E-13
1.1370464204893  7.151715E-13
1.13726954510703  7.001980E-13
1.13749266972477  6.882876E-13
1.13771579434251  6.796082E-13
1.13793891896024  6.695466E-13
1.13816204357798  6.811229E-13
1.13838516819572  6.845434E-13
1.13860829281346  6.762696E-13
1.13883141743119  6.628080E-13
1.13905454204893  6.843525E-13
1.13927766666667  6.922032E-13
1.1395007912844  6.822545E-13
1.13972391590214  6.756203E-13
1.13994704051988  6.800301E-13
1.14017016513761  6.793179E-13
1.14039328975535  6.887682E-13
1.14061641437309  6.884451E-13
1.14083953899083  6.675428E-13
1.14106266360856  6.592302E-13
1.1412857882263  6.789044E-13
1.14150891284404  7.053594E-13
1.14173203746177  6.943193E-13
1.14195516207951  6.883635E-13
1.14217828669725  6.991874E-13
1.14240141131499  6.915670E-13
1.14262453593272  6.866069E-13
1.14284766055046  6.893044E-13
1.1430707851682  6.882735E-13
1.14329390978593  6.933125E-13
1.14351703440367  6.995471E-13
1.14374015902141  7.012958E-13
1.14396328363914  6.908768E-13
1.14418640825688  6.741275E-13
1.14440953287462  6.733653E-13
1.14463265749235  6.638512E-13
1.14485578211009  7.011982E-13
1.14507890672783  7.138464E-13
1.14530203134557  7.077461E-13
1.1455251559633  7.116191E-13
1.14574828058104  7.067781E-13
1.14597140519878  7.169348E-13
1.14619452981651  7.056220E-13
1.14641765443425  6.980235E-13
1.14664077905199  6.954909E-13
1.14686390366973  7.027608E-13
1.14708702828746  7.171107E-13
1.1473101529052  7.162508E-13
1.14753327752294  7.093631E-13
1.14775640214067  6.925389E-13
1.14797952675841  6.880631E-13
1.14820265137615  7.079141E-13
1.14842577599388  7.037251E-13
1.14864890061162  6.992202E-13
1.14887202522936  6.942252E-13
1.1490951498471  6.847104E-13
1.14931827446483  7.024941E-13
1.14954139908257  7.140753E-13
1.14976452370031  7.125280E-13
1.14998764831804  7.029956E-13
1.15021077293578  7.044918E-13
1.15043389755352  7.105344E-13
1.15065702217125  7.073711E-13
1.15088014678899  6.963997E-13
1.15110327140673  6.900047E-13
1.15132639602446  7.028006E-13
1.1515495206422  7.009993E-13
1.15177264525994  7.090889E-13
1.15199576987768  7.101354E-13
1.15221889449541  7.040254E-13
1.15244201911315  7.085443E-13
1.15266514373089  7.132616E-13
1.15288826834862  6.983540E-13
1.15311139296636  6.953446E-13
1.1533345175841  7.101302E-13
1.15355764220183  7.089032E-13
1.15378076681957  7.075320E-13
1.15400389143731  7.160714E-13
1.15422701605505  7.186523E-13
1.15445014067278  7.082260E-13
1.15467326529052  7.013820E-13
1.15489638990826  7.028669E-13
1.15511951452599  7.153201E-13
1.15534263914373  7.158695E-13
1.15556576376147  7.123174E-13
1.1557888883792  7.079266E-13
1.15601201299694  7.071207E-13
1.15623513761468  7.141477E-13
1.15645826223242  7.133832E-13
1.15668138685015  7.159647E-13
1.15690451146789  7.146019E-13
1.15712763608563  7.143174E-13
1.15735076070336  7.096349E-13
1.1575738853211  7.112642E-13
1.15779700993884  7.110141E-13
1.15802013455658  7.037745E-13
1.15824325917431  7.045668E-13
1.15846638379205  7.108649E-13
1.15868950840979  7.167637E-13
1.15891263302752  7.176238E-13
1.15913575764526  7.123268E-13
1.159358882263  7.029133E-13
1.15958200688073  6.851602E-13
1.15980513149847  6.717318E-13
1.16002825611621  6.745612E-13
1.16025138073395  7.013355E-13
1.16047450535168  7.150022E-13
1.16069762996942  7.080336E-13
1.16092075458716  7.006509E-13
1.16114387920489  6.839204E-13
1.16136700382263  6.601729E-13
1.16159012844037  6.517048E-13
1.1618132530581  6.686093E-13
1.16203637767584  6.887954E-13
1.16225950229358  7.002672E-13
1.16248262691131  7.039376E-13
1.16270575152905  7.110062E-13
1.16292887614679  7.192788E-13
1.16315200076453  7.118101E-13
1.16337512538226  7.076727E-13
1.16359825  7.055408E-13
1.16382137461774  7.014791E-13
1.16404449923547  6.981225E-13
1.16426762385321  6.859731E-13
1.16449074847095  6.790061E-13
1.16471387308868  6.895339E-13
1.16493699770642  7.067342E-13
1.16516012232416  7.120608E-13
1.1653832469419  7.170885E-13
1.16560637155963  7.159799E-13
1.16582949617737  7.099021E-13
1.16605262079511  6.923830E-13
1.16627574541284  6.896783E-13
1.16649887003058  7.018616E-13
1.16672199464832  7.097357E-13
1.16694511926605  7.115225E-13
1.16716824388379  7.052507E-13
1.16739136850153  6.966246E-13
1.16761449311927  6.971438E-13
1.167837617737  7.050884E-13
1.16806074235474  7.079505E-13
1.16828386697248  7.135806E-13
1.16850699159021  7.134714E-13
1.16873011620795  7.049929E-13
1.16895324082569  7.026930E-13
1.16917636544342  7.008742E-13
1.16939949006116  6.870831E-13
1.1696226146789  6.809166E-13
1.16984573929664  6.884417E-13
1.17006886391437  7.027844E-13
1.17029198853211  7.031013E-13
1.17051511314985  7.073898E-13
1.17073823776758  7.120304E-13
1.17096136238532  7.129728E-13
1.17118448700306  7.133040E-13
1.1714076116208  7.127720E-13
1.17163073623853  7.141110E-13
1.17185386085627  7.104922E-13
1.17207698547401  7.097441E-13
1.17230011009174  7.139881E-13
1.17252323470948  7.110883E-13
1.17274635932722  7.034042E-13
1.17296948394495  7.132886E-13
1.17319260856269  7.143886E-13
1.17341573318043  7.167378E-13
1.17363885779816  7.170242E-13
1.1738619824159  7.088285E-13
1.17408510703364  7.084572E-13
1.17430823165138  7.052977E-13
1.17453135626911  7.100947E-13
1.17475448088685  7.103499E-13
1.17497760550459  7.148899E-13
1.17520073012232  7.107120E-13
1.17542385474006  6.970759E-13
1.1756469793578  6.728079E-13
1.17587010397554  6.632452E-13
1.17609322859327  6.719535E-13
1.17631635321101  6.821370E-13
1.17653947782875  7.030621E-13
1.17676260244648  7.111577E-13
1.17698572706422  7.124128E-13
1.17720885168196  7.060260E-13
1.17743197629969  6.856984E-13
1.17765510091743  6.742428E-13
1.17787822553517  6.717930E-13
1.17810135015291  6.836474E-13
1.17832447477064  6.920118E-13
1.17854759938838  6.849299E-13
1.17877072400612  6.744569E-13
1.17899384862385  6.804950E-13
1.17921697324159  6.969736E-13
1.17944009785933  7.106377E-13
1.17966322247706  7.143379E-13
1.1798863470948  7.094778E-13
1.18010947171254  6.991577E-13
1.18033259633027  6.917326E-13
1.18055572094801  6.983335E-13
1.18077884556575  7.120676E-13
1.18100197018349  7.175453E-13
1.18122509480122  7.174126E-13
1.18144821941896  7.101884E-13
1.1816713440367  7.070021E-13
1.18189446865443  7.067075E-13
1.18211759327217  7.052138E-13
1.18234071788991  7.118419E-13
1.18256384250764  7.155531E-13
1.18278696712538  7.124112E-13
1.18301009174312  6.859075E-13
1.18323321636086  6.493060E-13
1.18345634097859  6.298791E-13
1.18367946559633  6.564692E-13
1.18390259021407  6.890933E-13
1.1841257148318  6.945081E-13
1.18434883944954  6.891085E-13
1.18457196406728  6.840114E-13
1.18479508868502  6.885483E-13
1.18501821330275  6.976195E-13
1.18524133792049  7.000126E-13
1.18546446253823  6.992120E-13
1.18568758715596  7.004539E-13
1.1859107117737  7.070832E-13
1.18613383639144  7.137222E-13
1.18635696100917  7.098389E-13
1.18658008562691  7.046794E-13
1.18680321024465  7.053876E-13
1.18702633486239  7.089469E-13
1.18724945948012  7.133674E-13
1.18747258409786  7.151647E-13
1.1876957087156  7.135126E-13
1.18791883333333  7.118805E-13
1.18814195795107  7.082634E-13
1.18836508256881  6.978460E-13
1.18858820718654  6.769494E-13
1.18881133180428  6.434495E-13
1.18903445642202  6.392038E-13
1.18925758103976  6.683533E-13
1.18948070565749  6.907128E-13
1.18970383027523  6.859092E-13
1.18992695489297  6.799688E-13
1.1901500795107  6.868470E-13
1.19037320412844  7.008111E-13
1.19059632874618  7.100270E-13
1.19081945336391  7.105534E-13
1.19104257798165  7.090015E-13
1.19126570259939  7.065306E-13
1.19148882721713  7.068813E-13
1.19171195183486  7.141986E-13
1.1919350764526  7.148474E-13
1.19215820107034  7.163665E-13
1.19238132568807  7.154982E-13
1.19260445030581  7.111518E-13
1.19282757492355  7.089051E-13
1.19305069954128  7.086243E-13
1.19327382415902  7.146399E-13
1.19349694877676  7.158111E-13
1.19372007339449  7.237704E-13
1.19394319801223  7.200130E-13
1.19416632262997  7.115085E-13
1.19438944724771  7.114102E-13
1.19461257186544  7.110854E-13
1.19483569648318  7.141733E-13
1.19505882110092  7.111189E-13
1.19528194571865  6.964816E-13
1.19550507033639  6.829381E-13
1.19572819495413  6.858371E-13
1.19595131957186  7.014917E-13
1.1961744441896  7.124684E-13
1.19639756880734  7.112954E-13
1.19662069342508  7.090578E-13
1.19684381804281  7.146998E-13
1.19706694266055  7.182782E-13
1.19729006727829  7.102562E-13
1.19751319189602  6.909073E-13
1.19773631651376  6.625423E-13
1.1979594411315  6.495312E-13
1.19818256574923  6.727267E-13
1.19840569036697  6.998387E-13
1.19862881498471  6.972930E-13
1.19885193960245  6.733921E-13
1.19907506422018  6.704479E-13
1.19929818883792  6.713335E-13
1.19952131345566  6.690544E-13
1.19974443807339  6.707229E-13
1.19996756269113  6.811649E-13
1.20019068730887  6.981764E-13
1.20041381192661  7.183136E-13
1.20063693654434  7.120702E-13
1.20086006116208  7.070649E-13
1.20108318577982  7.109854E-13
1.20130631039755  7.100775E-13
1.20152943501529  7.118722E-13
1.20175255963303  7.104957E-13
1.20197568425076  7.109304E-13
1.2021988088685  7.152407E-13
1.20242193348624  7.166767E-13
1.20264505810397  7.177106E-13
1.20286818272171  7.123712E-13
1.20309130733945  7.061593E-13
1.20331443195719  7.089379E-13
1.20353755657492  7.481680E-13
1.20376068119266  6.744153E-13
1.2039838058104  6.660241E-13
1.20420693042813  6.964568E-13
1.20443005504587  7.157777E-13
1.20465317966361  7.108042E-13
1.20487630428135  7.032545E-13
1.20509942889908  7.117155E-13
1.20532255351682  7.156657E-13
1.20554567813456  7.189411E-13
1.20576880275229  7.160942E-13
1.20599192737003  7.145039E-13
1.20621505198777  7.228044E-13
1.2064381766055  7.253456E-13
1.20666130122324  7.229386E-13
1.20688442584098  7.177625E-13
1.20710755045872  7.175850E-13
1.20733067507645  7.184547E-13
1.20755379969419  7.147524E-13
1.20777692431193  7.116851E-13
1.20800004892966  7.129848E-13
1.2082231735474  7.124206E-13
1.20844629816514  7.030644E-13
1.20866942278287  6.816420E-13
1.20889254740061  6.758168E-13
1.20911567201835  6.773697E-13
1.20933879663609  6.898769E-13
1.20956192125382  7.064866E-13
1.20978504587156  7.092498E-13
1.2100081704893  7.098020E-13
1.21023129510703  7.171448E-13
1.21045441972477  7.135071E-13
1.21067754434251  6.952524E-13
1.21090066896024  6.849368E-13
1.21112379357798  6.874448E-13
1.21134691819572  6.940931E-13
1.21157004281345  7.014468E-13
1.21179316743119  7.032669E-13
1.21201629204893  7.105813E-13
1.21223941666667  7.172768E-13
1.2124625412844  7.212672E-13
1.21268566590214  7.183560E-13
1.21290879051988  7.221110E-13
1.21313191513761  7.184196E-13
1.21335503975535  7.176715E-13
1.21357816437309  7.173423E-13
1.21380128899083  7.205834E-13
1.21402441360856  7.210637E-13
1.2142475382263  7.254311E-13
1.21447066284404  7.258207E-13
1.21469378746177  7.267666E-13
1.21491691207951  7.317844E-13
1.21514003669725  7.287770E-13
1.21536316131498  7.276211E-13
1.21558628593272  7.286305E-13
1.21580941055046  7.260953E-13
1.2160325351682  7.212210E-13
1.21625565978593  7.170154E-13
1.21647878440367  7.252701E-13
1.21670190902141  7.295378E-13
1.21692503363914  7.256123E-13
1.21714815825688  7.211912E-13
1.21737128287462  7.177838E-13
1.21759440749235  7.210062E-13
1.21781753211009  7.190668E-13
1.21804065672783  7.198033E-13
1.21826378134557  7.233465E-13
1.2184869059633  7.261620E-13
1.21871003058104  7.274816E-13
1.21893315519878  7.262624E-13
1.21915627981651  7.322713E-13
1.21937940443425  7.249481E-13
1.21960252905199  7.175838E-13
1.21982565366972  7.189095E-13
1.22004877828746  7.294015E-13
1.2202719029052  7.333603E-13
1.22049502752294  7.245133E-13
1.22071815214067  7.433722E-13
1.22094127675841  7.819300E-13
1.22116440137615  7.241599E-13
1.22138752599388  7.165287E-13
1.22161065061162  7.184089E-13
1.22183377522936  7.191604E-13
1.22205689984709  7.226345E-13
1.22228002446483  7.276291E-13
1.22250314908257  7.272231E-13
1.2227262737003  7.119409E-13
1.22294939831804  7.153990E-13
1.22317252293578  7.164903E-13
1.22339564755352  7.193371E-13
1.22361877217125  7.193667E-13
1.22384189678899  7.229115E-13
1.22406502140673  7.273256E-13
1.22428814602446  7.348158E-13
1.2245112706422  7.339957E-13
1.22473439525994  7.320369E-13
1.22495751987767  7.296157E-13
1.22518064449541  7.309680E-13
1.22540376911315  7.268355E-13
1.22562689373089  7.213723E-13
1.22585001834862  7.228564E-13
1.22607314296636  7.257204E-13
1.2262962675841  7.269007E-13
1.22651939220183  7.264246E-13
1.22674251681957  7.246334E-13
1.22696564143731  7.249068E-13
1.22718876605505  7.172185E-13
1.22741189067278  6.983821E-13
1.22763501529052  6.868523E-13
1.22785813990826  6.853324E-13
1.22808126452599  7.085771E-13
1.22830438914373  7.255592E-13
1.22852751376147  7.249305E-13
1.2287506383792  7.271690E-13
1.22897376299694  7.267086E-13
1.22919688761468  7.274727E-13
1.22942001223242  7.238089E-13
1.22964313685015  7.195825E-13
1.22986626146789  7.128756E-13
1.23008938608563  7.182875E-13
1.23031251070336  7.225644E-13
1.2305356353211  7.205171E-13
1.23075875993884  7.238875E-13
1.23098188455657  7.307247E-13
1.23120500917431  7.313667E-13
1.23142813379205  7.281503E-13
1.23165125840979  7.259931E-13
1.23187438302752  7.271855E-13
1.23209750764526  7.258596E-13
1.232320632263  7.234197E-13
1.23254375688073  7.193925E-13
1.23276688149847  7.199223E-13
1.23299000611621  7.192684E-13
1.23321313073394  7.274480E-13
1.23343625535168  7.227621E-13
1.23365937996942  7.191643E-13
1.23388250458716  7.208003E-13
1.23410562920489  7.224613E-13
1.23432875382263  7.167927E-13
1.23455187844037  7.144732E-13
1.2347750030581  7.120878E-13
1.23499812767584  7.096405E-13
1.23522125229358  7.121414E-13
1.23544437691131  7.201431E-13
1.23566750152905  7.232485E-13
1.23589062614679  7.271579E-13
1.23611375076453  7.275190E-13
1.23633687538226  7.268747E-13
1.23656  7.237279E-13
