1.88043  4.439273E-13
1.8808836484375  4.463943E-13
1.881337296875  4.631787E-13
1.8817909453125  4.450888E-13
1.88224459375  4.284798E-13
1.8826982421875  4.393001E-13
1.883151890625  4.415022E-13
1.8836055390625  4.458536E-13
1.8840591875  4.479208E-13
1.8845128359375  4.582032E-13
1.884966484375  4.335530E-13
1.8854201328125  4.078641E-13
1.88587378125  4.065836E-13
1.8863274296875  4.173947E-13
1.886781078125  4.203088E-13
1.8872347265625  4.304878E-13
1.887688375  4.446257E-13
1.8881420234375  4.404510E-13
1.888595671875  4.362258E-13
1.8890493203125  4.300217E-13
1.88950296875  4.261887E-13
1.8899566171875  4.257874E-13
1.890410265625  4.557970E-13
1.8908639140625  4.409225E-13
1.8913175625  4.308660E-13
1.8917712109375  4.221528E-13
1.892224859375  4.196387E-13
1.8926785078125  4.291844E-13
1.89313215625  4.224825E-13
1.8935858046875  4.160544E-13
1.894039453125  4.170217E-13
1.8944931015625  4.209441E-13
1.89494675  4.161092E-13
1.8954003984375  4.243559E-13
1.895854046875  4.294019E-13
1.8963076953125  4.279403E-13
1.89676134375  4.287406E-13
1.8972149921875  4.324746E-13
1.897668640625  4.376044E-13
1.8981222890625  4.461801E-13
1.8985759375  4.424154E-13
1.8990295859375  4.205727E-13
1.899483234375  4.183443E-13
1.8999368828125  4.471730E-13
1.90039053125  4.065226E-13
1.9008441796875  2.509259E-13
1.901297828125  4.126633E-13
1.9017514765625  4.371565E-13
1.902205125  4.297385E-13
1.9026587734375  4.387607E-13
1.903112421875  4.545489E-13
1.9035660703125  4.295466E-13
1.90401971875  4.025661E-13
1.9044733671875  4.192460E-13
1.904927015625  4.267773E-13
1.9053806640625  4.537586E-13
1.9058343125  3.995080E-13
1.9062879609375  3.768109E-13
1.906741609375  4.297787E-13
1.9071952578125  4.174527E-13
1.90764890625  4.435776E-13
1.9081025546875  4.342830E-13
1.908556203125  4.306761E-13
1.9090098515625  4.333783E-13
1.9094635  4.385067E-13
1.9099171484375  4.313655E-13
1.910370796875  4.262094E-13
1.9108244453125  4.222407E-13
1.91127809375  4.208312E-13
1.9117317421875  4.101988E-13
1.912185390625  4.313885E-13
1.9126390390625  4.124308E-13
1.9130926875  4.144525E-13
1.9135463359375  4.314425E-13
1.913999984375  4.373952E-13
1.9144536328125  4.535925E-13
1.91490728125  4.079969E-13
1.9153609296875  4.350242E-13
1.915814578125  4.287115E-13
1.9162682265625  4.298442E-13
1.916721875  4.467891E-13
1.9171755234375  4.150723E-13
1.917629171875  4.235166E-13
1.9180828203125  4.273557E-13
1.91853646875  4.254200E-13
1.9189901171875  4.316136E-13
1.919443765625  4.348623E-13
1.9198974140625  4.492559E-13
1.9203510625  4.448904E-13
1.9208047109375  4.363561E-13
1.921258359375  4.199402E-13
1.9217120078125  4.410588E-13
1.92216565625  4.219763E-13
1.9226193046875  4.267245E-13
1.923072953125  4.267656E-13
1.9235266015625  4.304352E-13
1.92398025  4.325074E-13
1.9244338984375  4.374899E-13
1.924887546875  4.426968E-13
1.9253411953125  4.272410E-13
1.92579484375  4.309437E-13
1.9262484921875  4.296522E-13
1.926702140625  4.228038E-13
1.9271557890625  4.191434E-13
1.9276094375  4.240229E-13
1.9280630859375  4.330982E-13
1.928516734375  4.315216E-13
1.9289703828125  4.293082E-13
1.92942403125  4.187254E-13
1.9298776796875  4.172792E-13
1.930331328125  4.209364E-13
1.9307849765625  4.237520E-13
1.931238625  4.119160E-13
1.9316922734375  3.892622E-13
1.932145921875  3.844481E-13
1.9325995703125  4.063693E-13
1.93305321875  4.205151E-13
1.9335068671875  4.211915E-13
1.933960515625  4.176605E-13
1.9344141640625  4.174321E-13
1.9348678125  4.123911E-13
1.9353214609375  4.190454E-13
1.935775109375  4.210830E-13
1.9362287578125  4.197872E-13
1.93668240625  4.241862E-13
1.9371360546875  4.257703E-13
1.937589703125  4.221614E-13
1.9380433515625  4.270084E-13
1.938497  4.228062E-13
1.9389506484375  4.015250E-13
1.939404296875  3.946196E-13
1.9398579453125  4.062023E-13
1.94031159375  3.961424E-13
1.9407652421875  3.948753E-13
1.941218890625  4.010208E-13
1.9416725390625  4.067236E-13
1.9421261875  4.014296E-13
1.9425798359375  4.148980E-13
1.943033484375  4.124149E-13
1.9434871328125  4.043016E-13
1.94394078125  3.955071E-13
1.9443944296875  4.004510E-13
1.944848078125  4.018631E-13
1.9453017265625  3.950519E-13
1.945755375  3.642133E-13
1.9462090234375  3.561213E-13
1.946662671875  3.830101E-13
1.9471163203125  4.127482E-13
1.94756996875  4.173530E-13
1.9480236171875  4.072404E-13
1.948477265625  4.028714E-13
1.9489309140625  4.009136E-13
1.9493845625  4.033250E-13
1.9498382109375  4.037053E-13
1.950291859375  4.045459E-13
1.9507455078125  4.017076E-13
1.95119915625  3.852489E-13
1.9516528046875  3.730208E-13
1.952106453125  3.828865E-13
1.9525601015625  4.072449E-13
1.95301375  4.111016E-13
1.9534673984375  4.086478E-13
1.953921046875  4.130592E-13
1.9543746953125  4.136067E-13
1.95482834375  4.135877E-13
1.9552819921875  4.151607E-13
1.955735640625  4.090347E-13
1.9561892890625  4.036540E-13
1.9566429375  4.057350E-13
1.9570965859375  4.039861E-13
1.957550234375  4.133631E-13
1.9580038828125  4.367877E-13
1.95845753125  4.292674E-13
1.9589111796875  4.105033E-13
1.959364828125  4.103793E-13
1.9598184765625  4.058524E-13
1.960272125  4.059400E-13
1.9607257734375  4.019101E-13
1.961179421875  3.989882E-13
1.9616330703125  3.992041E-13
1.96208671875  3.951062E-13
1.9625403671875  3.956518E-13
1.962994015625  4.042321E-13
1.9634476640625  4.035985E-13
1.9639013125  3.927608E-13
1.9643549609375  3.886225E-13
1.964808609375  3.973941E-13
1.9652622578125  3.961793E-13
1.96571590625  4.011601E-13
1.9661695546875  4.077784E-13
1.966623203125  4.106276E-13
1.9670768515625  4.127355E-13
1.9675305  4.108206E-13
1.9679841484375  4.014036E-13
1.968437796875  3.982849E-13
1.9688914453125  4.037945E-13
1.96934509375  4.036846E-13
1.9697987421875  4.067675E-13
1.970252390625  4.147115E-13
1.9707060390625  4.150876E-13
1.9711596875  4.089989E-13
1.9716133359375  3.993652E-13
1.972066984375  3.952832E-13
1.9725206328125  3.944812E-13
1.97297428125  3.925488E-13
1.9734279296875  3.852196E-13
1.973881578125  3.850733E-13
1.9743352265625  3.880083E-13
1.974788875  3.890429E-13
1.9752425234375  3.979991E-13
1.975696171875  3.970760E-13
1.9761498203125  3.857397E-13
1.97660346875  3.818561E-13
1.9770571171875  3.938011E-13
1.977510765625  3.998967E-13
1.9779644140625  3.865612E-13
1.9784180625  3.572524E-13
1.9788717109375  3.494938E-13
1.979325359375  3.749690E-13
1.9797790078125  3.937298E-13
1.98023265625  3.851562E-13
1.9806863046875  3.817853E-13
1.981139953125  3.840500E-13
1.9815936015625  3.909155E-13
1.98204725  3.887037E-13
1.9825008984375  3.853388E-13
1.982954546875  3.857534E-13
1.9834081953125  3.869947E-13
1.98386184375  3.942498E-13
1.9843154921875  3.962265E-13
1.984769140625  3.960695E-13
1.9852227890625  3.947931E-13
1.9856764375  3.839767E-13
1.9861300859375  3.761096E-13
1.986583734375  3.707134E-13
1.9870373828125  3.675633E-13
1.98749103125  3.699782E-13
1.9879446796875  3.874731E-13
1.988398328125  3.919223E-13
1.9888519765625  3.919108E-13
1.989305625  3.929683E-13
1.9897592734375  3.903563E-13
1.990212921875  3.853945E-13
1.9906665703125  3.778101E-13
1.99112021875  3.795602E-13
1.9915738671875  3.855106E-13
1.992027515625  3.832155E-13
1.9924811640625  3.764614E-13
1.9929348125  3.745722E-13
1.9933884609375  3.752827E-13
1.993842109375  3.736047E-13
1.9942957578125  3.740894E-13
1.99474940625  3.770008E-13
1.9952030546875  3.832053E-13
1.995656703125  3.817699E-13
1.9961103515625  3.791383E-13
1.996564  3.856478E-13
1.9970176484375  3.855183E-13
1.997471296875  3.802881E-13
1.9979249453125  3.735982E-13
1.99837859375  3.724529E-13
1.9988322421875  3.801652E-13
1.999285890625  3.917368E-13
1.9997395390625  3.951295E-13
2.0001931875  3.880630E-13
2.0006468359375  3.855181E-13
2.001100484375  3.863503E-13
2.0015541328125  3.842528E-13
2.00200778125  3.891986E-13
2.0024614296875  3.856163E-13
2.002915078125  3.856579E-13
2.0033687265625  3.838287E-13
2.003822375  3.815736E-13
2.0042760234375  3.911752E-13
2.004729671875  3.948127E-13
2.0051833203125  3.887385E-13
2.00563696875  3.867391E-13
2.0060906171875  3.872636E-13
2.006544265625  3.842927E-13
2.0069979140625  3.837408E-13
2.0074515625  3.810970E-13
2.0079052109375  3.869799E-13
2.008358859375  3.942850E-13
2.0088125078125  3.890712E-13
2.00926615625  3.800412E-13
2.0097198046875  3.801267E-13
2.010173453125  3.804582E-13
2.0106271015625  3.795635E-13
2.01108075  3.834275E-13
2.0115343984375  3.829990E-13
2.011988046875  3.858882E-13
2.0124416953125  3.888819E-13
2.01289534375  3.871474E-13
2.0133489921875  3.859885E-13
2.013802640625  3.871394E-13
2.0142562890625  3.844551E-13
2.0147099375  3.855017E-13
2.0151635859375  3.954652E-13
2.015617234375  3.899838E-13
2.0160708828125  3.860448E-13
2.01652453125  3.807632E-13
2.0169781796875  3.756665E-13
2.017431828125  3.797553E-13
2.0178854765625  3.780864E-13
2.018339125  3.855166E-13
2.0187927734375  3.855493E-13
2.019246421875  3.820110E-13
2.0197000703125  3.794772E-13
2.02015371875  3.711452E-13
2.0206073671875  3.732162E-13
2.021061015625  3.744720E-13
2.0215146640625  3.820301E-13
2.0219683125  3.830067E-13
2.0224219609375  3.828623E-13
2.022875609375  3.788528E-13
2.0233292578125  3.801797E-13
2.02378290625  3.817578E-13
2.0242365546875  3.825174E-13
2.024690203125  3.814286E-13
2.0251438515625  3.804036E-13
2.0255975  3.815515E-13
2.0260511484375  3.767803E-13
2.026504796875  3.732937E-13
2.0269584453125  3.749329E-13
2.02741209375  3.758284E-13
2.0278657421875  3.766368E-13
2.028319390625  3.787820E-13
2.0287730390625  3.780915E-13
2.0292266875  3.698050E-13
2.0296803359375  3.638735E-13
2.030133984375  3.679631E-13
2.0305876328125  3.709109E-13
2.03104128125  3.677192E-13
2.0314949296875  3.698029E-13
2.031948578125  3.799270E-13
2.0324022265625  3.856911E-13
2.032855875  3.836451E-13
2.0333095234375  3.807674E-13
2.033763171875  3.790218E-13
2.0342168203125  3.797109E-13
2.03467046875  3.791394E-13
2.0351241171875  3.765664E-13
2.035577765625  3.722459E-13
2.0360314140625  3.666698E-13
2.0364850625  3.674685E-13
2.0369387109375  3.752323E-13
2.037392359375  3.805686E-13
2.0378460078125  3.778237E-13
2.03829965625  3.768622E-13
2.0387533046875  3.733529E-13
2.039206953125  3.711692E-13
2.0396606015625  3.711299E-13
2.04011425  3.724036E-13
2.0405678984375  3.759290E-13
2.041021546875  3.751705E-13
2.0414751953125  3.728408E-13
2.04192884375  3.706195E-13
2.0423824921875  3.738842E-13
2.042836140625  3.774747E-13
2.0432897890625  3.828284E-13
2.0437434375  3.829298E-13
2.0441970859375  3.756717E-13
2.044650734375  3.696688E-13
2.0451043828125  3.658897E-13
2.04555803125  3.657541E-13
2.0460116796875  3.687679E-13
2.046465328125  3.716359E-13
2.0469189765625  3.752893E-13
2.047372625  3.745723E-13
2.0478262734375  3.732667E-13
2.048279921875  3.781245E-13
2.0487335703125  3.776383E-13
2.04918721875  3.728535E-13
2.0496408671875  3.687522E-13
2.050094515625  3.658277E-13
2.0505481640625  3.654461E-13
2.0510018125  3.695524E-13
2.0514554609375  3.766755E-13
2.051909109375  3.765355E-13
2.0523627578125  3.706900E-13
2.05281640625  3.708422E-13
2.0532700546875  3.741022E-13
2.053723703125  3.759817E-13
2.0541773515625  3.710610E-13
2.054631  3.645905E-13
2.0550846484375  3.641310E-13
2.055538296875  3.693258E-13
2.0559919453125  3.700061E-13
2.05644559375  3.694750E-13
2.0568992421875  3.657665E-13
2.057352890625  3.670806E-13
2.0578065390625  3.693800E-13
2.0582601875  3.706101E-13
2.0587138359375  3.674283E-13
2.059167484375  3.635138E-13
2.0596211328125  3.621202E-13
2.06007478125  3.646629E-13
2.0605284296875  3.648754E-13
2.060982078125  3.605924E-13
2.0614357265625  3.577732E-13
2.061889375  3.624206E-13
2.0623430234375  3.674686E-13
2.062796671875  3.674542E-13
2.0632503203125  3.690267E-13
2.06370396875  3.630187E-13
2.0641576171875  3.579496E-13
2.064611265625  3.570975E-13
2.0650649140625  3.595374E-13
2.0655185625  3.639836E-13
2.0659722109375  3.685362E-13
2.066425859375  3.659797E-13
2.0668795078125  3.675738E-13
2.06733315625  3.717444E-13
2.0677868046875  3.674209E-13
2.068240453125  3.652592E-13
2.0686941015625  3.674459E-13
2.06914775  3.646070E-13
2.0696013984375  3.619198E-13
2.070055046875  3.608796E-13
2.0705086953125  3.630193E-13
2.07096234375  3.643326E-13
2.0714159921875  3.651775E-13
2.071869640625  3.619266E-13
2.0723232890625  3.585243E-13
2.0727769375  3.579161E-13
2.0732305859375  3.600105E-13
2.073684234375  3.618621E-13
2.0741378828125  3.605020E-13
2.07459153125  3.590253E-13
2.0750451796875  3.601181E-13
2.075498828125  3.614338E-13
2.0759524765625  3.663146E-13
2.076406125  3.667144E-13
2.0768597734375  3.654742E-13
2.077313421875  3.627862E-13
2.0777670703125  3.638709E-13
2.07822071875  3.639242E-13
2.0786743671875  3.654411E-13
2.079128015625  3.644458E-13
2.0795816640625  3.638017E-13
2.0800353125  3.619814E-13
2.0804889609375  3.597947E-13
2.080942609375  3.565577E-13
2.0813962578125  3.547698E-13
2.08184990625  3.534550E-13
2.0823035546875  3.572005E-13
2.082757203125  3.605064E-13
2.0832108515625  3.606380E-13
2.0836645  3.617817E-13
2.0841181484375  3.608678E-13
2.084571796875  3.585609E-13
2.0850254453125  3.561918E-13
2.08547909375  3.538409E-13
2.0859327421875  3.545923E-13
2.086386390625  3.579251E-13
2.0868400390625  3.603972E-13
2.0872936875  3.593382E-13
2.0877473359375  3.576841E-13
2.088200984375  3.581416E-13
2.0886546328125  3.592156E-13
2.08910828125  3.582213E-13
2.0895619296875  3.592591E-13
2.090015578125  3.581515E-13
2.0904692265625  3.552256E-13
2.090922875  3.571631E-13
2.0913765234375  3.607377E-13
2.091830171875  3.617616E-13
2.0922838203125  3.581290E-13
2.09273746875  3.557778E-13
2.0931911171875  3.588271E-13
2.093644765625  3.611308E-13
2.0940984140625  3.587267E-13
2.0945520625  3.556939E-13
2.0950057109375  3.558099E-13
2.095459359375  3.566159E-13
2.0959130078125  3.556640E-13
2.09636665625  3.538918E-13
2.0968203046875  3.526019E-13
2.097273953125  3.534162E-13
2.0977276015625  3.550132E-13
2.09818125  3.567596E-13
2.0986348984375  3.594150E-13
2.099088546875  3.597769E-13
2.0995421953125  3.579540E-13
2.09999584375  3.555814E-13
2.1004494921875  3.575363E-13
2.100903140625  3.602464E-13
2.1013567890625  3.600197E-13
2.1018104375  3.586616E-13
2.1022640859375  3.548925E-13
2.102717734375  3.543063E-13
2.1031713828125  3.567843E-13
2.10362503125  3.543788E-13
2.1040786796875  3.555103E-13
2.104532328125  3.581401E-13
2.1049859765625  3.577526E-13
2.105439625  3.540473E-13
2.1058932734375  3.521860E-13
2.106346921875  3.520573E-13
2.1068005703125  3.501450E-13
2.10725421875  3.475162E-13
2.1077078671875  3.485375E-13
2.108161515625  3.505621E-13
2.1086151640625  3.500786E-13
2.1090688125  3.471919E-13
2.1095224609375  3.465760E-13
2.109976109375  3.460576E-13
2.1104297578125  3.464963E-13
2.11088340625  3.521369E-13
2.1113370546875  3.566777E-13
2.111790703125  3.541091E-13
2.1122443515625  3.485243E-13
2.112698  3.477378E-13
2.1131516484375  3.487443E-13
2.113605296875  3.519159E-13
2.1140589453125  3.530247E-13
2.11451259375  3.533890E-13
2.1149662421875  3.532513E-13
2.115419890625  3.513145E-13
2.1158735390625  3.493766E-13
2.1163271875  3.489829E-13
2.1167808359375  3.462711E-13
2.117234484375  3.393963E-13
2.1176881328125  3.378490E-13
2.11814178125  3.412760E-13
2.1185954296875  3.478124E-13
2.119049078125  3.500381E-13
2.1195027265625  3.493763E-13
2.119956375  3.482932E-13
2.1204100234375  3.466344E-13
2.120863671875  3.449327E-13
2.1213173203125  3.439736E-13
2.12177096875  3.448506E-13
2.1222246171875  3.501766E-13
2.122678265625  3.532119E-13
2.1231319140625  3.525319E-13
2.1235855625  3.513507E-13
2.1240392109375  3.499401E-13
2.124492859375  3.499042E-13
2.1249465078125  3.494483E-13
2.12540015625  3.500752E-13
2.1258538046875  3.506374E-13
2.126307453125  3.488843E-13
2.1267611015625  3.460416E-13
2.12721475  3.450728E-13
2.1276683984375  3.462777E-13
2.128122046875  3.477651E-13
2.1285756953125  3.488962E-13
2.12902934375  3.476128E-13
2.1294829921875  3.465349E-13
2.129936640625  3.457196E-13
2.1303902890625  3.467881E-13
2.1308439375  3.480697E-13
2.1312975859375  3.497564E-13
2.131751234375  3.511955E-13
2.1322048828125  3.523480E-13
2.13265853125  3.521539E-13
2.1331121796875  3.486107E-13
2.133565828125  3.495471E-13
2.1340194765625  3.500714E-13
2.134473125  3.478486E-13
2.1349267734375  3.457465E-13
2.135380421875  3.463799E-13
2.1358340703125  3.449108E-13
2.13628771875  3.421090E-13
2.1367413671875  3.425470E-13
2.137195015625  3.461473E-13
2.1376486640625  3.477707E-13
2.1381023125  3.480880E-13
2.1385559609375  3.470939E-13
2.139009609375  3.447396E-13
2.1394632578125  3.433270E-13
2.13991690625  3.457057E-13
2.1403705546875  3.460712E-13
2.140824203125  3.431098E-13
2.1412778515625  3.438993E-13
2.1417315  3.454107E-13
2.1421851484375  3.467640E-13
2.142638796875  3.453498E-13
2.1430924453125  3.435271E-13
2.14354609375  3.430548E-13
2.1439997421875  3.447755E-13
2.144453390625  3.464193E-13
2.1449070390625  3.461438E-13
2.1453606875  3.461568E-13
2.1458143359375  3.437123E-13
2.146267984375  3.429316E-13
2.1467216328125  3.453211E-13
2.14717528125  3.463060E-13
2.1476289296875  3.475313E-13
2.148082578125  3.462711E-13
2.1485362265625  3.439820E-13
2.148989875  3.425030E-13
2.1494435234375  3.399004E-13
2.149897171875  3.385793E-13
2.1503508203125  3.390239E-13
2.15080446875  3.406847E-13
2.1512581171875  3.417881E-13
2.151711765625  3.444693E-13
2.1521654140625  3.447348E-13
2.1526190625  3.424342E-13
2.1530727109375  3.405711E-13
2.153526359375  3.401786E-13
2.1539800078125  3.403491E-13
2.15443365625  3.415359E-13
2.1548873046875  3.418052E-13
2.155340953125  3.417413E-13
2.1557946015625  3.425311E-13
2.15624825  3.425142E-13
2.1567018984375  3.395621E-13
2.157155546875  3.390376E-13
2.1576091953125  3.392115E-13
2.15806284375  3.422557E-13
2.1585164921875  3.431801E-13
2.158970140625  3.448700E-13
2.1594237890625  3.422751E-13
2.1598774375  3.387690E-13
2.1603310859375  3.365783E-13
2.160784734375  3.361204E-13
2.1612383828125  3.389898E-13
2.16169203125  3.424990E-13
2.1621456796875  3.420755E-13
2.162599328125  3.401426E-13
2.1630529765625  3.393171E-13
2.163506625  3.382388E-13
2.1639602734375  3.370083E-13
2.164413921875  3.414320E-13
2.1648675703125  3.428374E-13
2.16532121875  3.396004E-13
2.1657748671875  3.306287E-13
2.166228515625  3.201302E-13
2.1666821640625  3.160481E-13
2.1671358125  3.197497E-13
2.1675894609375  3.289246E-13
2.168043109375  3.383359E-13
2.1684967578125  3.408940E-13
2.16895040625  3.381553E-13
2.1694040546875  3.380320E-13
2.169857703125  3.428393E-13
2.1703113515625  3.405279E-13
2.170765  3.374350E-13
2.1712186484375  3.360784E-13
2.171672296875  3.358862E-13
2.1721259453125  3.375081E-13
2.17257959375  3.403583E-13
2.1730332421875  3.413828E-13
2.173486890625  3.393273E-13
2.1739405390625  3.387075E-13
2.1743941875  3.379216E-13
2.1748478359375  3.382838E-13
2.175301484375  3.397678E-13
2.1757551328125  3.418500E-13
2.17620878125  3.395428E-13
2.1766624296875  3.355077E-13
2.177116078125  3.341271E-13
2.1775697265625  3.346649E-13
2.178023375  3.355489E-13
2.1784770234375  3.330394E-13
2.178930671875  3.270605E-13
2.1793843203125  3.245227E-13
2.17983796875  3.274034E-13
2.1802916171875  3.328803E-13
2.180745265625  3.363726E-13
2.1811989140625  3.383226E-13
2.1816525625  3.389513E-13
2.1821062109375  3.378000E-13
2.182559859375  3.341361E-13
2.1830135078125  3.306596E-13
2.18346715625  3.305078E-13
2.1839208046875  3.334820E-13
2.184374453125  3.358878E-13
2.1848281015625  3.365231E-13
2.18528175  3.355560E-13
2.1857353984375  3.353297E-13
2.186189046875  3.360999E-13
2.1866426953125  3.350387E-13
2.18709634375  3.356956E-13
2.1875499921875  3.362313E-13
2.188003640625  3.340706E-13
2.1884572890625  3.298978E-13
2.1889109375  3.281132E-13
2.1893645859375  3.305440E-13
2.189818234375  3.342989E-13
2.1902718828125  3.313427E-13
2.19072553125  3.282764E-13
2.1911791796875  3.314530E-13
2.191632828125  3.357925E-13
2.1920864765625  3.379669E-13
2.192540125  3.372496E-13
2.1929937734375  3.356583E-13
2.193447421875  3.348514E-13
2.1939010703125  3.356058E-13
2.19435471875  3.356832E-13
2.1948083671875  3.352464E-13
2.195262015625  3.357495E-13
2.1957156640625  3.374633E-13
2.1961693125  3.367984E-13
2.1966229609375  3.375825E-13
2.197076609375  3.378637E-13
2.1975302578125  3.366226E-13
2.19798390625  3.351076E-13
2.1984375546875  3.352321E-13
2.198891203125  3.349202E-13
2.1993448515625  3.341509E-13
2.1997985  3.335190E-13
2.2002521484375  3.345380E-13
2.200705796875  3.343935E-13
2.2011594453125  3.312325E-13
2.20161309375  3.300070E-13
2.2020667421875  3.315124E-13
2.202520390625  3.320541E-13
2.2029740390625  3.310788E-13
2.2034276875  3.293558E-13
2.2038813359375  3.292807E-13
2.204334984375  3.322485E-13
2.2047886328125  3.347952E-13
2.20524228125  3.333456E-13
2.2056959296875  3.306711E-13
2.206149578125  3.242607E-13
2.2066032265625  3.181529E-13
2.207056875  3.149552E-13
2.2075105234375  3.176757E-13
2.207964171875  3.243164E-13
2.2084178203125  3.278804E-13
2.20887146875  3.267342E-13
2.2093251171875  3.248459E-13
2.209778765625  3.200205E-13
2.2102324140625  3.280321E-13
2.2106860625  3.309663E-13
2.2111397109375  3.301972E-13
2.211593359375  3.305903E-13
2.2120470078125  3.329899E-13
2.21250065625  3.355763E-13
2.2129543046875  3.351586E-13
2.213407953125  3.331886E-13
2.2138616015625  3.326655E-13
2.21431525  3.325528E-13
2.2147688984375  3.324412E-13
2.215222546875  3.325565E-13
2.2156761953125  3.317038E-13
2.21612984375  3.315916E-13
2.2165834921875  3.307684E-13
2.217037140625  3.303429E-13
2.2174907890625  3.293111E-13
2.2179444375  3.304028E-13
2.2183980859375  3.319077E-13
2.218851734375  3.346940E-13
2.2193053828125  3.337647E-13
2.21975903125  3.297089E-13
2.2202126796875  3.265891E-13
2.220666328125  3.252902E-13
2.2211199765625  3.262253E-13
2.221573625  3.240525E-13
2.2220272734375  3.224327E-13
2.222480921875  3.253624E-13
2.2229345703125  3.301601E-13
2.22338821875  3.332826E-13
2.2238418671875  3.299225E-13
2.224295515625  3.257495E-13
2.2247491640625  3.278042E-13
2.2252028125  3.322594E-13
2.2256564609375  3.328241E-13
2.226110109375  3.300410E-13
2.2265637578125  3.239734E-13
2.22701740625  3.180054E-13
2.2274710546875  3.186503E-13
2.227924703125  3.200115E-13
2.2283783515625  3.196588E-13
2.228832  3.203168E-13
2.2292856484375  3.214294E-13
2.229739296875  3.239417E-13
2.2301929453125  3.251252E-13
2.23064659375  3.260013E-13
2.2311002421875  3.259282E-13
2.231553890625  3.271911E-13
2.2320075390625  3.268183E-13
2.2324611875  3.272105E-13
2.2329148359375  3.289382E-13
2.233368484375  3.281499E-13
2.2338221328125  3.267611E-13
2.23427578125  3.268455E-13
2.2347294296875  3.258578E-13
2.235183078125  3.249543E-13
2.2356367265625  3.227963E-13
2.236090375  3.213120E-13
2.2365440234375  3.224445E-13
2.236997671875  3.235411E-13
2.2374513203125  3.263557E-13
2.23790496875  3.274050E-13
2.2383586171875  3.240218E-13
2.238812265625  3.202390E-13
2.2392659140625  3.187639E-13
2.2397195625  3.180205E-13
2.2401732109375  3.207252E-13
2.240626859375  3.229322E-13
2.2410805078125  3.252917E-13
2.24153415625  3.270506E-13
2.2419878046875  3.243940E-13
2.242441453125  3.212994E-13
2.2428951015625  3.211544E-13
2.24334875  3.202624E-13
2.2438023984375  3.209504E-13
2.244256046875  3.233195E-13
2.2447096953125  3.222913E-13
2.24516334375  3.207317E-13
2.2456169921875  3.217535E-13
2.246070640625  3.275196E-13
2.2465242890625  3.284841E-13
2.2469779375  3.243631E-13
2.2474315859375  3.214382E-13
2.247885234375  3.198552E-13
2.2483388828125  3.185696E-13
2.24879253125  3.203824E-13
2.2492461796875  3.249771E-13
2.249699828125  3.242369E-13
2.2501534765625  3.194999E-13
2.250607125  3.179040E-13
2.2510607734375  3.196947E-13
2.251514421875  3.217753E-13
2.2519680703125  3.204879E-13
2.25242171875  3.187498E-13
2.2528753671875  3.184696E-13
2.253329015625  3.197953E-13
2.2537826640625  3.204658E-13
2.2542363125  3.199580E-13
2.2546899609375  3.160968E-13
2.255143609375  3.137852E-13
2.2555972578125  3.161778E-13
2.25605090625  3.183714E-13
2.2565045546875  3.185090E-13
2.256958203125  3.197848E-13
2.2574118515625  3.211507E-13
2.2578655  3.181003E-13
2.2583191484375  3.151234E-13
2.258772796875  3.178043E-13
2.2592264453125  3.210728E-13
2.25968009375  3.216685E-13
2.2601337421875  3.207722E-13
2.260587390625  3.201076E-13
2.2610410390625  3.188392E-13
2.2614946875  3.166671E-13
2.2619483359375  3.147912E-13
2.262401984375  3.106280E-13
2.2628556328125  3.050385E-13
2.26330928125  3.001949E-13
2.2637629296875  3.020125E-13
2.264216578125  3.081844E-13
2.2646702265625  3.117662E-13
2.265123875  3.130463E-13
2.2655775234375  3.102657E-13
2.266031171875  3.069947E-13
2.2664848203125  3.035758E-13
2.26693846875  3.055248E-13
2.2673921171875  3.104901E-13
2.267845765625  3.146701E-13
2.2682994140625  3.169841E-13
2.2687530625  3.183430E-13
2.2692067109375  3.170285E-13
2.269660359375  3.146222E-13
2.2701140078125  3.153759E-13
2.27056765625  3.130739E-13
2.2710213046875  3.106358E-13
2.271474953125  3.128294E-13
2.2719286015625  3.148915E-13
2.27238225  3.129790E-13
2.2728358984375  3.136610E-13
2.273289546875  3.148586E-13
2.2737431953125  3.153107E-13
2.27419684375  3.137023E-13
2.2746504921875  3.115300E-13
2.275104140625  3.115726E-13
2.2755577890625  3.145473E-13
2.2760114375  3.176788E-13
2.2764650859375  3.143039E-13
2.276918734375  3.118374E-13
2.2773723828125  3.143581E-13
2.27782603125  3.167151E-13
2.2782796796875  3.161048E-13
2.278733328125  3.137519E-13
2.2791869765625  3.111214E-13
2.279640625  3.095028E-13
2.2800942734375  3.093558E-13
2.280547921875  3.083953E-13
2.2810015703125  3.056716E-13
2.28145521875  3.028590E-13
2.2819088671875  3.049101E-13
2.282362515625  3.081018E-13
2.2828161640625  3.110894E-13
2.2832698125  3.101314E-13
2.2837234609375  3.068040E-13
2.284177109375  3.074325E-13
2.2846307578125  3.073233E-13
2.28508440625  3.075183E-13
2.2855380546875  3.102138E-13
2.285991703125  3.117065E-13
2.2864453515625  3.107265E-13
2.286899  3.123399E-13
2.2873526484375  3.118387E-13
2.287806296875  3.110838E-13
2.2882599453125  3.119669E-13
2.28871359375  3.126925E-13
2.2891672421875  3.103775E-13
2.289620890625  3.075584E-13
2.2900745390625  3.080983E-13
2.2905281875  3.104397E-13
2.2909818359375  3.126861E-13
2.291435484375  3.135823E-13
2.2918891328125  3.089718E-13
2.29234278125  3.054623E-13
2.2927964296875  3.066385E-13
2.293250078125  3.027084E-13
2.2937037265625  2.800277E-13
2.294157375  2.504677E-13
2.2946110234375  2.344829E-13
2.295064671875  2.374488E-13
2.2955183203125  2.438862E-13
2.29597196875  2.490946E-13
2.2964256171875  2.539384E-13
2.296879265625  2.561329E-13
2.2973329140625  2.585515E-13
2.2977865625  2.620765E-13
2.2982402109375  2.669498E-13
2.298693859375  2.704054E-13
2.2991475078125  2.703153E-13
2.29960115625  2.713215E-13
2.3000548046875  2.738374E-13
2.300508453125  2.766980E-13
2.3009621015625  2.781471E-13
2.30141575  2.765453E-13
2.3018693984375  2.780632E-13
2.302323046875  2.817209E-13
2.3027766953125  2.839291E-13
2.30323034375  2.812291E-13
2.3036839921875  2.807495E-13
2.304137640625  2.809999E-13
2.3045912890625  2.834221E-13
2.3050449375  2.826898E-13
2.3054985859375  2.790216E-13
2.305952234375  2.758767E-13
2.3064058828125  2.761565E-13
2.30685953125  2.780897E-13
2.3073131796875  2.791614E-13
2.307766828125  2.814433E-13
2.3082204765625  2.796292E-13
2.308674125  2.808858E-13
2.3091277734375  2.813821E-13
2.309581421875  2.776454E-13
2.3100350703125  2.755345E-13
2.31048871875  2.749441E-13
2.3109423671875  2.791878E-13
2.311396015625  2.782053E-13
2.3118496640625  2.742672E-13
2.3123033125  2.774203E-13
2.3127569609375  2.768983E-13
2.313210609375  2.786190E-13
2.3136642578125  2.810590E-13
2.31411790625  2.758478E-13
2.3145715546875  2.758261E-13
2.315025203125  2.735017E-13
2.3154788515625  2.713848E-13
2.3159325  2.782621E-13
2.3163861484375  2.823767E-13
2.316839796875  2.760011E-13
2.3172934453125  2.771753E-13
2.31774709375  2.764720E-13
2.3182007421875  2.713616E-13
2.318654390625  2.786661E-13
2.3191080390625  2.817623E-13
2.3195616875  2.782989E-13
2.3200153359375  2.828769E-13
2.320468984375  2.846684E-13
2.3209226328125  2.767568E-13
2.32137628125  2.772034E-13
2.3218299296875  2.825997E-13
2.322283578125  2.742030E-13
2.3227372265625  2.556657E-13
2.323190875  2.369330E-13
2.3236445234375  2.233272E-13
2.324098171875  2.208923E-13
2.3245518203125  2.303248E-13
2.32500546875  2.385020E-13
2.3254591171875  2.398762E-13
2.325912765625  2.410206E-13
2.3263664140625  2.468950E-13
2.3268200625  2.488553E-13
2.3272737109375  2.500607E-13
2.327727359375  2.555473E-13
2.3281810078125  2.580911E-13
2.32863465625  2.514080E-13
2.3290883046875  2.494019E-13
2.329541953125  2.564629E-13
2.3299956015625  2.631302E-13
2.33044925  2.589631E-13
2.3309028984375  2.542697E-13
2.331356546875  2.575437E-13
2.3318101953125  2.602071E-13
2.33226384375  2.610935E-13
2.3327174921875  2.657983E-13
2.333171140625  2.726368E-13
2.3336247890625  2.699377E-13
2.3340784375  2.666084E-13
2.3345320859375  2.666040E-13
2.334985734375  2.688458E-13
2.3354393828125  2.644961E-13
2.33589303125  2.579941E-13
2.3363466796875  2.618130E-13
2.336800328125  2.690325E-13
2.3372539765625  2.671862E-13
2.337707625  2.610069E-13
2.3381612734375  2.593425E-13
2.338614921875  2.620277E-13
2.3390685703125  2.612867E-13
2.33952221875  2.552546E-13
2.3399758671875  2.566354E-13
2.340429515625  2.629788E-13
2.3408831640625  2.640330E-13
2.3413368125  2.603035E-13
2.3417904609375  2.562891E-13
2.342244109375  2.610422E-13
2.3426977578125  2.691311E-13
2.34315140625  2.685531E-13
2.3436050546875  2.627525E-13
2.344058703125  2.623757E-13
2.3445123515625  2.617426E-13
2.344966  2.588902E-13
2.3454196484375  2.519284E-13
2.345873296875  2.495660E-13
2.3463269453125  2.596831E-13
2.34678059375  2.653777E-13
2.3472342421875  2.640851E-13
2.347687890625  2.637974E-13
2.3481415390625  2.665465E-13
2.3485951875  2.664992E-13
2.3490488359375  2.665823E-13
2.349502484375  2.646253E-13
2.3499561328125  2.587838E-13
2.35040978125  2.582521E-13
2.3508634296875  2.642474E-13
2.351317078125  2.625483E-13
2.3517707265625  2.533557E-13
2.352224375  2.505623E-13
2.3526780234375  2.441403E-13
2.353131671875  2.268693E-13
2.3535853203125  2.181008E-13
2.35403896875  2.179088E-13
2.3544926171875  2.189845E-13
2.354946265625  2.245937E-13
2.3553999140625  2.340471E-13
2.3558535625  2.371669E-13
2.3563072109375  2.339089E-13
2.356760859375  2.341888E-13
2.3572145078125  2.377117E-13
2.35766815625  2.415837E-13
2.3581218046875  2.415499E-13
2.358575453125  2.406281E-13
2.3590291015625  2.392577E-13
2.35948275  2.385537E-13
2.3599363984375  2.396412E-13
2.360390046875  2.431988E-13
2.3608436953125  2.444209E-13
2.36129734375  2.421496E-13
2.3617509921875  2.429753E-13
2.362204640625  2.479995E-13
2.3626582890625  2.492615E-13
2.3631119375  2.452565E-13
2.3635655859375  2.385556E-13
2.364019234375  2.421415E-13
2.3644728828125  2.506448E-13
2.36492653125  2.505443E-13
2.3653801796875  2.470807E-13
2.365833828125  2.469544E-13
2.3662874765625  2.512851E-13
2.366741125  2.536426E-13
2.3671947734375  2.514272E-13
2.367648421875  2.487511E-13
2.3681020703125  2.465208E-13
2.36855571875  2.457505E-13
2.3690093671875  2.505655E-13
2.369463015625  2.577766E-13
2.3699166640625  2.599245E-13
2.3703703125  2.569664E-13
2.3708239609375  2.477923E-13
2.371277609375  2.461565E-13
2.3717312578125  2.510507E-13
2.37218490625  2.606438E-13
2.3726385546875  2.572768E-13
2.373092203125  2.483564E-13
2.3735458515625  2.435411E-13
2.3739995  2.459955E-13
2.3744531484375  2.469590E-13
2.374906796875  2.450016E-13
2.3753604453125  2.444516E-13
2.37581409375  2.410473E-13
2.3762677421875  2.410848E-13
2.376721390625  2.453030E-13
2.3771750390625  2.503416E-13
2.3776286875  2.531151E-13
2.3780823359375  2.513954E-13
2.378535984375  2.443953E-13
2.3789896328125  2.393144E-13
2.37944328125  2.385434E-13
2.3798969296875  2.431691E-13
2.380350578125  2.513725E-13
2.3808042265625  2.535623E-13
2.381257875  2.449347E-13
2.3817115234375  2.401709E-13
2.382165171875  2.470825E-13
2.3826188203125  2.480166E-13
2.38307246875  2.378836E-13
2.3835261171875  2.245286E-13
2.383979765625  2.119351E-13
2.3844334140625  2.090556E-13
2.3848870625  2.161796E-13
2.3853407109375  2.234269E-13
2.385794359375  2.259273E-13
2.3862480078125  2.241919E-13
2.38670165625  2.203020E-13
2.3871553046875  2.192315E-13
2.387608953125  2.232399E-13
2.3880626015625  2.272122E-13
2.38851625  2.294846E-13
2.3889698984375  2.308665E-13
2.389423546875  2.299258E-13
2.3898771953125  2.321243E-13
2.39033084375  2.389869E-13
2.3907844921875  2.396166E-13
2.391238140625  2.367885E-13
2.3916917890625  2.361361E-13
2.3921454375  2.323663E-13
2.3925990859375  2.225235E-13
2.393052734375  2.251231E-13
2.3935063828125  2.325725E-13
2.39396003125  2.418459E-13
2.3944136796875  2.474750E-13
2.394867328125  2.437853E-13
2.3953209765625  2.302182E-13
2.395774625  2.261135E-13
2.3962282734375  2.355724E-13
2.396681921875  2.415398E-13
2.3971355703125  2.439962E-13
2.39758921875  2.415367E-13
2.3980428671875  2.366960E-13
2.398496515625  2.328004E-13
2.3989501640625  2.361117E-13
2.3994038125  2.423894E-13
2.3998574609375  2.463948E-13
2.400311109375  2.463531E-13
2.4007647578125  2.395697E-13
2.40121840625  2.307867E-13
2.4016720546875  2.313902E-13
2.402125703125  2.406836E-13
2.4025793515625  2.462283E-13
2.403033  2.423241E-13
2.4034866484375  2.397423E-13
2.403940296875  2.394852E-13
2.4043939453125  2.357406E-13
2.40484759375  2.347211E-13
2.4053012421875  2.337015E-13
2.405754890625  2.341260E-13
2.4062085390625  2.369536E-13
2.4066621875  2.423893E-13
2.4071158359375  2.444741E-13
2.407569484375  2.402319E-13
2.4080231328125  2.338780E-13
2.40847678125  2.310478E-13
2.4089304296875  2.287061E-13
2.409384078125  2.325048E-13
2.4098377265625  2.359075E-13
2.410291375  2.373194E-13
2.4107450234375  2.305719E-13
2.411198671875  2.303381E-13
2.4116523203125  2.343473E-13
2.41210596875  2.373670E-13
2.4125596171875  2.399052E-13
2.413013265625  2.404147E-13
2.4134669140625  2.350833E-13
2.4139205625  2.232006E-13
2.4143742109375  2.131919E-13
2.414827859375  2.102397E-13
2.4152815078125  2.102011E-13
2.41573515625  2.138885E-13
2.4161888046875  2.186213E-13
2.416642453125  2.148166E-13
2.4170961015625  2.052436E-13
2.41754975  2.111374E-13
2.4180033984375  2.185443E-13
2.418457046875  2.216287E-13
2.4189106953125  2.240385E-13
2.41936434375  2.254065E-13
2.4198179921875  2.197552E-13
2.420271640625  2.123128E-13
2.4207252890625  2.183463E-13
2.4211789375  2.272825E-13
2.4216325859375  2.295805E-13
2.422086234375  2.274119E-13
2.4225398828125  2.249518E-13
2.42299353125  2.225990E-13
2.4234471796875  2.210454E-13
2.423900828125  2.227665E-13
2.4243544765625  2.302251E-13
2.424808125  2.350775E-13
2.4252617734375  2.300630E-13
2.425715421875  2.266669E-13
2.4261690703125  2.242539E-13
2.42662271875  2.255108E-13
2.4270763671875  2.263840E-13
2.427530015625  2.257971E-13
2.4279836640625  2.256642E-13
2.4284373125  2.228630E-13
2.4288909609375  2.205254E-13
2.429344609375  2.253021E-13
2.4297982578125  2.310888E-13
2.43025190625  2.315629E-13
2.4307055546875  2.282015E-13
2.431159203125  2.234782E-13
2.4316128515625  2.227392E-13
2.4320665  2.246546E-13
2.4325201484375  2.308860E-13
2.432973796875  2.363998E-13
2.4334274453125  2.349467E-13
2.43388109375  2.277489E-13
2.4343347421875  2.165971E-13
2.434788390625  2.133814E-13
2.4352420390625  2.190151E-13
2.4356956875  2.250392E-13
2.4361493359375  2.271795E-13
2.436602984375  2.190349E-13
2.4370566328125  2.139620E-13
2.43751028125  2.107257E-13
2.4379639296875  2.166747E-13
2.438417578125  2.214383E-13
2.4388712265625  2.253381E-13
2.439324875  2.278023E-13
2.4397785234375  2.285478E-13
2.440232171875  2.267861E-13
2.4406858203125  2.237356E-13
2.44113946875  2.198941E-13
2.4415931171875  2.188920E-13
2.442046765625  2.191596E-13
2.4425004140625  2.216889E-13
2.4429540625  2.237639E-13
2.4434077109375  2.272019E-13
2.443861359375  2.265493E-13
2.4443150078125  2.224707E-13
2.44476865625  2.176289E-13
2.4452223046875  2.181129E-13
2.445675953125  2.233752E-13
2.4461296015625  2.288363E-13
2.44658325  2.238756E-13
2.4470368984375  2.036938E-13
2.447490546875  1.991847E-13
2.4479441953125  2.007369E-13
2.44839784375  1.996662E-13
2.4488514921875  2.039900E-13
2.449305140625  2.095182E-13
2.4497587890625  2.140446E-13
2.4502124375  2.163657E-13
2.4506660859375  2.192862E-13
2.451119734375  2.113586E-13
2.4515733828125  2.117257E-13
2.45202703125  2.133221E-13
2.4524806796875  2.068022E-13
2.452934328125  2.085996E-13
2.4533879765625  2.092648E-13
2.453841625  2.085899E-13
2.4542952734375  2.065119E-13
2.454748921875  2.045196E-13
2.4552025703125  2.118227E-13
2.45565621875  2.120673E-13
2.4561098671875  2.150335E-13
2.456563515625  2.166264E-13
2.4570171640625  2.170055E-13
2.4574708125  2.161706E-13
2.4579244609375  2.162878E-13
2.458378109375  2.192129E-13
2.4588317578125  2.211547E-13
2.45928540625  2.188070E-13
2.4597390546875  2.153530E-13
2.460192703125  2.140862E-13
2.4606463515625  2.141825E-13
2.4611  2.134632E-13
