1.41306  6.032725E-13
1.41339944747082  5.882404E-13
1.41373889494164  5.781046E-13
1.41407834241245  5.834025E-13
1.41441778988327  5.881556E-13
1.41475723735409  5.883776E-13
1.4150966848249  5.703722E-13
1.41543613229572  6.019595E-13
1.41577557976654  6.009727E-13
1.41611502723735  6.132127E-13
1.41645447470817  6.103676E-13
1.41679392217899  6.004594E-13
1.41713336964981  5.932239E-13
1.41747281712062  5.925203E-13
1.41781226459144  5.881738E-13
1.41815171206226  5.984068E-13
1.41849115953307  5.982546E-13
1.41883060700389  5.921391E-13
1.41917005447471  5.851868E-13
1.41950950194553  6.046144E-13
1.41984894941634  5.966571E-13
1.42018839688716  6.086221E-13
1.42052784435798  6.095637E-13
1.42086729182879  5.899254E-13
1.42120673929961  5.967745E-13
1.42154618677043  6.007423E-13
1.42188563424125  6.013083E-13
1.42222508171206  6.359554E-13
1.42256452918288  6.447313E-13
1.4229039766537  5.845790E-13
1.42324342412451  5.726885E-13
1.42358287159533  5.723483E-13
1.42392231906615  5.779456E-13
1.42426176653697  5.684831E-13
1.42460121400778  5.992925E-13
1.4249406614786  6.066512E-13
1.42528010894942  6.003721E-13
1.42561955642023  5.909533E-13
1.42595900389105  5.767737E-13
1.42629845136187  5.742291E-13
1.42663789883269  5.842956E-13
1.4269773463035  5.893610E-13
1.42731679377432  5.953218E-13
1.42765624124514  5.895238E-13
1.42799568871595  5.864553E-13
1.42833513618677  5.933745E-13
1.42867458365759  5.833922E-13
1.42901403112841  5.699567E-13
1.42935347859922  5.662581E-13
1.42969292607004  5.857442E-13
1.43003237354086  5.830761E-13
1.43037182101167  5.922626E-13
1.43071126848249  6.122694E-13
1.43105071595331  6.160014E-13
1.43139016342413  6.053257E-13
1.43172961089494  5.945569E-13
1.43206905836576  5.786802E-13
1.43240850583658  5.986356E-13
1.43274795330739  5.901149E-13
1.43308740077821  6.036969E-13
1.43342684824903  6.067234E-13
1.43376629571985  6.033277E-13
1.43410574319066  5.930722E-13
1.43444519066148  5.713394E-13
1.4347846381323  5.727940E-13
1.43512408560311  6.086179E-13
1.43546353307393  6.066074E-13
1.43580298054475  5.967950E-13
1.43614242801556  5.867662E-13
1.43648187548638  5.904755E-13
1.4368213229572  6.030087E-13
1.43716077042802  6.052130E-13
1.43750021789883  5.990081E-13
1.43783966536965  5.948438E-13
1.43817911284047  5.959165E-13
1.43851856031128  6.196248E-13
1.4388580077821  6.213062E-13
1.43919745525292  6.180451E-13
1.43953690272374  6.096184E-13
1.43987635019455  5.879406E-13
1.44021579766537  5.744804E-13
1.44055524513619  5.675102E-13
1.440894692607  5.630309E-13
1.44123414007782  5.721747E-13
1.44157358754864  5.811191E-13
1.44191303501946  5.930003E-13
1.44225248249027  5.978288E-13
1.44259192996109  5.813457E-13
1.44293137743191  5.748975E-13
1.44327082490272  5.866038E-13
1.44361027237354  6.104071E-13
1.44394971984436  6.071103E-13
1.44428916731518  5.944739E-13
1.44462861478599  5.792702E-13
1.44496806225681  5.754711E-13
1.44530750972763  5.823106E-13
1.44564695719844  5.897767E-13
1.44598640466926  6.027950E-13
1.44632585214008  6.078069E-13
1.4466652996109  6.029808E-13
1.44700474708171  5.928780E-13
1.44734419455253  5.894699E-13
1.44768364202335  6.036626E-13
1.44802308949416  6.169539E-13
1.44836253696498  6.141179E-13
1.4487019844358  6.080095E-13
1.44904143190662  6.065912E-13
1.44938087937743  6.066236E-13
1.44972032684825  6.150245E-13
1.45005977431907  6.145110E-13
1.45039922178988  6.056230E-13
1.4507386692607  5.813641E-13
1.45107811673152  5.672271E-13
1.45141756420234  5.686827E-13
1.45175701167315  5.939112E-13
1.45209645914397  6.034057E-13
1.45243590661479  6.043720E-13
1.4527753540856  6.130761E-13
1.45311480155642  6.085721E-13
1.45345424902724  5.945332E-13
1.45379369649806  5.901970E-13
1.45413314396887  5.860950E-13
1.45447259143969  5.814770E-13
1.45481203891051  5.782226E-13
1.45515148638132  5.792852E-13
1.45549093385214  5.808215E-13
1.45583038132296  5.736341E-13
1.45616982879378  5.780371E-13
1.45650927626459  5.787466E-13
1.45684872373541  5.804110E-13
1.45718817120623  5.822428E-13
1.45752761867704  5.852270E-13
1.45786706614786  5.928931E-13
1.45820651361868  5.976057E-13
1.4585459610895  6.078442E-13
1.45888540856031  6.085571E-13
1.45922485603113  6.109022E-13
1.45956430350195  6.133674E-13
1.45990375097276  6.067953E-13
1.46024319844358  5.990852E-13
1.4605826459144  5.899601E-13
1.46092209338521  5.783011E-13
1.46126154085603  5.787545E-13
1.46160098832685  5.729256E-13
1.46194043579767  5.762363E-13
1.46227988326848  5.840953E-13
1.4626193307393  5.839169E-13
1.46295877821012  5.813407E-13
1.46329822568093  5.727169E-13
1.46363767315175  5.683785E-13
1.46397712062257  5.920808E-13
1.46431656809339  5.997815E-13
1.4646560155642  6.004345E-13
1.46499546303502  5.977830E-13
1.46533491050584  5.910823E-13
1.46567435797665  5.810561E-13
1.46601380544747  5.826887E-13
1.46635325291829  5.740548E-13
1.46669270038911  5.742844E-13
1.46703214785992  5.815811E-13
1.46737159533074  5.871098E-13
1.46771104280156  5.966245E-13
1.46805049027237  5.895436E-13
1.46838993774319  5.771345E-13
1.46872938521401  5.710095E-13
1.46906883268483  5.743873E-13
1.46940828015564  5.826950E-13
1.46974772762646  5.851047E-13
1.47008717509728  5.835409E-13
1.47042662256809  5.879103E-13
1.47076607003891  5.776904E-13
1.47110551750973  5.658900E-13
1.47144496498055  5.656803E-13
1.47178441245136  5.765076E-13
1.47212385992218  5.790680E-13
1.472463307393  5.778652E-13
1.47280275486381  5.806426E-13
1.47314220233463  6.059301E-13
1.47348164980545  6.075613E-13
1.47382109727627  5.978033E-13
1.47416054474708  5.840448E-13
1.4744999922179  5.841469E-13
1.47483943968872  5.838266E-13
1.47517888715953  5.857456E-13
1.47551833463035  5.848321E-13
1.47585778210117  5.769368E-13
1.47619722957199  5.785770E-13
1.4765366770428  6.015164E-13
1.47687612451362  6.038653E-13
1.47721557198444  5.868559E-13
1.47755501945525  5.740166E-13
1.47789446692607  5.803700E-13
1.47823391439689  5.760160E-13
1.47857336186771  5.836761E-13
1.47891280933852  5.957015E-13
1.47925225680934  6.019715E-13
1.47959170428016  6.009397E-13
1.47993115175097  5.903371E-13
1.48027059922179  5.859760E-13
1.48061004669261  5.759338E-13
1.48094949416343  5.810530E-13
1.48128894163424  5.847848E-13
1.48162838910506  5.891360E-13
1.48196783657588  5.860910E-13
1.48230728404669  5.891539E-13
1.48264673151751  5.958334E-13
1.48298617898833  5.911746E-13
1.48332562645914  5.812926E-13
1.48366507392996  5.801358E-13
1.48400452140078  5.912295E-13
1.4843439688716  5.953329E-13
1.48468341634241  5.879620E-13
1.48502286381323  5.885322E-13
1.48536231128405  5.919499E-13
1.48570175875486  5.943205E-13
1.48604120622568  6.026992E-13
1.4863806536965  6.022725E-13
1.48672010116732  5.958453E-13
1.48705954863813  5.935141E-13
1.48739899610895  5.908893E-13
1.48773844357977  5.814179E-13
1.48807789105058  5.640748E-13
1.4884173385214  5.450068E-13
1.48875678599222  5.412381E-13
1.48909623346304  5.647085E-13
1.48943568093385  5.933326E-13
1.48977512840467  6.039877E-13
1.49011457587549  5.992791E-13
1.4904540233463  5.954598E-13
1.49079347081712  5.896521E-13
1.49113291828794  5.829260E-13
1.49147236575876  5.881720E-13
1.49181181322957  5.884877E-13
1.49215126070039  5.980942E-13
1.49249070817121  6.063382E-13
1.49283015564202  6.082321E-13
1.49316960311284  6.045757E-13
1.49350905058366  6.031453E-13
1.49384849805448  6.012345E-13
1.49418794552529  5.954847E-13
1.49452739299611  5.901378E-13
1.49486684046693  5.941349E-13
1.49520628793774  5.991890E-13
1.49554573540856  5.962858E-13
1.49588518287938  5.953906E-13
1.4962246303502  5.925273E-13
1.49656407782101  5.864405E-13
1.49690352529183  5.944201E-13
1.49724297276265  6.096889E-13
1.49758242023346  6.061648E-13
1.49792186770428  6.004051E-13
1.4982613151751  6.014170E-13
1.49860076264592  6.006086E-13
1.49894021011673  5.982404E-13
1.49927965758755  5.993321E-13
1.49961910505837  6.036833E-13
1.49995855252918  6.104459E-13
1.500298  6.116974E-13
1.50063744747082  6.058935E-13
1.50097689494164  5.933124E-13
1.50131634241245  5.925879E-13
1.50165578988327  5.980371E-13
1.50199523735409  6.014357E-13
1.5023346848249  5.921370E-13
1.50267413229572  5.741229E-13
1.50301357976654  5.498263E-13
1.50335302723736  5.492973E-13
1.50369247470817  5.712047E-13
1.50403192217899  5.870125E-13
1.50437136964981  5.790701E-13
1.50471081712062  5.661299E-13
1.50505026459144  5.616567E-13
1.50538971206226  5.585876E-13
1.50572915953308  5.567141E-13
1.50606860700389  5.690258E-13
1.50640805447471  5.910033E-13
1.50674750194553  6.020080E-13
1.50708694941634  6.075935E-13
1.50742639688716  6.110306E-13
1.50776584435798  6.160739E-13
1.50810529182879  6.079148E-13
1.50844473929961  5.958602E-13
1.50878418677043  5.895740E-13
1.50912363424125  5.973362E-13
1.50946308171206  6.142081E-13
1.50980252918288  6.140991E-13
1.5101419766537  6.018212E-13
1.51048142412451  5.905882E-13
1.51082087159533  5.948664E-13
1.51116031906615  6.016343E-13
1.51149976653697  6.067617E-13
1.51183921400778  6.127683E-13
1.5121786614786  6.109398E-13
1.51251810894942  6.081688E-13
1.51285755642023  6.025704E-13
1.51319700389105  5.975325E-13
1.51353645136187  5.955743E-13
1.51387589883269  5.883914E-13
1.5142153463035  5.844497E-13
1.51455479377432  5.948093E-13
1.51489424124514  6.038793E-13
1.51523368871595  6.008491E-13
1.51557313618677  6.021415E-13
1.51591258365759  6.192652E-13
1.51625203112841  6.190769E-13
1.51659147859922  5.983004E-13
1.51693092607004  5.889827E-13
1.51727037354086  5.918584E-13
1.51760982101167  6.012990E-13
1.51794926848249  6.028372E-13
1.51828871595331  6.068757E-13
1.51862816342413  6.107006E-13
1.51896761089494  6.076006E-13
1.51930705836576  6.048686E-13
1.51964650583658  6.038016E-13
1.51998595330739  6.062973E-13
1.52032540077821  6.039476E-13
1.52066484824903  6.054003E-13
1.52100429571985  6.098597E-13
1.52134374319066  6.120544E-13
1.52168319066148  6.113055E-13
1.5220226381323  6.103585E-13
1.52236208560311  6.047000E-13
1.52270153307393  5.915594E-13
1.52304098054475  5.918075E-13
1.52338042801557  6.014356E-13
1.52371987548638  6.170950E-13
1.5240593229572  6.262152E-13
1.52439877042802  6.237256E-13
1.52473821789883  6.129991E-13
1.52507766536965  6.027904E-13
1.52541711284047  6.011199E-13
1.52575656031129  6.092465E-13
1.5260960077821  6.126537E-13
1.52643545525292  6.098780E-13
1.52677490272374  6.036168E-13
1.52711435019455  5.936078E-13
1.52745379766537  5.957816E-13
1.52779324513619  6.092629E-13
1.52813269260701  6.178095E-13
1.52847214007782  6.122801E-13
1.52881158754864  6.030403E-13
1.52915103501946  5.995819E-13
1.52949048249027  6.060106E-13
1.52982992996109  5.956202E-13
1.53016937743191  5.872164E-13
1.53050882490272  5.948215E-13
1.53084827237354  6.164472E-13
1.53118771984436  6.311510E-13
1.53152716731518  6.303262E-13
1.53186661478599  6.251009E-13
1.53220606225681  6.195686E-13
1.53254550972763  6.143131E-13
1.53288495719844  6.132767E-13
1.53322440466926  6.159856E-13
1.53356385214008  6.175903E-13
1.5339032996109  6.137403E-13
1.53424274708171  6.083867E-13
1.53458219455253  6.069732E-13
1.53492164202335  6.106640E-13
1.53526108949416  6.143841E-13
1.53560053696498  6.175475E-13
1.5359399844358  6.195233E-13
1.53627943190662  6.177692E-13
1.53661887937743  6.204135E-13
1.53695832684825  6.210983E-13
1.53729777431907  6.224451E-13
1.53763722178988  6.184730E-13
1.5379766692607  6.038893E-13
1.53831611673152  5.945991E-13
1.53865556420234  5.978167E-13
1.53899501167315  6.059010E-13
1.53933445914397  6.085880E-13
1.53967390661479  6.080225E-13
1.5400133540856  6.015503E-13
1.54035280155642  5.975722E-13
1.54069224902724  5.954987E-13
1.54103169649806  5.965336E-13
1.54137114396887  6.009001E-13
1.54171059143969  6.125705E-13
1.54205003891051  6.265093E-13
1.54238948638132  6.208400E-13
1.54272893385214  6.044016E-13
1.54306838132296  5.937070E-13
1.54340782879378  5.948599E-13
1.54374727626459  6.006567E-13
1.54408672373541  6.062979E-13
1.54442617120623  6.084892E-13
1.54476561867704  6.182742E-13
1.54510506614786  6.314060E-13
1.54544451361868  6.351478E-13
1.5457839610895  6.338806E-13
1.54612340856031  6.306718E-13
1.54646285603113  6.220080E-13
1.54680230350195  6.161843E-13
1.54714175097276  6.139350E-13
1.54748119844358  6.172289E-13
1.5478206459144  6.147681E-13
1.54816009338522  6.111129E-13
1.54849954085603  6.151245E-13
1.54883898832685  6.230787E-13
1.54917843579767  6.274328E-13
1.54951788326848  6.304807E-13
1.5498573307393  6.283206E-13
1.55019677821012  6.202122E-13
1.55053622568093  6.066459E-13
1.55087567315175  6.006140E-13
1.55121512062257  6.017530E-13
1.55155456809339  6.118506E-13
1.5518940155642  6.175314E-13
1.55223346303502  6.191508E-13
1.55257291050584  6.256712E-13
1.55291235797666  6.294402E-13
1.55325180544747  6.274369E-13
1.55359125291829  6.247596E-13
1.55393070038911  6.114885E-13
1.55427014785992  5.950008E-13
1.55460959533074  5.900134E-13
1.55494904280156  5.933919E-13
1.55528849027237  6.028905E-13
1.55562793774319  6.153883E-13
1.55596738521401  6.049309E-13
1.55630683268483  5.871720E-13
1.55664628015564  5.830650E-13
1.55698572762646  5.931199E-13
1.55732517509728  6.059698E-13
1.55766462256809  6.042723E-13
1.55800407003891  6.013989E-13
1.55834351750973  5.949493E-13
1.55868296498055  5.850927E-13
1.55902241245136  5.852958E-13
1.55936185992218  5.899837E-13
1.559701307393  5.856029E-13
1.56004075486381  5.842147E-13
1.56038020233463  5.922833E-13
1.56071964980545  6.010593E-13
1.56105909727627  6.040188E-13
1.56139854474708  5.999933E-13
1.5617379922179  6.002099E-13
1.56207743968872  6.015994E-13
1.56241688715953  6.041233E-13
1.56275633463035  6.055749E-13
1.56309578210117  6.041424E-13
1.56343522957199  6.006194E-13
1.5637746770428  6.011977E-13
1.56411412451362  6.041393E-13
1.56445357198444  6.126098E-13
1.56479301945525  6.232516E-13
1.56513246692607  6.179196E-13
1.56547191439689  6.058749E-13
1.56581136186771  5.978227E-13
1.56615080933852  6.013345E-13
1.56649025680934  6.069300E-13
1.56682970428016  6.116932E-13
1.56716915175097  6.110398E-13
1.56750859922179  6.152857E-13
1.56784804669261  6.198528E-13
1.56818749416343  6.171919E-13
1.56852694163424  6.071267E-13
1.56886638910506  5.992101E-13
1.56920583657588  5.957028E-13
1.56954528404669  5.927127E-13
1.56988473151751  5.911771E-13
1.57022417898833  5.908083E-13
1.57056362645915  5.947452E-13
1.57090307392996  6.022947E-13
1.57124252140078  6.117254E-13
1.5715819688716  6.209300E-13
1.57192141634241  6.171933E-13
1.57226086381323  6.087213E-13
1.57260031128405  6.010718E-13
1.57293975875486  6.005329E-13
1.57327920622568  5.998990E-13
1.5736186536965  6.041687E-13
1.57395810116732  6.133549E-13
1.57429754863813  6.206053E-13
1.57463699610895  6.117386E-13
1.57497644357977  6.013275E-13
1.57531589105059  5.966118E-13
1.5756553385214  6.000773E-13
1.57599478599222  6.053529E-13
1.57633423346304  6.098910E-13
1.57667368093385  6.061197E-13
1.57701312840467  5.890894E-13
1.57735257587549  5.641474E-13
1.5776920233463  5.570255E-13
1.57803147081712  5.580200E-13
1.57837091828794  5.606757E-13
1.57871036575876  5.666692E-13
1.57904981322957  5.768188E-13
1.57938926070039  5.821085E-13
1.57972870817121  5.873208E-13
1.58006815564202  5.945312E-13
1.58040760311284  5.971851E-13
1.58074705058366  6.016135E-13
1.58108649805448  6.057545E-13
1.58142594552529  6.074550E-13
1.58176539299611  6.049599E-13
1.58210484046693  5.973382E-13
1.58244428793774  5.869249E-13
1.58278373540856  5.834730E-13
1.58312318287938  5.872227E-13
1.5834626303502  5.934539E-13
1.58380207782101  5.900734E-13
1.58414152529183  5.812664E-13
1.58448097276265  5.770548E-13
1.58482042023346  5.918163E-13
1.58515986770428  6.067074E-13
1.5854993151751  6.115511E-13
1.58583876264592  6.144848E-13
1.58617821011673  6.194943E-13
1.58651765758755  6.180348E-13
1.58685710505837  6.082756E-13
1.58719655252918  5.944089E-13
1.587536  5.930365E-13
1.58787544747082  5.976280E-13
1.58821489494164  5.957329E-13
1.58855434241245  5.845200E-13
1.58889378988327  5.671717E-13
1.58923323735409  5.405621E-13
1.5895726848249  5.218163E-13
1.58991213229572  5.198582E-13
1.59025157976654  5.339321E-13
1.59059102723736  5.565469E-13
1.59093047470817  5.779903E-13
1.59126992217899  5.863423E-13
1.59160936964981  5.867607E-13
1.59194881712062  5.917226E-13
1.59228826459144  5.977363E-13
1.59262771206226  6.059040E-13
1.59296715953308  6.140164E-13
1.59330660700389  6.183340E-13
1.59364605447471  6.221015E-13
1.59398550194553  6.256492E-13
1.59432494941634  6.273150E-13
1.59466439688716  6.196289E-13
1.59500384435798  6.148572E-13
1.5953432918288  6.222789E-13
1.59568273929961  6.343787E-13
1.59602218677043  6.306002E-13
1.59636163424125  6.073521E-13
1.59670108171206  5.895502E-13
1.59704052918288  5.851619E-13
1.5973799766537  5.913324E-13
1.59771942412451  6.040646E-13
1.59805887159533  6.094395E-13
1.59839831906615  5.935033E-13
1.59873776653697  5.661967E-13
1.59907721400778  5.623275E-13
1.5994166614786  5.803222E-13
1.59975610894942  5.985598E-13
1.60009555642023  6.062247E-13
1.60043500389105  6.059243E-13
1.60077445136187  5.992722E-13
1.60111389883269  5.867003E-13
1.6014533463035  5.774121E-13
1.60179279377432  5.813374E-13
1.60213224124514  5.912743E-13
1.60247168871595  5.977620E-13
1.60281113618677  5.997577E-13
1.60315058365759  6.087570E-13
1.60349003112841  6.132833E-13
1.60382947859922  6.203508E-13
1.60416892607004  6.131483E-13
1.60450837354086  5.952440E-13
1.60484782101167  5.849092E-13
1.60518726848249  5.970474E-13
1.60552671595331  6.132324E-13
1.60586616342413  6.176549E-13
1.60620561089494  6.117879E-13
1.60654505836576  6.036241E-13
1.60688450583658  5.946606E-13
1.60722395330739  5.920755E-13
1.60756340077821  5.980043E-13
1.60790284824903  5.945926E-13
1.60824229571985  5.906726E-13
1.60858174319066  5.981722E-13
1.60892119066148  6.116814E-13
1.6092606381323  6.180615E-13
1.60960008560311  6.126591E-13
1.60993953307393  5.958686E-13
1.61027898054475  5.883592E-13
1.61061842801557  5.847565E-13
1.61095787548638  5.836826E-13
1.6112973229572  5.877290E-13
1.61163677042802  5.962241E-13
1.61197621789883  5.944152E-13
1.61231566536965  5.928374E-13
1.61265511284047  5.970620E-13
1.61299456031129  5.983726E-13
1.6133340077821  5.979401E-13
1.61367345525292  6.025328E-13
1.61401290272374  6.094369E-13
1.61435235019455  6.185929E-13
1.61469179766537  6.293896E-13
1.61503124513619  6.364408E-13
1.61537069260701  6.308380E-13
1.61571014007782  6.176713E-13
1.61604958754864  6.055396E-13
1.61638903501946  6.029657E-13
1.61672848249027  6.049607E-13
1.61706792996109  6.072232E-13
1.61740737743191  6.109899E-13
1.61774682490273  6.229495E-13
1.61808627237354  6.278820E-13
1.61842571984436  6.191895E-13
1.61876516731518  6.056733E-13
1.61910461478599  5.818322E-13
1.61944406225681  5.622806E-13
1.61978350972763  5.532443E-13
1.62012295719844  5.545100E-13
1.62046240466926  5.620306E-13
1.62080185214008  5.659367E-13
1.6211412996109  5.631586E-13
1.62148074708171  5.671940E-13
1.62182019455253  5.760855E-13
1.62215964202335  5.834011E-13
1.62249908949416  5.875564E-13
1.62283853696498  5.929195E-13
1.6231779844358  5.979031E-13
1.62351743190662  5.961633E-13
1.62385687937743  5.971951E-13
1.62419632684825  6.027538E-13
1.62453577431907  6.066910E-13
1.62487522178988  6.002216E-13
1.6252146692607  5.882345E-13
1.62555411673152  5.867183E-13
1.62589356420234  5.903122E-13
1.62623301167315  5.946106E-13
1.62657245914397  6.047925E-13
1.62691190661479  6.156778E-13
1.6272513540856  6.216537E-13
1.62759080155642  6.249519E-13
1.62793024902724  6.277098E-13
1.62826969649806  6.288091E-13
1.62860914396887  6.279467E-13
1.62894859143969  6.252694E-13
1.62928803891051  6.222126E-13
1.62962748638132  6.211758E-13
1.62996693385214  6.259204E-13
1.63030638132296  6.257220E-13
1.63064582879378  6.251801E-13
1.63098527626459  6.253965E-13
1.63132472373541  6.238305E-13
1.63166417120623  6.153957E-13
1.63200361867704  6.071595E-13
1.63234306614786  6.018672E-13
1.63268251361868  6.007957E-13
1.6330219610895  6.046250E-13
1.63336140856031  6.178527E-13
1.63370085603113  6.286379E-13
1.63404030350195  6.336098E-13
1.63437975097276  6.261521E-13
1.63471919844358  6.237270E-13
1.6350586459144  6.282913E-13
1.63539809338522  6.308408E-13
1.63573754085603  6.225391E-13
1.63607698832685  6.169359E-13
1.63641643579767  6.165468E-13
1.63675588326848  6.144766E-13
1.6370953307393  6.056704E-13
1.63743477821012  6.037394E-13
1.63777422568094  6.147454E-13
1.63811367315175  6.180299E-13
1.63845312062257  6.034235E-13
1.63879256809339  5.810519E-13
1.6391320155642  5.780182E-13
1.63947146303502  5.964570E-13
1.63981091050584  6.054282E-13
1.64015035797666  5.875970E-13
1.64048980544747  5.596585E-13
1.64082925291829  5.511523E-13
1.64116870038911  5.525987E-13
1.64150814785992  5.505447E-13
1.64184759533074  5.559611E-13
1.64218704280156  5.741902E-13
1.64252649027238  5.937339E-13
1.64286593774319  6.043054E-13
1.64320538521401  6.033943E-13
1.64354483268483  6.014228E-13
1.64388428015564  6.020612E-13
1.64422372762646  5.990179E-13
1.64456317509728  5.949922E-13
1.64490262256809  5.870448E-13
1.64524207003891  5.836995E-13
1.64558151750973  5.889307E-13
1.64592096498055  5.961684E-13
1.64626041245136  6.056889E-13
1.64659985992218  6.124095E-13
1.646939307393  6.195336E-13
1.64727875486381  6.199940E-13
1.64761820233463  6.127761E-13
1.64795764980545  6.009806E-13
1.64829709727627  6.003086E-13
1.64863654474708  6.049124E-13
1.6489759922179  6.097263E-13
1.64931543968872  6.099486E-13
1.64965488715953  6.073011E-13
1.64999433463035  6.087561E-13
1.65033378210117  6.144906E-13
1.65067322957199  6.232297E-13
1.6510126770428  6.273532E-13
1.65135212451362  6.313051E-13
1.65169157198444  6.344624E-13
1.65203101945525  6.292528E-13
1.65237046692607  6.142213E-13
1.65270991439689  5.967984E-13
1.65304936186771  5.841825E-13
1.65338880933852  5.893339E-13
1.65372825680934  6.077918E-13
1.65406770428016  6.095968E-13
1.65440715175097  5.964065E-13
1.65474659922179  5.930213E-13
1.65508604669261  5.961037E-13
1.65542549416343  6.064408E-13
1.65576494163424  6.134571E-13
1.65610438910506  6.196350E-13
1.65644383657588  6.191109E-13
1.65678328404669  6.180292E-13
1.65712273151751  6.203407E-13
1.65746217898833  6.274225E-13
1.65780162645915  6.315143E-13
1.65814107392996  6.307609E-13
1.65848052140078  6.276928E-13
1.6588199688716  6.166995E-13
1.65915941634241  6.137690E-13
1.65949886381323  6.162135E-13
1.65983831128405  6.183820E-13
1.66017775875487  6.178537E-13
1.66051720622568  6.194534E-13
1.6608566536965  6.196527E-13
1.66119610116732  6.140104E-13
1.66153554863813  6.052301E-13
1.66187499610895  5.946767E-13
1.66221444357977  5.827181E-13
1.66255389105059  5.724918E-13
1.6628933385214  5.770522E-13
1.66323278599222  5.879264E-13
1.66357223346304  5.983220E-13
1.66391168093385  6.013480E-13
1.66425112840467  6.032079E-13
1.66459057587549  6.093355E-13
1.66493002334631  6.116337E-13
1.66526947081712  6.059633E-13
1.66560891828794  5.996272E-13
1.66594836575876  5.919105E-13
1.66628781322957  5.879299E-13
1.66662726070039  5.827677E-13
1.66696670817121  5.849786E-13
1.66730615564202  5.883478E-13
1.66764560311284  5.964543E-13
1.66798505058366  5.998026E-13
1.66832449805448  5.995732E-13
1.66866394552529  5.934261E-13
1.66900339299611  5.925366E-13
1.66934284046693  5.948548E-13
1.66968228793774  6.029654E-13
1.67002173540856  6.076298E-13
1.67036118287938  6.140085E-13
1.6707006303502  6.216069E-13
1.67104007782101  6.230516E-13
1.67137952529183  6.125248E-13
1.67171897276265  6.038015E-13
1.67205842023346  5.997017E-13
1.67239786770428  5.901061E-13
1.6727373151751  5.802864E-13
1.67307676264592  5.791962E-13
1.67341621011673  5.843804E-13
1.67375565758755  5.973291E-13
1.67409510505837  6.116675E-13
1.67443455252918  6.237102E-13
1.674774  6.248639E-13
1.67511344747082  6.217300E-13
1.67545289494164  6.016439E-13
1.67579234241245  5.725693E-13
1.67613178988327  5.700683E-13
1.67647123735409  5.879747E-13
1.6768106848249  5.959729E-13
1.67715013229572  5.958856E-13
1.67748957976654  6.031795E-13
1.67782902723736  6.198615E-13
1.67816847470817  6.276492E-13
1.67850792217899  6.282246E-13
1.67884736964981  6.232449E-13
1.67918681712062  6.168572E-13
1.67952626459144  6.155769E-13
1.67986571206226  6.168926E-13
1.68020515953308  6.135083E-13
1.68054460700389  6.107187E-13
1.68088405447471  6.097300E-13
1.68122350194553  6.048811E-13
1.68156294941634  6.039522E-13
1.68190239688716  6.048249E-13
1.68224184435798  6.068506E-13
1.6825812918288  6.053621E-13
1.68292073929961  6.018961E-13
1.68326018677043  6.037477E-13
1.68359963424125  6.097184E-13
1.68393908171206  6.077480E-13
1.68427852918288  5.932733E-13
1.6846179766537  5.754801E-13
1.68495742412452  5.753120E-13
1.68529687159533  5.862976E-13
1.68563631906615  5.948078E-13
1.68597576653697  5.991061E-13
1.68631521400778  6.034644E-13
1.6866546614786  5.997925E-13
1.68699410894942  5.858949E-13
1.68733355642023  5.775335E-13
1.68767300389105  5.800532E-13
1.68801245136187  5.862992E-13
1.68835189883269  5.906865E-13
1.6886913463035  5.900060E-13
1.68903079377432  5.853473E-13
1.68937024124514  5.763374E-13
1.68970968871596  5.709279E-13
1.69004913618677  5.738382E-13
1.69038858365759  5.840282E-13
1.69072803112841  5.911407E-13
1.69106747859922  5.902196E-13
1.69140692607004  5.872126E-13
1.69174637354086  5.943716E-13
1.69208582101167  6.018080E-13
1.69242526848249  6.018157E-13
1.69276471595331  6.035366E-13
1.69310416342413  6.041424E-13
1.69344361089494  6.017360E-13
1.69378305836576  5.966713E-13
1.69412250583658  6.027265E-13
1.69446195330739  6.086711E-13
1.69480140077821  6.052194E-13
1.69514084824903  6.015546E-13
1.69548029571985  6.011292E-13
1.69581974319066  6.015686E-13
1.69615919066148  6.027612E-13
1.6964986381323  6.020790E-13
1.69683808560311  5.956915E-13
1.69717753307393  5.904126E-13
1.69751698054475  5.868295E-13
1.69785642801557  5.854429E-13
1.69819587548638  5.923411E-13
1.6985353229572  6.017930E-13
1.69887477042802  6.094748E-13
1.69921421789883  6.069030E-13
1.69955366536965  6.032166E-13
1.69989311284047  5.967661E-13
1.70023256031129  5.899747E-13
1.7005720077821  5.849306E-13
1.70091145525292  5.821645E-13
1.70125090272374  5.755119E-13
1.70159035019455  5.736919E-13
1.70192979766537  5.848680E-13
1.70226924513619  5.972225E-13
1.70260869260701  6.018999E-13
1.70294814007782  6.024717E-13
1.70328758754864  6.028235E-13
1.70362703501946  6.072813E-13
1.70396648249027  5.994177E-13
1.70430592996109  5.901093E-13
1.70464537743191  5.907649E-13
1.70498482490273  5.981559E-13
1.70532427237354  5.995627E-13
1.70566371984436  5.880567E-13
1.70600316731518  5.819522E-13
1.70634261478599  5.860286E-13
1.70668206225681  5.789277E-13
1.70702150972763  5.608069E-13
1.70736095719845  5.476635E-13
1.70770040466926  5.488611E-13
1.70803985214008  5.571496E-13
1.7083792996109  5.629853E-13
1.70871874708171  5.652077E-13
1.70905819455253  5.660733E-13
1.70939764202335  5.703049E-13
1.70973708949416  5.772427E-13
1.71007653696498  5.770862E-13
1.7104159844358  5.706552E-13
1.71075543190662  5.589701E-13
1.71109487937743  5.470496E-13
1.71143432684825  5.286661E-13
1.71177377431907  5.249790E-13
1.71211322178989  5.398734E-13
1.7124526692607  5.626134E-13
1.71279211673152  5.753081E-13
1.71313156420234  5.846633E-13
1.71347101167315  5.879338E-13
1.71381045914397  5.841894E-13
1.71414990661479  5.777639E-13
1.7144893540856  5.716743E-13
1.71482880155642  5.686852E-13
1.71516824902724  5.752311E-13
1.71550769649806  5.861221E-13
1.71584714396887  5.841631E-13
1.71618659143969  5.755831E-13
1.71652603891051  5.676700E-13
1.71686548638132  5.690775E-13
1.71720493385214  5.682928E-13
1.71754438132296  5.637746E-13
1.71788382879378  5.606760E-13
1.71822327626459  5.660192E-13
1.71856272373541  5.698463E-13
1.71890217120623  5.668373E-13
1.71924161867704  5.649883E-13
1.71958106614786  5.627382E-13
1.71992051361868  5.625843E-13
1.7202599610895  5.669687E-13
1.72059940856031  5.707851E-13
1.72093885603113  5.708641E-13
1.72127830350195  5.614026E-13
1.72161775097276  5.509207E-13
1.72195719844358  5.593269E-13
1.7222966459144  5.753976E-13
1.72263609338522  5.738538E-13
1.72297554085603  5.578031E-13
1.72331498832685  5.425411E-13
1.72365443579767  5.357486E-13
1.72399388326848  5.374759E-13
1.7243333307393  5.497985E-13
1.72467277821012  5.531271E-13
1.72501222568094  5.533012E-13
1.72535167315175  5.575468E-13
1.72569112062257  5.671763E-13
1.72603056809339  5.724102E-13
1.7263700155642  5.690070E-13
1.72670946303502  5.601147E-13
1.72704891050584  5.551186E-13
1.72738835797666  5.549487E-13
1.72772780544747  5.606297E-13
1.72806725291829  5.636222E-13
1.72840670038911  5.600702E-13
1.72874614785992  5.564019E-13
1.72908559533074  5.578203E-13
1.72942504280156  5.548660E-13
1.72976449027238  5.504398E-13
1.73010393774319  5.437296E-13
1.73044338521401  5.395115E-13
1.73078283268483  5.401496E-13
1.73112228015564  5.458709E-13
1.73146172762646  5.439711E-13
1.73180117509728  5.332713E-13
1.7321406225681  5.240814E-13
1.73248007003891  5.183201E-13
1.73281951750973  5.192214E-13
1.73315896498055  5.192361E-13
1.73349841245136  5.167774E-13
1.73383785992218  5.211445E-13
1.734177307393  5.254166E-13
1.73451675486381  5.209668E-13
1.73485620233463  5.150198E-13
1.73519564980545  5.179392E-13
1.73553509727627  5.276294E-13
1.73587454474708  5.310080E-13
1.7362139922179  5.315537E-13
1.73655343968872  5.304549E-13
1.73689288715953  5.239963E-13
1.73723233463035  5.206524E-13
1.73757178210117  5.269227E-13
1.73791122957199  5.425418E-13
1.7382506770428  5.448301E-13
1.73859012451362  5.408978E-13
1.73892957198444  5.404500E-13
1.73926901945525  5.416246E-13
1.73960846692607  5.433819E-13
1.73994791439689  5.429712E-13
1.74028736186771  5.416952E-13
1.74062680933852  5.347533E-13
1.74096625680934  5.263185E-13
1.74130570428016  5.259047E-13
1.74164515175097  5.238314E-13
1.74198459922179  5.308656E-13
1.74232404669261  5.438953E-13
1.74266349416343  5.446022E-13
1.74300294163424  5.349113E-13
1.74334238910506  5.302733E-13
1.74368183657588  5.356166E-13
1.74402128404669  5.386512E-13
1.74436073151751  5.427896E-13
1.74470017898833  5.461833E-13
1.74503962645915  5.445054E-13
1.74537907392996  5.389011E-13
1.74571852140078  5.346108E-13
1.7460579688716  5.334551E-13
1.74639741634241  5.404851E-13
1.74673686381323  5.411967E-13
1.74707631128405  5.279021E-13
1.74741575875487  5.161006E-13
1.74775520622568  5.171545E-13
1.7480946536965  5.267160E-13
1.74843410116732  5.345898E-13
1.74877354863813  5.356962E-13
1.74911299610895  5.390464E-13
1.74945244357977  5.445068E-13
1.74979189105059  5.414916E-13
1.7501313385214  5.367903E-13
1.75047078599222  5.292966E-13
1.75081023346304  5.178516E-13
1.75114968093385  5.143771E-13
1.75148912840467  5.196091E-13
1.75182857587549  5.228104E-13
1.75216802334631  5.230929E-13
1.75250747081712  5.248239E-13
1.75284691828794  5.243348E-13
1.75318636575876  5.279820E-13
1.75352581322957  5.269839E-13
1.75386526070039  5.192567E-13
1.75420470817121  5.121393E-13
1.75454415564203  5.036567E-13
1.75488360311284  5.028421E-13
1.75522305058366  5.114891E-13
1.75556249805448  5.103581E-13
1.75590194552529  5.100780E-13
1.75624139299611  5.107466E-13
1.75658084046693  5.101446E-13
1.75692028793774  5.175388E-13
1.75725973540856  5.199739E-13
1.75759918287938  5.247681E-13
1.7579386303502  5.227997E-13
1.75827807782101  5.168461E-13
1.75861752529183  5.133260E-13
1.75895697276265  5.105258E-13
1.75929642023346  5.127836E-13
1.75963586770428  5.189991E-13
1.7599753151751  5.213349E-13
1.76031476264592  5.199488E-13
1.76065421011673  5.209441E-13
1.76099365758755  5.152341E-13
1.76133310505837  5.022209E-13
1.76167255252918  4.970194E-13
1.762012  5.026784E-13
1.76235144747082  5.003135E-13
1.76269089494164  4.911991E-13
1.76303034241245  4.889575E-13
1.76336978988327  4.991183E-13
1.76370923735409  5.107659E-13
1.7640486848249  5.229555E-13
1.76438813229572  5.229451E-13
1.76472757976654  5.117035E-13
1.76506702723736  5.091022E-13
1.76540647470817  5.177177E-13
1.76574592217899  5.269618E-13
1.76608536964981  5.252402E-13
1.76642481712062  5.211978E-13
1.76676426459144  5.339746E-13
1.76710371206226  5.240372E-13
1.76744315953308  5.096106E-13
1.76778260700389  5.095277E-13
1.76812205447471  5.074788E-13
1.76846150194553  4.973390E-13
1.76880094941634  4.888941E-13
1.76914039688716  4.918912E-13
1.76947984435798  5.020546E-13
1.7698192918288  5.119369E-13
1.77015873929961  5.130340E-13
1.77049818677043  5.102426E-13
1.77083763424125  5.096923E-13
1.77117708171206  5.050332E-13
1.77151652918288  4.968085E-13
1.7718559766537  4.964886E-13
1.77219542412452  5.036704E-13
1.77253487159533  5.020681E-13
1.77287431906615  4.901121E-13
1.77321376653697  4.835357E-13
1.77355321400778  4.918527E-13
1.7738926614786  5.082550E-13
1.77423210894942  5.128038E-13
1.77457155642024  5.076838E-13
1.77491100389105  4.960218E-13
1.77525045136187  4.890743E-13
1.77558989883269  4.924413E-13
1.7759293463035  4.941032E-13
1.77626879377432  4.925421E-13
1.77660824124514  4.822556E-13
1.77694768871596  4.833622E-13
1.77728713618677  4.857753E-13
1.77762658365759  4.848388E-13
1.77796603112841  4.814496E-13
1.77830547859922  4.823879E-13
1.77864492607004  4.908226E-13
1.77898437354086  4.938340E-13
1.77932382101168  4.832345E-13
1.77966326848249  4.800026E-13
1.78000271595331  4.852441E-13
1.78034216342413  4.935825E-13
1.78068161089494  5.027986E-13
1.78102105836576  5.046200E-13
1.78136050583658  4.979017E-13
1.78169995330739  4.765381E-13
1.78203940077821  4.735611E-13
1.78237884824903  4.852574E-13
1.78271829571985  4.884317E-13
1.78305774319066  4.821099E-13
1.78339719066148  4.787754E-13
1.7837366381323  4.847158E-13
1.78407608560311  4.896667E-13
1.78441553307393  4.923090E-13
1.78475498054475  4.882346E-13
1.78509442801557  4.760705E-13
1.78543387548638  4.644876E-13
1.7857733229572  4.729418E-13
1.78611277042802  4.694402E-13
1.78645221789883  4.728283E-13
1.78679166536965  4.870082E-13
1.78713111284047  4.882084E-13
1.78747056031129  4.745793E-13
1.7878100077821  4.764275E-13
1.78814945525292  4.911080E-13
1.78848890272374  4.949219E-13
1.78882835019455  4.923011E-13
1.78916779766537  4.879156E-13
1.78950724513619  4.900553E-13
1.78984669260701  4.994177E-13
1.79018614007782  5.044585E-13
1.79052558754864  5.005154E-13
1.79086503501946  4.852134E-13
1.79120448249027  4.786767E-13
1.79154392996109  4.797631E-13
1.79188337743191  4.802915E-13
1.79222282490273  4.824611E-13
1.79256227237354  4.810372E-13
1.79290171984436  4.843224E-13
1.79324116731518  4.835646E-13
1.79358061478599  4.839295E-13
1.79392006225681  4.687579E-13
1.79425950972763  4.587349E-13
1.79459895719845  4.625230E-13
1.79493840466926  4.700734E-13
1.79527785214008  4.734476E-13
1.7956172996109  4.748891E-13
1.79595674708171  4.875589E-13
1.79629619455253  4.877006E-13
1.79663564202335  4.704223E-13
1.79697508949417  4.747748E-13
1.79731453696498  4.795164E-13
1.7976539844358  4.835767E-13
1.79799343190662  4.868188E-13
1.79833287937743  4.851495E-13
1.79867232684825  4.850013E-13
1.79901177431907  4.871627E-13
1.79935122178989  4.796027E-13
1.7996906692607  4.737954E-13
1.80003011673152  4.690568E-13
1.80036956420234  4.634730E-13
1.80070901167315  4.653944E-13
1.80104845914397  4.613497E-13
1.80138790661479  4.476051E-13
1.80172735408561  4.432570E-13
1.80206680155642  4.549085E-13
1.80240624902724  4.622189E-13
1.80274569649806  4.571975E-13
1.80308514396887  4.498194E-13
1.80342459143969  4.573278E-13
1.80376403891051  4.602549E-13
1.80410348638132  4.563635E-13
1.80444293385214  4.631889E-13
1.80478238132296  4.697582E-13
1.80512182879378  4.653571E-13
1.80546127626459  4.695063E-13
1.80580072373541  4.663836E-13
1.80614017120623  4.567670E-13
1.80647961867704  4.397988E-13
1.80681906614786  4.417293E-13
1.80715851361868  4.659511E-13
1.8074979610895  4.685475E-13
1.80783740856031  4.584697E-13
1.80817685603113  4.634522E-13
1.80851630350195  4.707291E-13
1.80885575097276  4.663427E-13
1.80919519844358  4.633856E-13
1.8095346459144  4.680878E-13
1.80987409338522  4.762414E-13
1.81021354085603  4.724193E-13
1.81055298832685  4.680148E-13
1.81089243579767  4.583616E-13
1.81123188326848  4.493814E-13
1.8115713307393  4.491136E-13
1.81191077821012  4.642212E-13
1.81225022568094  4.641885E-13
1.81258967315175  4.542151E-13
1.81292912062257  4.428515E-13
1.81326856809339  4.428935E-13
1.8136080155642  4.569244E-13
1.81394746303502  4.641770E-13
1.81428691050584  4.723078E-13
1.81462635797666  4.800995E-13
1.81496580544747  4.750323E-13
1.81530525291829  4.702418E-13
1.81564470038911  4.596044E-13
1.81598414785992  4.542691E-13
1.81632359533074  4.416333E-13
1.81666304280156  4.396967E-13
1.81700249027238  4.696094E-13
1.81734193774319  4.619837E-13
1.81768138521401  4.475500E-13
1.81802083268483  4.496305E-13
1.81836028015564  4.498249E-13
1.81869972762646  4.498735E-13
1.81903917509728  4.431240E-13
1.8193786225681  4.494176E-13
1.81971807003891  4.610423E-13
1.82005751750973  4.527478E-13
1.82039696498055  4.608187E-13
1.82073641245136  4.669107E-13
1.82107585992218  4.719846E-13
1.821415307393  4.794275E-13
1.82175475486382  4.514690E-13
1.82209420233463  4.377726E-13
1.82243364980545  4.197291E-13
1.82277309727627  4.287275E-13
1.82311254474708  4.401753E-13
1.8234519922179  4.682784E-13
1.82379143968872  4.741723E-13
1.82413088715953  4.769258E-13
1.82447033463035  4.803399E-13
1.82480978210117  4.799154E-13
1.82514922957199  4.739624E-13
1.8254886770428  4.652708E-13
1.82582812451362  4.631998E-13
1.82616757198444  4.695815E-13
1.82650701945526  4.784582E-13
1.82684646692607  4.999115E-13
1.82718591439689  4.642484E-13
1.82752536186771  4.549954E-13
1.82786480933852  4.471775E-13
1.82820425680934  4.430881E-13
1.82854370428016  4.486263E-13
1.82888315175097  4.488156E-13
1.82922259922179  4.408763E-13
1.82956204669261  4.578468E-13
1.82990149416343  4.650505E-13
1.83024094163424  4.622111E-13
1.83058038910506  4.550286E-13
1.83091983657588  4.471537E-13
1.83125928404669  4.518727E-13
1.83159873151751  4.523916E-13
1.83193817898833  4.625214E-13
1.83227762645915  4.567332E-13
1.83261707392996  4.457232E-13
1.83295652140078  4.454342E-13
1.8332959688716  4.391162E-13
1.83363541634241  4.537909E-13
1.83397486381323  4.624240E-13
1.83431431128405  4.600361E-13
1.83465375875487  4.570148E-13
1.83499320622568  4.500952E-13
1.8353326536965  4.730469E-13
1.83567210116732  4.561896E-13
1.83601154863813  4.510990E-13
1.83635099610895  4.675113E-13
1.83669044357977  5.159192E-13
1.83702989105059  4.629527E-13
1.8373693385214  4.393114E-13
1.83770878599222  4.404217E-13
1.83804823346304  3.779520E-13
1.83838768093385  4.195050E-13
1.83872712840467  4.387312E-13
1.83906657587549  4.638993E-13
1.83940602334631  4.470821E-13
1.83974547081712  4.436882E-13
1.84008491828794  4.428888E-13
1.84042436575876  4.168405E-13
1.84076381322957  4.668214E-13
1.84110326070039  4.503868E-13
1.84144270817121  4.368592E-13
1.84178215564203  4.788140E-13
1.84212160311284  4.938644E-13
1.84246105058366  -4.852354E-16
1.84280049805448  3.464305E-13
1.84313994552529  5.489612E-13
1.84347939299611  4.392201E-13
1.84381884046693  4.208270E-13
1.84415828793775  4.211115E-13
1.84449773540856  4.225180E-13
1.84483718287938  4.307193E-13
1.8451766303502  4.332525E-13
1.84551607782101  4.338343E-13
1.84585552529183  4.316550E-13
1.84619497276265  4.338270E-13
1.84653442023346  4.336651E-13
1.84687386770428  4.639032E-13
1.8472133151751  4.720638E-13
1.84755276264592  2.618544E-13
1.84789221011673  4.260675E-13
1.84823165758755  4.215509E-13
1.84857110505837  3.667979E-13
1.84891055252919  4.328965E-13
1.84925  4.460713E-13
