1.13263  6.997135E-13
1.13290144747082  7.081264E-13
1.13317289494163  7.038728E-13
1.13344434241245  6.913341E-13
1.13371578988327  6.673132E-13
1.13398723735409  6.681129E-13
1.1342586848249  6.790221E-13
1.13453013229572  6.837554E-13
1.13480157976654  6.647193E-13
1.13507302723735  6.872984E-13
1.13534447470817  7.184936E-13
1.13561592217899  7.007438E-13
1.13588736964981  6.886385E-13
1.13615881712062  6.765036E-13
1.13643026459144  6.899463E-13
1.13670171206226  7.173617E-13
1.13697315953307  7.068656E-13
1.13724460700389  7.064392E-13
1.13751605447471  6.885921E-13
1.13778750194553  6.792895E-13
1.13805894941634  6.810634E-13
1.13833039688716  6.743810E-13
1.13860184435798  6.691809E-13
1.13887329182879  6.794132E-13
1.13914473929961  6.927746E-13
1.13941618677043  6.890926E-13
1.13968763424125  6.831523E-13
1.13995908171206  6.824982E-13
1.14023052918288  6.887796E-13
1.1405019766537  6.978363E-13
1.14077342412451  6.704766E-13
1.14104487159533  6.580522E-13
1.14131631906615  6.856588E-13
1.14158776653697  6.956946E-13
1.14185921400778  6.953618E-13
1.1421306614786  6.884972E-13
1.14240210894942  6.852966E-13
1.14267355642023  6.955894E-13
1.14294500389105  6.892829E-13
1.14321645136187  6.917908E-13
1.14348789883269  7.001318E-13
1.1437593463035  6.963626E-13
1.14403079377432  6.837690E-13
1.14430224124514  6.796994E-13
1.14457368871595  6.735102E-13
1.14484513618677  6.994228E-13
1.14511658365759  7.020684E-13
1.14538803112841  7.016381E-13
1.14565947859922  6.998948E-13
1.14593092607004  7.111714E-13
1.14620237354086  7.093182E-13
1.14647382101167  6.976397E-13
1.14674526848249  6.903100E-13
1.14701671595331  7.042430E-13
1.14728816342413  7.095833E-13
1.14755961089494  7.006429E-13
1.14783105836576  6.985107E-13
1.14810250583658  7.019180E-13
1.14837395330739  6.993380E-13
1.14864540077821  6.955214E-13
1.14891684824903  6.879195E-13
1.14918829571984  6.929145E-13
1.14945974319066  7.003027E-13
1.14973119066148  7.015265E-13
1.1500026381323  7.066101E-13
1.15027408560311  7.169891E-13
1.15054553307393  7.111574E-13
1.15081698054475  7.033800E-13
1.15108842801556  6.962761E-13
1.15135987548638  7.032468E-13
1.1516313229572  7.132747E-13
1.15190277042802  7.185561E-13
1.15217421789883  7.145692E-13
1.15244566536965  7.196263E-13
1.15271711284047  7.128686E-13
1.15298856031128  7.069010E-13
1.1532600077821  7.076356E-13
1.15353145525292  7.079922E-13
1.15380290272374  7.126342E-13
1.15407435019455  7.173754E-13
1.15434579766537  7.183792E-13
1.15461724513619  7.152093E-13
1.154888692607  7.207765E-13
1.15516014007782  7.189236E-13
1.15543158754864  7.284738E-13
1.15570303501946  7.207111E-13
1.15597448249027  7.177896E-13
1.15624592996109  7.171455E-13
1.15651737743191  7.153737E-13
1.15678882490272  7.165254E-13
1.15706027237354  7.168549E-13
1.15733171984436  7.157383E-13
1.15760316731518  7.138064E-13
1.15787461478599  7.124816E-13
1.15814606225681  7.069655E-13
1.15841750972763  7.079885E-13
1.15868895719844  7.163897E-13
1.15896040466926  7.241100E-13
1.15923185214008  7.129831E-13
1.1595032996109  6.995349E-13
1.15977474708171  6.796533E-13
1.16004619455253  6.731384E-13
1.16031764202335  6.977423E-13
1.16058908949416  7.010800E-13
1.16086053696498  6.915201E-13
1.1611319844358  6.856760E-13
1.16140343190662  6.692105E-13
1.16167487937743  6.585155E-13
1.16194632684825  6.779420E-13
1.16221777431907  6.976641E-13
1.16248922178988  7.049620E-13
1.1627606692607  7.111625E-13
1.16303211673152  7.145517E-13
1.16330356420234  7.074045E-13
1.16357501167315  6.975071E-13
1.16384645914397  6.924444E-13
1.16411790661479  6.912416E-13
1.1643893540856  6.801333E-13
1.16466080155642  6.783628E-13
1.16493224902724  6.953892E-13
1.16520369649806  7.113751E-13
1.16547514396887  7.148224E-13
1.16574659143969  7.092621E-13
1.16601803891051  6.962364E-13
1.16628948638132  6.886780E-13
1.16656093385214  6.937215E-13
1.16683238132296  7.015666E-13
1.16710382879377  7.013695E-13
1.16737527626459  6.966971E-13
1.16764672373541  7.000715E-13
1.16791817120623  7.059510E-13
1.16818961867704  7.117582E-13
1.16846106614786  7.153610E-13
1.16873251361868  7.080577E-13
1.16900396108949  7.031407E-13
1.16927540856031  6.928966E-13
1.16954685603113  6.780452E-13
1.16981830350195  6.787691E-13
1.17008975097276  6.951891E-13
1.17036119844358  7.067043E-13
1.1706326459144  7.082840E-13
1.17090409338521  7.111640E-13
1.17117554085603  7.144081E-13
1.17144698832685  7.095527E-13
1.17171843579767  7.041723E-13
1.17198988326848  7.055605E-13
1.1722613307393  7.079961E-13
1.17253277821012  7.169066E-13
1.17280422568093  7.128866E-13
1.17307567315175  7.121327E-13
1.17334712062257  7.125203E-13
1.17361856809339  7.118901E-13
1.1738900155642  7.072584E-13
1.17416146303502  6.999151E-13
1.17443291050584  7.032021E-13
1.17470435797665  7.095380E-13
1.17497580544747  7.139617E-13
1.17524725291829  7.093067E-13
1.17551870038911  6.901158E-13
1.17579014785992  6.677666E-13
1.17606159533074  6.681132E-13
1.17633304280156  6.810129E-13
1.17660449027237  7.021882E-13
1.17687593774319  7.111683E-13
1.17714738521401  7.095004E-13
1.17741883268483  6.941682E-13
1.17769028015564  6.804016E-13
1.17796172762646  6.786311E-13
1.17823317509728  6.873034E-13
1.17850462256809  6.888887E-13
1.17877607003891  6.780580E-13
1.17904751750973  6.828432E-13
1.17931896498055  7.004611E-13
1.17959041245136  7.092516E-13
1.17986185992218  7.113533E-13
1.180133307393  7.066755E-13
1.18040475486381  7.008229E-13
1.18067620233463  7.051580E-13
1.18094764980545  7.138183E-13
1.18121909727627  7.184344E-13
1.18149054474708  7.104708E-13
1.1817619922179  7.053031E-13
1.18203343968872  7.000338E-13
1.18230488715953  7.021115E-13
1.18257633463035  7.084198E-13
1.18284778210117  7.064107E-13
1.18311922957199  6.748145E-13
1.1833906770428  6.394982E-13
1.18366212451362  6.467727E-13
1.18393357198444  6.790882E-13
1.18420501945525  6.895542E-13
1.18447646692607  6.853851E-13
1.18474791439689  6.882561E-13
1.1850193618677  6.993670E-13
1.18529080933852  7.006995E-13
1.18556225680934  6.996536E-13
1.18583370428016  7.031782E-13
1.18610515175097  7.131849E-13
1.18637659922179  7.136916E-13
1.18664804669261  7.054990E-13
1.18691949416343  7.047296E-13
1.18719094163424  7.091845E-13
1.18746238910506  7.118584E-13
1.18773383657588  7.107990E-13
1.18800528404669  7.059765E-13
1.18827673151751  7.045241E-13
1.18854817898833  6.814629E-13
1.18881962645914  6.535307E-13
1.18909107392996  6.432842E-13
1.18936252140078  6.651987E-13
1.1896339688716  6.802860E-13
1.18990541634241  6.836629E-13
1.19017686381323  6.868074E-13
1.19044831128405  6.990163E-13
1.19071975875486  7.103642E-13
1.19099120622568  7.088311E-13
1.1912626536965  7.054857E-13
1.19153410116732  7.057576E-13
1.19180554863813  7.074232E-13
1.19207699610895  7.095054E-13
1.19234844357977  7.090418E-13
1.19261989105058  7.062900E-13
1.1928913385214  7.022857E-13
1.19316278599222  7.059380E-13
1.19343423346304  7.128164E-13
1.19370568093385  7.160368E-13
1.19397712840467  7.181150E-13
1.19424857587549  7.124890E-13
1.1945200233463  7.092832E-13
1.19479147081712  7.124669E-13
1.19506291828794  7.122402E-13
1.19533436575876  6.861138E-13
1.19560581322957  6.786422E-13
1.19587726070039  6.863776E-13
1.19614870817121  7.033902E-13
1.19642015564202  7.070589E-13
1.19669160311284  7.083904E-13
1.19696305058366  7.117330E-13
1.19723449805448  7.096743E-13
1.19750594552529  6.903255E-13
1.19777739299611  6.596598E-13
1.19804884046693  6.501907E-13
1.19832028793774  6.797638E-13
1.19859173540856  6.928265E-13
1.19886318287938  6.726984E-13
1.1991346303502  6.625366E-13
1.19940607782101  6.633115E-13
1.19967752529183  6.626699E-13
1.19994897276265  6.710610E-13
1.20022042023346  6.932027E-13
1.20049186770428  7.101935E-13
1.2007633151751  7.088703E-13
1.20103476264592  7.048852E-13
1.20130621011673  7.024755E-13
1.20157765758755  7.077596E-13
1.20184910505837  7.148731E-13
1.20212055252918  7.117525E-13
1.202392  7.150034E-13
1.20266344747082  7.148389E-13
1.20293489494163  7.088699E-13
1.20320634241245  7.021803E-13
1.20347778988327  6.785422E-13
1.20374923735409  6.567312E-13
1.2040206848249  6.612002E-13
1.20429213229572  6.913949E-13
1.20456357976654  7.046485E-13
1.20483502723736  7.025469E-13
1.20510647470817  7.061369E-13
1.20537792217899  7.114834E-13
1.20564936964981  7.170102E-13
1.20592081712062  7.151981E-13
1.20619226459144  7.138233E-13
1.20646371206226  7.169322E-13
1.20673515953307  7.159616E-13
1.20700660700389  7.138274E-13
1.20727805447471  7.146474E-13
1.20754950194553  7.117969E-13
1.20782094941634  7.082302E-13
1.20809239688716  7.109708E-13
1.20836384435798  7.081818E-13
1.20863529182879  6.926507E-13
1.20890673929961  6.781776E-13
1.20917818677043  6.791000E-13
1.20944963424125  6.909575E-13
1.20972108171206  7.068018E-13
1.20999252918288  7.122054E-13
1.2102639766537  7.126652E-13
1.21053542412451  7.082557E-13
1.21080687159533  6.890180E-13
1.21107831906615  6.775250E-13
1.21134976653697  6.875616E-13
1.21162121400778  6.917510E-13
1.2118926614786  6.984547E-13
1.21216410894942  7.038976E-13
1.21243555642023  7.160567E-13
1.21270700389105  7.187385E-13
1.21297845136187  7.198370E-13
1.21324989883269  7.217063E-13
1.2135213463035  7.121440E-13
1.21379279377432  7.116267E-13
1.21406424124514  7.144054E-13
1.21433568871595  7.198445E-13
1.21460713618677  7.218714E-13
1.21487858365759  7.241031E-13
1.21515003112841  7.211740E-13
1.21542147859922  7.181025E-13
1.21569292607004  7.236456E-13
1.21596437354086  7.212762E-13
1.21623582101167  7.217042E-13
1.21650726848249  7.202158E-13
1.21677871595331  7.206621E-13
1.21705016342413  7.205819E-13
1.21732161089494  7.193312E-13
1.21759305836576  7.218024E-13
1.21786450583658  7.197580E-13
1.21813595330739  7.182192E-13
1.21840740077821  7.193565E-13
1.21867884824903  7.220404E-13
1.21895029571985  7.221381E-13
1.21922174319066  7.183757E-13
1.21949319066148  7.176996E-13
1.2197646381323  7.119070E-13
1.22003608560311  7.158978E-13
1.22030753307393  7.229209E-13
1.22057898054475  7.252502E-13
1.22085042801557  7.210676E-13
1.22112187548638  7.191988E-13
1.2213933229572  7.190202E-13
1.22166477042802  7.102148E-13
1.22193621789883  7.143957E-13
1.22220766536965  7.169558E-13
1.22247911284047  7.151817E-13
1.22275056031129  7.162210E-13
1.2230220077821  7.129150E-13
1.22329345525292  7.138468E-13
1.22356490272374  7.194524E-13
1.22383635019455  7.207655E-13
1.22410779766537  7.210799E-13
1.22437924513619  7.256899E-13
1.224650692607  7.260777E-13
1.22492214007782  7.207940E-13
1.22519358754864  7.193222E-13
1.22546503501946  7.171150E-13
1.22573648249027  7.162969E-13
1.22600792996109  7.235886E-13
1.22627937743191  7.268640E-13
1.22655082490272  7.207392E-13
1.22682227237354  7.132014E-13
1.22709371984436  7.163699E-13
1.22736516731518  7.080473E-13
1.22763661478599  6.913383E-13
1.22790806225681  6.872793E-13
1.22817950972763  7.034991E-13
1.22845095719844  7.206241E-13
1.22872240466926  7.225965E-13
1.22899385214008  7.246399E-13
1.2292652996109  7.217872E-13
1.22953674708171  7.183083E-13
1.22980819455253  7.100844E-13
1.23007964202335  7.066363E-13
1.23035108949416  7.125429E-13
1.23062253696498  7.185624E-13
1.2308939844358  7.187207E-13
1.23116543190662  7.213316E-13
1.23143687937743  7.224536E-13
1.23170832684825  7.207658E-13
1.23197977431907  7.164405E-13
1.23225122178988  7.187282E-13
1.2325226692607  7.201875E-13
1.23279411673152  7.185578E-13
1.23306556420234  7.211486E-13
1.23333701167315  7.263059E-13
1.23360845914397  7.325491E-13
1.23387990661479  7.210594E-13
1.2341513540856  7.171363E-13
1.23442280155642  7.164826E-13
1.23469424902724  7.099827E-13
1.23496569649806  7.087035E-13
1.23523714396887  7.186488E-13
1.23550859143969  7.249910E-13
1.23578003891051  7.233729E-13
1.23605148638132  7.189824E-13
1.23632293385214  7.195795E-13
1.23659438132296  7.236092E-13
1.23686582879378  7.257183E-13
1.23713727626459  7.225528E-13
1.23740872373541  7.229177E-13
1.23768017120623  7.281950E-13
1.23795161867704  7.258644E-13
1.23822306614786  7.253244E-13
1.23849451361868  7.282378E-13
1.23876596108949  7.278445E-13
1.23903740856031  7.263451E-13
1.23930885603113  7.228105E-13
1.23958030350195  7.117004E-13
1.23985175097276  7.104061E-13
1.24012319844358  7.117947E-13
1.2403946459144  7.093594E-13
1.24066609338522  7.196166E-13
1.24093754085603  7.232361E-13
1.24120898832685  7.199423E-13
1.24148043579767  7.223178E-13
1.24175188326848  7.277435E-13
1.2420233307393  7.210171E-13
1.24229477821012  7.153248E-13
1.24256622568093  7.095572E-13
1.24283767315175  7.090610E-13
1.24310912062257  7.095721E-13
1.24338056809339  7.067732E-13
1.2436520155642  6.973146E-13
1.24392346303502  6.919206E-13
1.24419491050584  6.955079E-13
1.24446635797665  7.020462E-13
1.24473780544747  7.129032E-13
1.24500925291829  7.191907E-13
1.24528070038911  7.162630E-13
1.24555214785992  7.167006E-13
1.24582359533074  7.127027E-13
1.24609504280156  7.127780E-13
1.24636649027237  7.166744E-13
1.24663793774319  7.234358E-13
1.24690938521401  7.274774E-13
1.24718083268483  7.254385E-13
1.24745228015564  7.226934E-13
1.24772372762646  7.179280E-13
1.24799517509728  7.187510E-13
1.24826662256809  7.140558E-13
1.24853807003891  7.149790E-13
1.24880951750973  7.149606E-13
1.24908096498055  7.173093E-13
1.24935241245136  7.193920E-13
1.24962385992218  7.196409E-13
1.249895307393  7.173494E-13
1.25016675486381  7.128950E-13
1.25043820233463  7.123686E-13
1.25070964980545  7.192457E-13
1.25098109727627  7.236479E-13
1.25125254474708  7.241664E-13
1.2515239922179  7.199847E-13
1.25179543968872  7.241269E-13
1.25206688715953  7.223540E-13
1.25233833463035  7.169682E-13
1.25260978210117  7.055593E-13
1.25288122957199  6.992415E-13
1.2531526770428  7.056802E-13
1.25342412451362  7.150226E-13
1.25369557198444  7.192085E-13
1.25396701945525  7.149702E-13
1.25423846692607  7.139524E-13
1.25450991439689  7.205776E-13
1.25478136186771  7.222428E-13
1.25505280933852  7.168990E-13
1.25532425680934  7.170107E-13
1.25559570428016  7.174281E-13
1.25586715175097  7.171945E-13
1.25613859922179  7.166033E-13
1.25641004669261  7.131637E-13
1.25668149416343  7.151695E-13
1.25695294163424  7.208596E-13
1.25722438910506  7.188501E-13
1.25749583657588  7.146918E-13
1.25776728404669  7.138465E-13
1.25803873151751  7.114126E-13
1.25831017898833  7.145453E-13
1.25858162645914  7.146887E-13
1.25885307392996  7.120477E-13
1.25912452140078  7.085460E-13
1.2593959688716  7.108552E-13
1.25966741634241  7.140647E-13
1.25993886381323  7.172952E-13
1.26021031128405  7.129819E-13
1.26048175875487  7.097820E-13
1.26075320622568  7.056780E-13
1.2610246536965  7.087471E-13
1.26129610116732  7.202134E-13
1.26156754863813  7.177720E-13
1.26183899610895  7.111278E-13
1.26211044357977  7.039212E-13
1.26238189105058  7.081884E-13
1.2626533385214  7.152164E-13
1.26292478599222  7.185503E-13
1.26319623346304  7.218825E-13
1.26346768093385  7.157837E-13
1.26373912840467  7.159022E-13
1.26401057587549  7.100516E-13
1.2642820233463  7.064800E-13
1.26455347081712  7.044274E-13
1.26482491828794  7.115026E-13
1.26509636575876  7.188335E-13
1.26536781322957  7.127214E-13
1.26563926070039  7.105789E-13
1.26591070817121  7.146717E-13
1.26618215564202  7.183480E-13
1.26645360311284  7.175539E-13
1.26672505058366  7.220794E-13
1.26699649805448  7.218820E-13
1.26726794552529  7.161363E-13
1.26753939299611  7.122660E-13
1.26781084046693  7.119165E-13
1.26808228793774  7.121930E-13
1.26835373540856  7.101247E-13
1.26862518287938  7.072256E-13
1.2688966303502  7.108757E-13
1.26916807782101  7.164938E-13
1.26943952529183  7.233614E-13
1.26971097276265  7.261565E-13
1.26998242023346  7.254418E-13
1.27025386770428  7.258745E-13
1.2705253151751  7.201229E-13
1.27079676264592  7.258308E-13
1.27106821011673  7.248193E-13
1.27133965758755  7.216161E-13
1.27161110505837  7.233670E-13
1.27188255252918  7.232331E-13
1.272154  7.202038E-13
1.27242544747082  7.231862E-13
1.27269689494164  7.239424E-13
1.27296834241245  7.202382E-13
1.27323978988327  7.239059E-13
1.27351123735409  7.205271E-13
1.2737826848249  7.209522E-13
1.27405413229572  7.178717E-13
1.27432557976654  7.146291E-13
1.27459702723736  7.106518E-13
1.27486847470817  7.074038E-13
1.27513992217899  7.123473E-13
1.27541136964981  7.162435E-13
1.27568281712062  7.182126E-13
1.27595426459144  7.182870E-13
1.27622571206226  7.170825E-13
1.27649715953307  7.189224E-13
1.27676860700389  7.225431E-13
1.27704005447471  7.195882E-13
1.27731150194553  7.142204E-13
1.27758294941634  7.132636E-13
1.27785439688716  7.158019E-13
1.27812584435798  7.140603E-13
1.2783972918288  7.132185E-13
1.27866873929961  7.141260E-13
1.27894018677043  7.117849E-13
1.27921163424125  7.108660E-13
1.27948308171206  7.129840E-13
1.27975452918288  7.125746E-13
1.2800259766537  7.067835E-13
1.28029742412451  7.011713E-13
1.28056887159533  7.013108E-13
1.28084031906615  7.056092E-13
1.28111176653697  7.051811E-13
1.28138321400778  6.953733E-13
1.2816546614786  6.727257E-13
1.28192610894942  6.353662E-13
1.28219755642023  6.005649E-13
1.28246900389105  5.922775E-13
1.28274045136187  6.190174E-13
1.28301189883269  6.588494E-13
1.2832833463035  6.896985E-13
1.28355479377432  6.964481E-13
1.28382624124514  6.941825E-13
1.28409768871595  7.018684E-13
1.28436913618677  7.083748E-13
1.28464058365759  7.080711E-13
1.28491203112841  7.071946E-13
1.28518347859922  6.995953E-13
1.28545492607004  6.965634E-13
1.28572637354086  7.105287E-13
1.28599782101167  7.189249E-13
1.28626926848249  7.174248E-13
1.28654071595331  7.158131E-13
1.28681216342413  7.132104E-13
1.28708361089494  7.149357E-13
1.28735505836576  7.188921E-13
1.28762650583658  7.169190E-13
1.28789795330739  7.166342E-13
1.28816940077821  7.126157E-13
1.28844084824903  7.067873E-13
1.28871229571985  7.018365E-13
1.28898374319066  7.049260E-13
1.28925519066148  7.105548E-13
1.2895266381323  7.150572E-13
1.28979808560311  7.158927E-13
1.29006953307393  7.118226E-13
1.29034098054475  6.876183E-13
1.29061242801557  6.687536E-13
1.29088387548638  6.813080E-13
1.2911553229572  7.065102E-13
1.29142677042802  7.101804E-13
1.29169821789883  7.124724E-13
1.29196966536965  7.158785E-13
1.29224111284047  7.164621E-13
1.29251256031129  7.137802E-13
1.2927840077821  7.115596E-13
1.29305545525292  7.184421E-13
1.29332690272374  7.241018E-13
1.29359835019455  7.202674E-13
1.29386979766537  7.174213E-13
1.29414124513619  7.144247E-13
1.294412692607  7.163547E-13
1.29468414007782  7.241444E-13
1.29495558754864  7.260947E-13
1.29522703501946  7.261520E-13
1.29549848249027  7.225280E-13
1.29576992996109  7.185138E-13
1.29604137743191  7.191647E-13
1.29631282490273  7.270350E-13
1.29658427237354  7.274480E-13
1.29685571984436  7.194049E-13
1.29712716731518  7.175256E-13
1.29739861478599  7.162159E-13
1.29767006225681  7.159259E-13
1.29794150972763  7.071403E-13
1.29821295719844  7.011636E-13
1.29848440466926  7.031374E-13
1.29875585214008  7.156432E-13
1.2990272996109  7.233794E-13
1.29929874708171  7.204618E-13
1.29957019455253  7.226424E-13
1.29984164202335  7.255410E-13
1.30011308949416  7.277277E-13
1.30038453696498  7.281872E-13
1.3006559844358  7.230346E-13
1.30092743190662  7.175711E-13
1.30119887937743  7.160157E-13
1.30147032684825  7.096490E-13
1.30174177431907  7.117676E-13
1.30201322178988  7.210057E-13
1.3022846692607  7.280721E-13
1.30255611673152  7.316091E-13
1.30282756420234  7.282858E-13
1.30309901167315  7.218589E-13
1.30337045914397  7.153920E-13
1.30364190661479  7.103171E-13
1.3039133540856  7.086133E-13
1.30418480155642  7.188302E-13
1.30445624902724  7.239490E-13
1.30472769649806  7.203508E-13
1.30499914396887  7.223010E-13
1.30527059143969  7.188651E-13
1.30554203891051  7.197802E-13
1.30581348638132  7.242935E-13
1.30608493385214  7.258680E-13
1.30635638132296  7.242205E-13
1.30662782879378  7.240828E-13
1.30689927626459  7.215411E-13
1.30717072373541  7.144280E-13
1.30744217120623  7.160112E-13
1.30771361867704  7.251031E-13
1.30798506614786  7.262670E-13
1.30825651361868  7.187502E-13
1.3085279610895  7.144205E-13
1.30879940856031  7.240288E-13
1.30907085603113  7.246846E-13
1.30934230350195  7.207661E-13
1.30961375097276  7.177682E-13
1.30988519844358  7.163333E-13
1.3101566459144  7.127822E-13
1.31042809338522  7.146752E-13
1.31069954085603  7.128110E-13
1.31097098832685  7.052448E-13
1.31124243579767  7.113431E-13
1.31151388326848  7.193434E-13
1.3117853307393  7.243967E-13
1.31205677821012  7.225412E-13
1.31232822568093  7.192762E-13
1.31259967315175  7.007509E-13
1.31287112062257  6.797692E-13
1.31314256809339  6.757767E-13
1.3134140155642  6.892613E-13
1.31368546303502  7.131525E-13
1.31395691050584  7.146772E-13
1.31422835797666  7.132837E-13
1.31449980544747  7.147839E-13
1.31477125291829  7.158024E-13
1.31504270038911  7.154955E-13
1.31531414785992  6.982896E-13
1.31558559533074  6.789784E-13
1.31585704280156  6.692608E-13
1.31612849027237  6.890360E-13
1.31639993774319  7.175761E-13
1.31667138521401  7.289321E-13
1.31694283268483  7.338111E-13
1.31721428015564  7.284052E-13
1.31748572762646  7.267688E-13
1.31775717509728  7.262503E-13
1.31802862256809  7.074867E-13
1.31830007003891  6.949160E-13
1.31857151750973  6.930730E-13
1.31884296498055  7.066388E-13
1.31911441245136  7.163722E-13
1.31938585992218  7.210913E-13
1.319657307393  7.160610E-13
1.31992875486381  7.100414E-13
1.32020020233463  7.183598E-13
1.32047164980545  7.082191E-13
1.32074309727627  7.061044E-13
1.32101454474708  7.121952E-13
1.3212859922179  7.155362E-13
1.32155743968872  7.138819E-13
1.32182888715953  7.090269E-13
1.32210033463035  7.105831E-13
1.32237178210117  7.103937E-13
1.32264322957199  7.148968E-13
1.3229146770428  7.167382E-13
1.32318612451362  7.168558E-13
1.32345757198444  7.111625E-13
1.32372901945525  7.112087E-13
1.32400046692607  7.100213E-13
1.32427191439689  6.585681E-13
1.32454336186771  6.140980E-13
1.32481480933852  7.052518E-13
1.32508625680934  7.161662E-13
1.32535770428016  7.064401E-13
1.32562915175097  6.999221E-13
1.32590059922179  7.010181E-13
1.32617204669261  7.106876E-13
1.32644349416343  7.138883E-13
1.32671494163424  7.118622E-13
1.32698638910506  7.124348E-13
1.32725783657588  7.039820E-13
1.32752928404669  7.046858E-13
1.32780073151751  7.151504E-13
1.32807217898833  7.137120E-13
1.32834362645915  7.039449E-13
1.32861507392996  6.887657E-13
1.32888652140078  6.879752E-13
1.3291579688716  6.802470E-13
1.32942941634241  6.708233E-13
1.32970086381323  6.584070E-13
1.32997231128405  6.599495E-13
1.33024375875486  6.674110E-13
1.33051520622568  6.789984E-13
1.3307866536965  6.937203E-13
1.33105810116732  6.949638E-13
1.33132954863813  6.916672E-13
1.33160099610895  6.792442E-13
1.33187244357977  6.781720E-13
1.33214389105059  6.647389E-13
1.3324153385214  6.410551E-13
1.33268678599222  6.303200E-13
1.33295823346304  6.423463E-13
1.33322968093385  6.702048E-13
1.33350112840467  6.765123E-13
1.33377257587549  6.821743E-13
1.3340440233463  6.826720E-13
1.33431547081712  6.772617E-13
1.33458691828794  6.748165E-13
1.33485836575876  6.666074E-13
1.33512981322957  6.510518E-13
1.33540126070039  6.479887E-13
1.33567270817121  6.511819E-13
1.33594415564202  6.499368E-13
1.33621560311284  6.429428E-13
1.33648705058366  6.526899E-13
1.33675849805448  6.712883E-13
1.33702994552529  6.701576E-13
1.33730139299611  6.587783E-13
1.33757284046693  6.461951E-13
1.33784428793774  6.427770E-13
1.33811573540856  6.555337E-13
1.33838718287938  6.484175E-13
1.3386586303502  6.562692E-13
1.33893007782101  6.583308E-13
1.33920152529183  6.534834E-13
1.33947297276265  6.452968E-13
1.33974442023346  6.394270E-13
1.34001586770428  6.545998E-13
1.3402873151751  6.575941E-13
1.34055876264592  6.488792E-13
1.34083021011673  6.514963E-13
1.34110165758755  6.673328E-13
1.34137310505837  6.679669E-13
1.34164455252918  6.560929E-13
1.341916  6.382390E-13
1.34218744747082  6.313615E-13
1.34245889494164  6.378190E-13
1.34273034241245  6.480327E-13
1.34300178988327  6.466733E-13
1.34327323735409  6.425935E-13
1.3435446848249  6.327316E-13
1.34381613229572  6.472013E-13
1.34408757976654  6.568069E-13
1.34435902723736  6.468159E-13
1.34463047470817  6.546313E-13
1.34490192217899  6.377051E-13
1.34517336964981  6.387626E-13
1.34544481712062  6.606766E-13
1.34571626459144  6.567768E-13
1.34598771206226  6.627516E-13
1.34625915953308  7.399654E-13
1.34653060700389  6.874545E-13
1.34680205447471  6.424357E-13
1.34707350194553  6.387828E-13
1.34734494941634  6.563291E-13
1.34761639688716  6.631427E-13
1.34788784435798  6.539693E-13
1.34815929182879  6.143197E-13
1.34843073929961  6.370078E-13
1.34870218677043  6.456503E-13
1.34897363424125  6.590179E-13
1.34924508171206  6.504770E-13
1.34951652918288  6.526743E-13
1.3497879766537  6.623687E-13
1.35005942412452  6.628443E-13
1.35033087159533  6.454172E-13
1.35060231906615  6.127756E-13
1.35087376653697  5.876541E-13
1.35114521400778  6.203207E-13
1.3514166614786  6.592382E-13
1.35168810894942  6.566190E-13
1.35195955642023  6.330643E-13
1.35223100389105  6.303169E-13
1.35250245136187  6.529115E-13
1.35277389883269  6.306099E-13
1.3530453463035  6.380198E-13
1.35331679377432  6.397136E-13
1.35358824124514  6.231399E-13
1.35385968871595  6.502902E-13
1.35413113618677  6.359366E-13
1.35440258365759  6.412845E-13
1.35467403112841  6.168059E-13
1.35494547859922  6.300336E-13
1.35521692607004  6.007670E-13
1.35548837354086  6.177316E-13
1.35575982101167  6.575838E-13
1.35603126848249  6.351429E-13
1.35630271595331  6.070340E-13
1.35657416342413  6.333977E-13
1.35684561089494  6.371723E-13
1.35711705836576  6.369221E-13
1.35738850583658  6.155856E-13
1.35765995330739  6.367702E-13
1.35793140077821  6.363054E-13
1.35820284824903  6.337853E-13
1.35847429571985  6.522205E-13
1.35874574319066  6.287901E-13
1.35901719066148  6.293697E-13
1.3592886381323  6.341689E-13
1.35956008560311  6.309594E-13
1.35983153307393  6.174634E-13
1.36010298054475  6.098160E-13
1.36037442801557  6.541515E-13
1.36064587548638  6.414561E-13
1.3609173229572  6.386158E-13
1.36118877042802  6.272883E-13
1.36146021789883  6.973169E-13
1.36173166536965  7.335901E-13
1.36200311284047  7.152417E-13
1.36227456031129  1.325216E-13
1.3625460077821  -6.439601E-14
1.36281745525292  1.072301E-13
1.36308890272374  5.528003E-13
1.36336035019455  6.389082E-13
1.36363179766537  6.237300E-13
1.36390324513619  6.169713E-13
1.36417469260701  6.455017E-13
1.36444614007782  6.421291E-13
1.36471758754864  7.029147E-13
1.36498903501946  8.135570E-13
1.36526048249027  6.914449E-13
1.36553192996109  6.429855E-13
1.36580337743191  6.091657E-13
1.36607482490272  6.669633E-13
1.36634627237354  6.604466E-13
1.36661771984436  6.383175E-13
1.36688916731518  6.417066E-13
1.36716061478599  6.193387E-13
1.36743206225681  6.039959E-13
1.36770350972763  6.218802E-13
1.36797495719845  5.946797E-13
1.36824640466926  7.859352E-13
1.36851785214008  6.784219E-13
1.3687892996109  6.715902E-13
1.36906074708171  6.073556E-13
1.36933219455253  6.635067E-13
1.36960364202335  6.374886E-13
1.36987508949416  6.350122E-13
1.37014653696498  6.249362E-13
1.3704179844358  6.056917E-13
1.37068943190662  6.448241E-13
1.37096087937743  6.531472E-13
1.37123232684825  6.246894E-13
1.37150377431907  5.905480E-13
1.37177522178988  6.315558E-13
1.3720466692607  6.244830E-13
1.37231811673152  6.258934E-13
1.37258956420234  6.053249E-13
1.37286101167315  6.354956E-13
1.37313245914397  6.398346E-13
1.37340390661479  6.269026E-13
1.3736753540856  6.178403E-13
1.37394680155642  6.385652E-13
1.37421824902724  6.409208E-13
1.37448969649806  6.330190E-13
1.37476114396887  6.349550E-13
1.37503259143969  6.340366E-13
1.37530403891051  6.147396E-13
1.37557548638132  6.499930E-13
1.37584693385214  6.529377E-13
1.37611838132296  6.367204E-13
1.37638982879378  6.158843E-13
1.37666127626459  6.427093E-13
1.37693272373541  6.444256E-13
1.37720417120623  6.256812E-13
1.37747561867704  6.020302E-13
1.37774706614786  6.549627E-13
1.37801851361868  6.490482E-13
1.3782899610895  6.403308E-13
1.37856140856031  6.375261E-13
1.37883285603113  6.326584E-13
1.37910430350195  6.212847E-13
1.37937575097276  6.370705E-13
1.37964719844358  6.471492E-13
1.3799186459144  6.514795E-13
1.38019009338522  6.478411E-13
1.38046154085603  6.589881E-13
1.38073298832685  6.406322E-13
1.38100443579767  1.403728E-13
1.38127588326848  9.442498E-14
1.3815473307393  6.096694E-13
1.38181877821012  6.892690E-13
1.38209022568094  6.553554E-13
1.38236167315175  6.245678E-13
1.38263312062257  7.493083E-13
1.38290456809339  1.013834E-12
1.3831760155642  1.014445E-13
1.38344746303502  6.380766E-13
1.38371891050584  6.979382E-13
1.38399035797665  6.516169E-13
1.38426180544747  6.426275E-13
1.38453325291829  6.700775E-13
1.38480470038911  6.534947E-13
1.38507614785992  6.712979E-13
1.38534759533074  6.959884E-13
1.38561904280156  6.597838E-13
1.38589049027238  6.833538E-13
1.38616193774319  6.409721E-13
1.38643338521401  6.504222E-13
1.38670483268483  6.249935E-13
1.38697628015564  6.017923E-13
1.38724772762646  6.256796E-13
1.38751917509728  6.347793E-13
1.38779062256809  6.523596E-13
1.38806207003891  6.554905E-13
1.38833351750973  7.294776E-13
1.38860496498055  7.036255E-13
1.38887641245136  6.895353E-13
1.38914785992218  6.538818E-13
1.389419307393  6.488000E-13
1.38969075486381  6.649999E-13
1.38996220233463  6.506054E-13
1.39023364980545  6.147994E-13
1.39050509727627  6.294722E-13
1.39077654474708  6.344751E-13
1.3910479922179  6.151889E-13
1.39131943968872  5.952271E-13
1.39159088715953  6.101692E-13
1.39186233463035  6.093289E-13
1.39213378210117  6.086494E-13
1.39240522957199  6.209458E-13
1.3926766770428  6.672121E-13
1.39294812451362  6.622159E-13
1.39321957198444  6.510384E-13
1.39349101945525  6.379982E-13
1.39376246692607  6.282062E-13
1.39403391439689  6.245402E-13
1.39430536186771  6.193119E-13
1.39457680933852  6.371633E-13
1.39484825680934  6.491962E-13
1.39511970428016  6.272173E-13
1.39539115175097  7.141133E-13
1.39566259922179  8.864314E-13
1.39593404669261  7.830552E-13
1.39620549416343  7.339289E-13
1.39647694163424  6.836992E-13
1.39674838910506  6.760665E-13
1.39701983657588  6.337735E-13
1.39729128404669  6.347509E-13
1.39756273151751  5.993032E-13
1.39783417898833  6.197170E-13
1.39810562645915  6.225948E-13
1.39837707392996  6.127995E-13
1.39864852140078  6.108285E-13
1.3989199688716  6.205976E-13
1.39919141634241  6.324983E-13
1.39946286381323  6.335328E-13
1.39973431128405  6.257493E-13
1.40000575875487  6.104561E-13
1.40027720622568  5.909342E-13
1.4005486536965  5.631367E-13
1.40082010116732  6.170212E-13
1.40109154863813  7.108773E-13
1.40136299610895  6.544170E-13
1.40163444357977  5.907287E-13
1.40190589105058  5.874983E-13
1.4021773385214  6.411896E-13
1.40244878599222  6.353697E-13
1.40272023346304  6.402184E-13
1.40299168093385  6.314311E-13
1.40326312840467  6.226275E-13
1.40353457587549  6.147247E-13
1.40380602334631  6.387256E-13
1.40407747081712  6.315512E-13
1.40434891828794  6.089030E-13
1.40462036575876  5.945246E-13
1.40489181322957  5.964210E-13
1.40516326070039  5.891865E-13
1.40543470817121  4.994911E-13
1.40570615564203  6.131917E-13
1.40597760311284  6.451535E-13
1.40624905058366  6.329089E-13
1.40652049805448  6.258051E-13
1.40679194552529  6.264365E-13
1.40706339299611  6.139643E-13
1.40733484046693  5.892353E-13
1.40760628793774  5.594253E-13
1.40787773540856  6.228369E-13
1.40814918287938  6.259412E-13
1.4084206303502  6.073943E-13
1.40869207782101  5.931765E-13
1.40896352529183  6.025927E-13
1.40923497276265  6.016534E-13
1.40950642023346  5.762514E-13
1.40977786770428  5.347478E-13
1.4100493151751  5.895500E-13
1.41032076264592  6.076078E-13
1.41059221011673  6.187711E-13
1.41086365758755  6.025432E-13
1.41113510505837  6.130174E-13
1.41140655252918  6.118387E-13
1.411678  6.001559E-13
1.41194944747082  5.980809E-13
1.41222089494164  6.116014E-13
1.41249234241245  5.999159E-13
1.41276378988327  5.775614E-13
1.41303523735409  5.889314E-13
1.4133066848249  5.952704E-13
1.41357813229572  5.887173E-13
1.41384957976654  5.862180E-13
1.41412102723736  6.008029E-13
1.41439247470817  6.149398E-13
1.41466392217899  5.957636E-13
1.41493536964981  5.802364E-13
1.41520681712062  5.796077E-13
1.41547826459144  6.059089E-13
1.41574971206226  6.020749E-13
1.41602115953308  6.080262E-13
1.41629260700389  6.095324E-13
1.41656405447471  6.101697E-13
1.41683550194553  6.088016E-13
1.41710694941634  6.019689E-13
1.41737839688716  5.981355E-13
1.41764984435798  6.047641E-13
1.4179212918288  5.978871E-13
1.41819273929961  5.927347E-13
1.41846418677043  5.900385E-13
1.41873563424125  5.970163E-13
1.41900708171206  5.954753E-13
1.41927852918288  5.794187E-13
1.4195499766537  5.681260E-13
1.41982142412451  5.916038E-13
1.42009287159533  6.099139E-13
1.42036431906615  5.981277E-13
1.42063576653697  6.046236E-13
1.42090721400778  5.957053E-13
1.4211786614786  6.001441E-13
1.42145010894942  6.065370E-13
1.42172155642024  6.043166E-13
1.42199300389105  6.006436E-13
1.42226445136187  6.031464E-13
1.42253589883269  5.968868E-13
1.4228073463035  5.876837E-13
1.42307879377432  5.769639E-13
1.42335024124514  5.796974E-13
1.42362168871595  5.806181E-13
1.42389313618677  5.857864E-13
1.42416458365759  5.859745E-13
1.42443603112841  5.738548E-13
1.42470747859922  5.999686E-13
1.42497892607004  6.144747E-13
1.42525037354086  6.104680E-13
1.42552182101167  6.004539E-13
1.42579326848249  5.886627E-13
1.42606471595331  5.750312E-13
1.42633616342413  5.705257E-13
1.42660761089494  5.853989E-13
1.42687905836576  6.019334E-13
1.42715050583658  6.080343E-13
1.42742195330739  6.013569E-13
1.42769340077821  5.923041E-13
1.42796484824903  5.950363E-13
1.42823629571985  6.096597E-13
1.42850774319066  6.030724E-13
1.42877919066148  5.774740E-13
1.4290506381323  5.658722E-13
1.42932208560311  5.710697E-13
1.42959353307393  5.925116E-13
1.42986498054475  5.944510E-13
1.43013642801557  5.906495E-13
1.43040787548638  6.014034E-13
1.4306793229572  6.164786E-13
1.43095077042802  6.258604E-13
1.43122221789883  6.231924E-13
1.43149366536965  5.983057E-13
1.43176511284047  5.822096E-13
1.43203656031129  5.770074E-13
1.4323080077821  6.013194E-13
1.43257945525292  6.126803E-13
1.43285090272374  5.983150E-13
1.43312235019455  5.967042E-13
1.43339379766537  6.042143E-13
1.43366524513619  6.149723E-13
1.43393669260701  6.059844E-13
1.43420814007782  5.851176E-13
1.43447958754864  5.736488E-13
1.43475103501946  5.740777E-13
1.43502248249027  6.078063E-13
1.43529392996109  6.145182E-13
1.43556537743191  6.003754E-13
1.43583682490273  5.932754E-13
1.43610827237354  5.971370E-13
1.43637971984436  5.982164E-13
1.43665116731518  6.053191E-13
1.43692261478599  6.140918E-13
1.43719406225681  6.135066E-13
1.43746550972763  6.061369E-13
1.43773695719844  5.954500E-13
1.43800840466926  5.901330E-13
1.43827985214008  5.895453E-13
1.4385512996109  6.138789E-13
1.43882274708171  6.188592E-13
1.43909419455253  6.253838E-13
1.43936564202335  6.207720E-13
1.43963708949417  6.008092E-13
1.43990853696498  5.789790E-13
1.4401799844358  5.754315E-13
1.44045143190662  5.704045E-13
1.44072287937743  5.661190E-13
1.44099432684825  5.686039E-13
1.44126577431907  5.819836E-13
1.44153722178989  6.010675E-13
1.4418086692607  5.990751E-13
1.44208011673152  5.939733E-13
1.44235156420234  5.887458E-13
1.44262301167315  5.789745E-13
1.44289445914397  5.807525E-13
1.44316590661479  5.832504E-13
1.4434373540856  5.986384E-13
1.44370880155642  6.164984E-13
1.44398024902724  6.123117E-13
1.44425169649806  5.974033E-13
1.44452314396887  5.749008E-13
1.44479459143969  5.654582E-13
1.44506603891051  5.800507E-13
1.44533748638132  5.879541E-13
1.44560893385214  5.936104E-13
1.44588038132296  6.020142E-13
1.44615182879378  5.818387E-13
1.44642327626459  5.982406E-13
1.44669472373541  5.927898E-13
1.44696617120623  5.885563E-13
1.44723761867704  5.896841E-13
1.44750906614786  5.964985E-13
1.44778051361868  6.104427E-13
1.4480519610895  6.168664E-13
1.44832340856031  6.140294E-13
1.44859485603113  6.113511E-13
1.44886630350195  6.084362E-13
1.44913775097276  6.005155E-13
1.44940919844358  6.087214E-13
1.4496806459144  6.187098E-13
1.44995209338522  6.241654E-13
1.45022354085603  6.149512E-13
1.45049498832685  6.024507E-13
1.45076643579767  5.831823E-13
1.45103788326848  5.681771E-13
1.4513093307393  5.691283E-13
1.45158077821012  5.825756E-13
1.45185222568094  5.980357E-13
1.45212367315175  6.057628E-13
1.45239512062257  6.060625E-13
1.45266656809339  6.084281E-13
1.4529380155642  6.166451E-13
1.45320946303502  6.080973E-13
1.45348091050584  5.930369E-13
1.45375235797666  5.878977E-13
1.45402380544747  5.867940E-13
1.45429525291829  5.871624E-13
1.45456670038911  5.830677E-13
1.45483814785992  5.756791E-13
1.45510959533074  5.816993E-13
1.45538104280156  5.896578E-13
1.45565249027237  5.852415E-13
1.45592393774319  5.685214E-13
1.45619538521401  5.703896E-13
1.45646683268483  5.739798E-13
1.45673828015564  5.790272E-13
1.45700972762646  5.823707E-13
1.45728117509728  5.866322E-13
1.4575526225681  5.921490E-13
1.45782407003891  6.000451E-13
1.45809551750973  6.004644E-13
1.45836696498055  6.056218E-13
1.45863841245136  6.108790E-13
1.45890985992218  6.144897E-13
1.459181307393  6.193451E-13
1.45945275486381  6.143027E-13
1.45972420233463  6.103973E-13
1.45999564980545  6.079143E-13
1.46026709727627  6.027753E-13
1.46053854474708  5.916910E-13
1.4608099922179  5.755048E-13
1.46108143968872  5.734801E-13
1.46135288715953  5.818599E-13
1.46162433463035  5.824430E-13
1.46189578210117  5.808638E-13
1.46216722957199  5.856935E-13
1.4624386770428  5.869963E-13
1.46271012451362  5.859398E-13
1.46298157198444  5.845162E-13
1.46325301945525  5.833600E-13
1.46352446692607  5.766045E-13
1.46379591439689  5.793769E-13
1.46406736186771  5.970131E-13
1.46433880933852  6.083121E-13
1.46461025680934  6.110305E-13
1.46488170428016  6.043976E-13
1.46515315175097  5.992216E-13
1.46542459922179  5.939107E-13
1.46569604669261  5.818164E-13
1.46596749416343  5.765231E-13
1.46623894163424  5.815557E-13
1.46651038910506  5.796570E-13
1.46678183657588  5.828710E-13
1.46705328404669  5.924908E-13
1.46732473151751  6.005902E-13
1.46759617898833  6.033291E-13
1.46786762645915  6.001736E-13
1.46813907392996  5.863845E-13
1.46841052140078  5.745758E-13
1.4686819688716  5.763199E-13
1.46895341634241  5.804695E-13
1.46922486381323  5.868589E-13
1.46949631128405  5.896353E-13
1.46976775875487  5.951388E-13
1.47003920622568  5.964530E-13
1.4703106536965  5.933665E-13
1.47058210116732  5.874180E-13
1.47085354863813  5.882056E-13
1.47112499610895  5.823753E-13
1.47139644357977  5.700880E-13
1.47166789105059  5.842087E-13
1.4719393385214  5.817526E-13
1.47221078599222  5.801962E-13
1.47248223346304  5.848751E-13
1.47275368093385  5.947267E-13
1.47302512840467  6.145887E-13
1.47329657587549  6.144983E-13
1.4735680233463  6.100866E-13
1.47383947081712  5.999838E-13
1.47411091828794  5.905963E-13
1.47438236575876  5.864195E-13
1.47465381322957  5.823762E-13
1.47492526070039  5.902956E-13
1.47519670817121  5.959915E-13
1.47546815564203  5.911243E-13
1.47573960311284  5.855440E-13
1.47601105058366  6.017077E-13
1.47628249805448  5.992367E-13
1.47655394552529  6.059096E-13
1.47682539299611  6.025875E-13
1.47709684046693  5.949368E-13
1.47736828793775  5.855510E-13
1.47763973540856  5.740977E-13
1.47791118287938  5.798037E-13
1.4781826303502  5.871104E-13
1.47845407782101  5.856445E-13
1.47872552529183  5.950873E-13
1.47899697276265  6.091509E-13
1.47926842023346  6.129779E-13
1.47953986770428  6.101860E-13
1.4798113151751  6.049598E-13
1.48008276264592  5.901594E-13
1.48035421011673  5.848718E-13
1.48062565758755  5.899154E-13
1.48089710505837  5.859276E-13
1.48116855252918  5.874151E-13
1.48144  5.894919E-13
