131668584000.0 237.64391000908262 7000.0
148217163568.2217 223.98478738122347 7000.0
164321902581.44376 212.7257406834186 6800.0
178320905260.84296 204.20512698693676 6600.0
191988945487.78815 196.80206914925338 6400.0
205892539386.24857 190.04106992796795 6200.0
220343990485.4262 183.70338829324695 6000.0
235572698623.27554 177.66639625817703 5800.0
251780695792.82816 171.8527781005717 5600.0
269167537776.34467 166.20972500086683 5400.0
287944935278.43207 160.69895396360405 5200.0
308347845827.19574 155.29136682236586 5000.0
330644881029.3133 149.96394967249924 4800.0
355149633121.72394 144.6978528239479 4600.0
382234167931.62585 139.4771352764723 4400.0
412345978783.07855 134.28790236522008 4200.0
446030016619.7123 129.11768433197602 4000.0
483958016367.36127 123.95496522515506 3800.0
526968332757.9836 118.78880486906563 3600.0
576121094588.3672 113.6085150376653 3400.0
632776074431.424 108.40336083985234 3200.0
698704957765.7524 103.1622627667597 3000.0
776256993199.7804 97.87347517169597 2800.0
868609833708.9044 92.52421326040822 2600.0
980160777658.3031 87.10019192901498 2400.0
1117158152734.6057 81.58502336058673 2200.0
1288761635399.2285 75.95939066023956 2000.0
1385505635399.2285 73.25944489068424 1851.3875145962345
1482249635399.2285 70.82834527861804 1762.4104143368186
1578993635399.2285 68.6242454284802 1682.8950950440087
1675737635399.2285 66.61388455326532 1611.3466573223063
1772481635399.2285 64.77044781988941 1546.5750833619663
1869225635399.2285 63.07204429363397 1487.6205250363864
1965969635399.2285 61.50060228786759 1433.6996617962056
2062713635399.2285 60.04105325121996 1384.1664826207616
2159457635399.2285 58.68071915349399 1338.483143966376
2256201635399.2285 57.40884599811099 1296.1979954283029
2352945635399.2285 56.21624397764929 1256.9287887279856
2449689635399.2285 55.09500660826789 1220.3496913732924
2546433635399.2285 54.038289141916536 1186.1811313089504
2643177635399.2285 53.04013201642638 1154.1817744838493
2739921635399.2285 52.09531891012967 1124.1421279160597
2836665635399.2285 51.199261660619925 1095.8793947130357
2933409635399.2285 50.347906238638714 1069.233302819649
3030153635399.2285 49.53765537084354 1044.062698000036
3126897635399.2285 48.76530443603096 1020.2427417147622
3223641635399.2285 48.02798802515799 997.6625915594475
3320385635399.2285 47.323135130156004 976.2234695149183
3417129635399.2285 46.64843136185844 955.8370440189001
3513873635399.2285 46.0017869300718 936.4240676345793
3610617635399.2285 45.381309375217405 917.9132241652098
3707361635399.2285 44.78528024010692 900.2401483843709
3804105635399.2285 44.212135026215144 883.3465888004256
3900849635399.2285 43.66044590155655 867.1796895515212
3997593635399.2285 43.12890672460595 851.6913720044066
4094337635399.2285 42.616320026366985 836.8378001827855
4191081635399.2285 42.12158565502607 822.5789169867088
4287825635399.2285 41.643690837937235 808.8780404411235
4384569635399.2285 41.181701456502736 795.7015110493106
4481313635399.229 40.734754362800174 783.0183828178589
4578057635399.229 40.302050594081344 770.800151735394
4674801635399.229 39.882849363718904 759.0205164830211
4771545635399.229 39.476462725738195 747.6551669737349
4868289635399.229 39.082250825481154 736.6815969950783
4965033635399.229 38.699617661794065 726.0789377910668
5061777635399.229 38.32800729687852 715.8278098873178
5158521635399.229 37.96690045897068 705.9101908545541
5255265635399.229 37.615811490621105 696.3092970339525
5352009635399.229 37.27428560177982 687.0094775242471
5448753635399.229 36.941896392348774 677.9961189640493
5545497635399.229 36.61824361350816 669.2555598407972
5642241635399.229 36.302951141087945 660.7750132260361
5738985635399.229 35.99566513764933 652.5424969802386
5835729635399.229 35.69605238285538 644.5467705930859
5932473635399.229 35.40379875421741 636.7772779303642
6029217635399.229 35.118607842468954 629.2240952491088
6125961635399.229 34.840199687691495 621.8778839206184
6222705635399.229 34.56830962394104 614.7298473683655
6319449635399.229 34.30268722153626 607.7716917862086
6416193635399.229 34.043095317399874 600.9955902530072
6512937635399.229 33.78930912491913 594.394149903854
6609681635399.229 33.54111541573181 587.96038185661
6706425635399.229 33.29831176666864 581.6876736260549
6803169635399.229 33.06070586580767 575.5697637874106
6899913635399.229 32.82811487223399 569.600718676833
6996657635399.229 32.60036482466097 563.7749109391912
7093401635399.229 32.377290094566234 558.0869997534584
7190145635399.229 32.15873287993586 552.5319125837036
7286889635399.229 31.944542736100573 547.1048283192794
7383633635399.229 31.734576140494376 541.8011616816284
7480377635399.229 31.528696088474554 536.6165487873943
7577121635399.229 31.32677171761678 531.5468337684129
7673865635399.229 31.128677958144472 526.5880563588593
7770609635399.229 30.934295207370806 521.7364403684652
7867353635399.229 30.743509026227894 516.988382968431
7964097635399.229 30.556209856134004 512.3404447235545
8060841635399.229 30.372292754607106 507.78934031026773
8157585635399.229 30.191657148175512 503.331929865804
8254329635399.229 30.014206601263837 498.96521091868544
8351073635399.229 29.839848599847766 494.68631085518217
8447817635399.229 29.668494348775205 490.49247988041225
8544561635399.229 29.500058581744963 486.38108443637014
8641305635399.229 29.334459383019365 482.3496010424365
8738049635399.229 29.17161802002399 478.39561052687395
8834793635399.229 29.01145878605734 474.5167926204771
8931537635399.229 28.85390885239682 470.7109208859646
9028281635399.229 28.69889812914468 466.9758579588869
9125025635399.229 28.546359134210057 463.3095510778112
9221769635399.229 28.39622686987078 459.7100278833487
9318513635399.229 28.24843870640213 456.17539246723084
9415257635399.229 28.10293427229932 452.70382165413423
9512001635399.229 27.959655350656643 449.2935615003147
9608745635399.229 27.818545781299335 445.9429239943514
9705489635399.229 27.67955136829456 442.6502839464375
9802233635399.229 27.542619792495415 439.4140760536861
9898977635399.229 27.407700528797594 436.23279212986813
9995721635399.229 27.274744767811445 433.1049784888692
10092465635399.229 27.143705341673574 430.02923347194053
10189209635399.229 27.014536653742038 427.00420510955286
10285953635399.229 26.887194611937037 424.0285889093294
10382697635399.229 26.761636565505786 421.1011257621468
10479441635399.229 26.63782124500571 418.220599959059
10576185635399.229 26.515708705314033 415.3858373122191
10672929635399.229 26.395260271485167 412.5957033734515
10769673635399.229 26.276438487289116 409.8491017445674
10866417635399.229 26.159207066275535 407.1449724739255
10963161635399.229 26.043530845218083 404.4822905341122
11059905635399.229 25.929375739803604 401.86006437596484
11156649635399.229 25.81670870243922 399.277334554479
11253393635399.229 25.70549768205876 396.7331724224414
11350137635399.229 25.5957115858175 394.226678887899
11446881635399.229 25.487320242571325 391.75698323183366
11543625635399.229 25.380294368042797 389.323241982644
11640369635399.229 25.27460553158289 386.92463784425604
11737113635399.229 25.170226124442667 384.5603786748867
11833857635399.229 25.067129329474586 382.2296965136706
11930601635399.229 24.965289092187753 379.931846652539
12027345635399.229 24.864680093086424 377.66610675089856
12124089635399.229 24.76527772122486 375.43177599081093
12220833635399.229 24.6670580489159 373.22817427051444
12317577635399.229 24.569997807534303 371.05464143426076
12414321635399.229 24.47407436435914 368.9105365365599
12511065635399.229 24.379265700403067 366.7952371390436
12607809635399.229 24.28555038917905 364.70813863826066
12704553635399.229 24.192907576358106 362.648653622819
12801297635399.229 24.101316960274207 360.61621125838093
12898041635399.229 24.010758773234915 358.610256699105
12994785635399.229 23.92121376359878 356.6302505242086
13091529635399.229 23.832663178582457 354.6756681984023
13188273635399.229 23.745088747762882 352.7459995550154
13285017635399.229 23.658472667241316 350.8407483007012
13381761635399.229 23.572797584438312 348.95943154067146
13478505635399.229 23.488046583489965 347.10157932346783
13575249635399.229 23.404203171217606 345.2667342043322
13671993635399.229 23.321251263644523 343.4544508262911
13768737635399.229 23.239175173034667 341.66429551811507
13865481635399.229 23.157959595429578 339.89584590836046
13962225635399.229 23.077589598661188 338.14869055474395
