0.0 6800.0
0.050866307633965456 6800.0
0.09639469045608731 6800.0
0.13759983388804675 6800.0
0.1752320481172747 6800.0
0.2098618170721684 6600.0
0.2490956038448655 6400.0
0.28297316860331895 6200.0
0.3144498114547001 6000.0
0.34468238269338547 5800.0
0.3742813730090712 5600.0
0.403628433951831 5400.0
0.43299234459856195 5200.0
0.462580998619593 5000.0
0.49256824812682914 4800.0
0.5231094290061675 4600.0
0.5543513300577049 4400.0
0.5864393194484527 4200.0
0.6195230548648528 4000.0
0.6537616229407582 3800.0
0.6893286913459082 3600.0
0.726418159538521 3400.0
0.7652508011958629 3200.0
0.8060824867640041 3000.0
0.8492147713784027 2800.0
0.895008974181152 2600.0
0.9439054462756558 2400.0
0.9964506913456079 2200.0
1.0533366850719261 2000.0
1.1154597806565854 1850.4379608508282
1.1475363231390845 1759.876913070227
1.177405802626538 1679.1118443314192
1.2053524837207923 1606.5700174494907
1.2316090191235984 1541.0043397473116
1.2563682342073739 1481.4124145971855
1.2797917289741383 1426.9787326404821
1.3020162761780454 1377.0326096955025
1.3231586602644239 1331.017065822534
1.3433193919693367 1288.465450059259
1.3625855981991044 1248.9836419894682
1.3810332976058068 1212.2363305740582
1.3987292121889399 1177.9363157937025
1.4157322240104717 1145.8360801507813
1.43209455731275 1115.7210847338768
1.4478627459044127 1087.4043897795982
1.4630784309853575 1060.7223026838328
1.477779023870419 1035.530830447799
1.4919982601679918 1011.7027673956043
1.505766666072483 989.1252886138624
1.5191119529829404 967.6979490112691
1.532059353274887 947.3310100011946
1.5446319074516088 927.9440325565724
1.556850710886097 909.4646881822829
1.568735126791176 891.8277492069143
1.5803029708172027 874.9742274463415
1.5915706716956806 858.8506362724845
1.6025534115646753 843.4083558280811
1.6132652489839123 828.6030848572883
1.6237192271404266 814.394365593821
1.6339274693340038 800.7451705305516
1.6439012634956711 787.6215418145252
1.6536511372168858 774.9922755669623
1.6631869245398836 762.8286446944597
1.6725178255715358 751.1041547938488
1.6816524598265958 739.794328604773
1.6905989140755653 728.8765151669469
1.6993647853628384 718.329720421619
1.70795721976858 708.1344564815113
1.7163829474098895 698.2726071983981
1.7246483141107705 688.7273079969119
1.7327593101142629 679.4828382287084
1.7407215961621654 670.5245245421429
1.74854052722676 661.8386539667163
1.7562211741437261 653.4123955849246
1.763768343365124 645.2337298118704
1.77118659502514 637.2913844292152
1.778480259488642 629.5747766282154
1.7856534525329129 622.0739604095048
1.7927100892958439 614.7795787673424
1.7996538971089309 607.6828201551657
1.8064884273203945 600.7753787891372
