[blue0101.spec.fits] 1 2834 100.00 1.123  3816.0  6790.0 hd338808
3816.0 2.1857675336185518e-13 49.0 286889.38978584396
3862.0 2.3184416174051777e-13 49.0 5567381.935641741
3945.0 2.305295952867929e-13 49.0 8362395.673961013
4000.0 2.326487482965637e-13 49.0 8842077.441093605
4036.0 2.3276538060964436e-13 49.0 8715899.994321719
4065.0 2.315792286658807e-13 49.0 7888625.10264246
4167.0 2.329022595818942e-13 49.0 8332441.5110562015
4190.0 2.324837793060514e-13 49.0 8733390.828210901
4255.0 2.3389534260225477e-13 49.0 8837884.787048522
4290.0 2.3222347445920476e-13 49.0 8978557.667041877
4370.0 2.3006885387511387e-13 49.0 8813347.75553495
4464.0 2.287559142215439e-13 49.0 9644839.638760887
4498.0 2.3162306314502324e-13 49.0 10785967.902813379
4566.0 2.3754663821606675e-13 49.0 10376763.60402659
4604.0 2.358034055418196e-13 49.0 10926202.029303135
4678.0 2.3480117612967486e-13 49.0 11403541.782535797
4735.0 2.334429357666511e-13 49.0 11496352.469461897
4785.0 2.328395861528957e-13 49.0 11738431.037004061
4825.0 2.3325237129174033e-13 49.0 11185233.54507996
4914.0 2.3331915700980293e-13 49.0 12039350.399478778
5000.0 2.338194821117958e-13 49.0 12362992.849644104
5067.0 2.3840694045530735e-13 49.0 12468091.36936453
5145.0 2.443711568235967e-13 49.0 12161965.85060817
5206.0 2.499265391670582e-13 49.0 12217362.200787084
5263.0 2.537195677816845e-13 49.0 12039648.707515381
5341.0 2.532652160348187e-13 49.0 11709694.538755143
5440.0 2.5563652394358436e-13 49.0 11159497.330138136
5504.0 2.5672245220391636e-13 49.0 10848389.380098911
5556.0 2.566233847290941e-13 49.0 10543398.623577762
5630.0 2.522341661725559e-13 49.0 10115299.277754446
5710.0 2.497747232443139e-13 49.0 9444079.786315775
5775.0 2.464431355608994e-13 49.0 8865198.076069657
5840.0 2.4321760561915985e-13 49.0 8535078.98826606
5910.0 2.396876962208936e-13 49.0 7583179.575518185
5980.0 2.384615348506208e-13 49.0 7362657.825541455
6056.0 2.3466535122428707e-13 49.0 6904812.2047957685
6140.0 2.325326605375655e-13 49.0 6270169.93052941
6220.0 2.286861871089506e-13 49.0 5640470.777151702
6290.0 2.2569368735089656e-13 49.0 4992032.620477901
6365.0 2.245038985205768e-13 49.0 4556143.6453517545
6436.0 2.2160963175119134e-13 49.0 4097831.257793923
6473.0 2.2111056223285517e-13 49.0 3600469.4016715423
6530.0 2.1927763594251496e-13 49.0 3088397.5067916657
6600.0 2.186416176300638e-13 49.0 2712461.9348737905
6670.0 2.1605734504640346e-13 49.0 2292846.62068127
6740.0 2.1552661588953824e-13 49.0 1838309.259494231
6790.0 2.1432910694353162e-13 49.0 1437764.2871692483
