3767.57424383  -64075.29
3768.65314049073  -57273.36
3769.73203715146  -54678.68
3770.81093381219  -55087.09
3771.88983047292  -58692.95
3772.96872713365  -59710.96
3774.04762379438  -63987.82
3775.12652045511  -65700.2
3776.20541711584  -65776.54
3777.28431377657  -66531.88
3778.3632104373  -65896.38
3779.44210709803  -68612.55
3780.52100375876  -66888.93
3781.59990041949  -65193.95
3782.67879708022  -62127.22
3783.75769374095  -62108.61
3784.83659040168  -55856.11
3785.91548706241  -55984.58
3786.99438372314  -51173.73
3788.07328038387  -42731.1
3789.1521770446  -38310.55
3790.23107370533  -37339.73
3791.30997036606  -33679.84
3792.38886702679  -30337.36
3793.46776368752  -27488.37
3794.54666034825  -24757.81
3795.62555700898  -19438.89
3796.70445366971  -17680.36
3797.78335033044  -15616.33
3798.86224699117  -14275.63
3799.9411436519  -13895.61
3801.02004031263  -13700.28
3802.09893697336  -13244.09
3803.17783363409  -12445.07
3804.25673029482  -11086.87
3805.33562695555  -9738.093
3806.41452361628  -8470.074
3807.49342027701  -7485.888
3808.57231693774  -6178.503
3809.65121359847  -4678.893
3810.7301102592  -3324.535
3811.80900691993  -1860.635
3812.88790358066  -413.6041
3813.96680024139  1081.224
3815.04569690212  2683.83
3816.12459356285  4166.324
3817.20349022358  5382.293
3818.28238688431  6370.054
3819.36128354504  7627.091
3820.44018020577  8928.573
3821.5190768665  10509.53
3822.59797352723  12466.55
3823.67687018796  14365.44
3824.75576684869  15726.49
3825.83466350942  17618.59
3826.91356017015  19431.11
3827.99245683088  19856.6
3829.07135349161  20324.91
3830.15025015234  20921.95
3831.22914681307  21527.24
3832.3080434738  20166.47
3833.38694013453  18959.99
3834.46583679526  18925.26
3835.54473345599  18957.5
3836.62363011672  20423.12
3837.70252677745  22226.94
3838.78142343818  25085.16
3839.86032009891  28549.53
3840.93921675964  32415.51
3842.01811342037  34479.3
3843.0970100811  35372.82
3844.17590674183  38980.74
3845.25480340256  42167.59
3846.33370006329  42319.86
3847.41259672402  43987.93
3848.49149338475  45346.41
3849.57039004548  47268.36
3850.64928670621  48563.69
3851.72818336694  49715.86
3852.80708002767  50607.03
3853.8859766884  49387.3
3854.96487334913  51956.09
3856.04377000986  52600.85
3857.12266667059  53357.34
3858.20156333132  54626.41
3859.28045999205  56170.88
3860.35935665278  54637.27
3861.43825331351  56742.34
3862.51714997424  59693.47
3863.59604663497  59504.03
3864.6749432957  57530.27
3865.75383995643  58307.21
3866.83273661716  58319.29
3867.91163327789  57174.7
3868.99052993862  59778.64
3870.06942659935  59675.25
3871.14832326008  58933.77
3872.22721992081  60938.34
3873.30611658154  60865.93
3874.38501324227  59333.07
3875.463909903  60686.75
3876.54280656373  64426.9
3877.62170322446  63000.24
3878.70059988519  62014.12
3879.77949654592  62916.46
3880.85839320665  62756.23
3881.93728986738  60989.28
3883.01618652811  60920.24
3884.09508318884  59105.55
3885.17397984957  55007.15
3886.2528765103  51706.55
3887.33177317103  49579.85
3888.41066983176  45190.74
3889.48956649249  43775.17
3890.56846315322  45851.3
3891.64735981395  49196.12
3892.72625647468  54240.67
3893.80515313541  60169.18
3894.88404979614  64910.93
3895.96294645687  68624.23
3897.0418431176  69945.24
3898.12073977833  72805.1
3899.19963643906  75317.88
3900.27853309979  77172.69
3901.35742976052  78947.89
3902.43632642125  81283.13
3903.51522308198  84499.19
3904.59411974271  85039.48
3905.67301640344  85811.75
3906.75191306417  87912.45
3907.8308097249  87186.66
3908.90970638563  86327.02
3909.98860304636  86431.77
3911.06749970709  88190.55
3912.14639636782  89193.88
3913.22529302855  91147.44
3914.30418968928  92852.18
3915.38308635001  94810.57
3916.46198301074  94397.35
3917.54087967147  93251.78
3918.6197763322  92973.36
3919.69867299293  93541.55
3920.77756965366  93343.26
3921.85646631439  89994.57
3922.93536297512  88312.44
3924.01425963585  86839.22
3925.09315629658  85844.88
3926.17205295731  86367.95
3927.25094961804  87035.55
3928.32984627877  85504.7
3929.4087429395  85076.27
3930.48763960023  86305.82
3931.56653626096  86220.63
3932.64543292169  83402.9
3933.72432958242  79639.4
3934.80322624315  83036.53
3935.88212290388  85487.59
3936.96101956461  86686.61
3938.03991622534  88067.99
3939.11881288607  87116.06
3940.1977095468  85187.66
3941.27660620753  85152.79
3942.35550286826  86513.48
3943.43439952899  86526.92
3944.51329618972  85589.04
3945.59219285045  85724.8
3946.67108951118  85745.16
3947.74998617191  85575.58
3948.82888283264  86076.6
3949.90777949337  86472.17
3950.9866761541  85503.73
3952.06557281483  85671.19
3953.14446947556  85120.91
3954.22336613629  84797.98
3955.30226279702  84813.24
3956.38115945775  84709.49
3957.46005611848  84851.33
3958.53895277921  85284.24
3959.61784943994  86328.44
3960.69674610067  84770.66
3961.7756427614  80832.1
3962.85453942213  78739.45
3963.93343608286  78466.15
3965.01233274359  73124.62
3966.09122940432  68428.12
3967.17012606505  63013.5
3968.24902272578  57524.43
3969.32791938651  54015.82
3970.40681604724  53326.39
3971.48571270797  56505.63
3972.5646093687  61169.68
3973.64350602943  66884.14
3974.72240269016  72567.56
3975.80129935089  76489.03
3976.88019601162  78949.8
3977.95909267235  82633.39
3979.03798933308  86998.86
3980.11688599381  88342.17
3981.19578265454  88143.95
3982.27467931527  89566.22
3983.353575976  90656.8
3984.43247263673  90679.27
3985.51136929746  92024.37
3986.59026595819  93021.73
3987.66916261892  93290.87
3988.74805927965  93878.36
3989.82695594038  93798.34
3990.90585260111  93189.77
3991.98474926184  94449.03
3993.06364592257  93419.77
3994.1425425833  91883.95
3995.22143924403  92515.45
3996.30033590476  91613.48
3997.37923256549  91572.43
3998.45812922622  91387.32
3999.53702588695  92243.38
4000.61592254768  92198.96
4001.69481920841  93486.09
4002.77371586914  93335.28
4003.85261252987  91378.66
4004.9315091906  91017.21
4006.01040585133  88761.11
4007.08930251206  86930.33
4008.16819917279  86209.42
4009.24709583352  83654.8
4010.32599249425  83561.47
4011.40488915498  85979.27
4012.48378581571  87425.73
4013.56268247644  88587.45
4014.64157913717  90540.11
4015.7204757979  92677.48
4016.79937245863  92530.05
4017.87826911936  91743.66
4018.95716578009  90730.41
4020.03606244082  90017.48
4021.11495910155  90043.57
4022.19385576228  89652.71
4023.27275242301  85042.27
4024.35164908374  79605.62
4025.43054574447  76236.8
4026.5094424052  74520.81
4027.58833906593  76081.02
4028.66723572666  80031.32
4029.74613238739  83989.8
4030.82502904812  87147.91
4031.90392570885  89738.53
4032.98282236958  90278.52
4034.06171903031  88803.62
4035.14061569104  89605.42
4036.21951235177  89941.09
4037.2984090125  90056.85
4038.37730567323  90674.59
4039.45620233396  90019.27
4040.53509899469  89273.81
4041.61399565542  88330.13
4042.69289231615  88002.97
4043.77178897688  87893.85
4044.85068563761  89150.08
4045.92958229834  89269.54
4047.00847895907  89345.65
4048.0873756198  90123.26
4049.16627228053  90470.22
4050.24516894126  89548.08
4051.32406560199  89163.93
4052.40296226272  90413.41
4053.48185892345  89226.41
4054.56075558418  88660.74
4055.63965224491  89301.55
4056.71854890564  89189.87
4057.79744556637  89431.54
4058.8763422271  90516.33
4059.95523888783  89967.36
4061.03413554856  89073.93
4062.11303220929  88377.16
4063.19192887002  88936.19
4064.27082553075  88782.04
4065.34972219148  89718.86
4066.42861885221  88789.89
4067.50751551294  87170.02
4068.58641217367  86732.93
4069.6653088344  85895.6
4070.74420549513  85279.73
4071.82310215586  83994.7
4072.90199881659  84456.81
4073.98089547732  84978.44
4075.05979213805  84651.1
4076.13868879878  84006.97
4077.21758545951  84942.71
4078.29648212024  85114.77
4079.37537878097  84410.13
4080.4542754417  83973.05
4081.53317210243  83781.8
4082.61206876316  85017.47
4083.69096542389  82782.84
4084.76986208462  81010.51
4085.84875874535  81376.77
4086.92765540608  80702.4
4088.00655206681  80815.34
4089.08544872754  79777.23
4090.16434538827  78726.44
4091.243242049  78472.7
4092.32213870973  78396.7
4093.40103537046  75845.16
4094.47993203119  73434.52
4095.55882869192  71190.23
4096.63772535265  67966.29
4097.71662201338  64402.02
4098.79551867411  59833.66
4099.87441533484  55147.59
4100.95331199557  51194.29
4102.0322086563  49716.57
4103.11110531703  50892.23
4104.19000197776  53860.42
4105.26889863849  58087.55
4106.34779529922  63808.07
4107.42669195995  67962.49
4108.50558862068  70756.84
4109.58448528141  73131.59
4110.66338194214  75270.57
4111.74227860287  76298.13
4112.8211752636  77271.28
4113.90007192433  78312.
4114.97896858506  79560.2
4116.05786524579  79792.14
4117.13676190652  80166.41
4118.21565856725  79281.31
4119.29455522798  77660.81
4120.37345188871  77570.35
4121.45234854944  77762.45
4122.53124521017  78535.44
4123.6101418709  79591.04
4124.68903853163  81079.65
4125.76793519236  82564.48
4126.84683185309  84036.41
4127.92572851382  84270.38
4129.00462517455  84253.37
4130.08352183528  83170.48
4131.16241849601  82967.03
4132.24131515674  84074.56
4133.32021181747  84398.21
4134.3991084782  83541.5
4135.47800513893  85052.59
4136.55690179966  85189.97
4137.63579846039  83662.99
4138.71469512112  83994.46
4139.79359178185  83434.93
4140.87248844258  81283.64
4141.95138510331  79330.32
4143.03028176404  76376.6
4144.10917842477  75008.82
4145.1880750855  76500.45
4146.26697174623  78941.33
4147.34586840696  81312.89
4148.42476506769  83132.02
4149.50366172842  83641.66
4150.58255838915  84496.02
4151.66145504988  84793.79
4152.74035171061  84839.22
4153.81924837134  84096.34
4154.89814503207  84756.3
4155.9770416928  85971.91
4157.05593835353  86930.62
4158.13483501426  86256.98
4159.21373167499  86782.66
4160.29262833572  87639.77
4161.37152499645  87338.49
4162.45042165718  86464.69
4163.52931831791  85947.23
4164.60821497864  85597.73
4165.68711163937  85144.05
4166.7660083001  85638.81
4167.84490496083  86297.17
4168.92380162156  85419.47
4170.00269828229  85085.25
4171.08159494302  85109.7
4172.16049160375  85329.74
4173.23938826448  85454.59
4174.31828492521  85932.02
4175.39718158594  86080.41
4176.47607824667  85410.47
4177.5549749074  85778.64
4178.63387156813  86167.13
4179.71276822886  85757.41
4180.79166488959  85975.09
4181.87056155032  86029.94
4182.94945821105  86137.17
4184.02835487178  86100.86
4185.10725153251  86462.91
4186.18614819324  85727.03
4187.26504485397  85481.66
4188.3439415147  86277.41
4189.42283817543  86888.23
4190.50173483616  86347.17
4191.58063149689  87427.95
4192.65952815762  87202.91
4193.73842481835  86882.4
4194.81732147908  87221.09
4195.89621813981  87504.99
4196.97511480054  87605.52
4198.05401146127  87852.55
4199.132908122  87316.09
4200.21180478273  87910.66
4201.29070144346  87058.91
4202.36959810419  87868.94
4203.44849476492  88033.69
4204.52739142565  87566.84
4205.60628808638  87706.75
4206.68518474711  87844.74
4207.76408140784  87352.6
4208.84297806857  87658.68
4209.9218747293  88319.4
4211.00077139003  88757.77
4212.07966805076  88011.3
4213.15856471149  88685.34
4214.23746137222  89140.94
4215.31635803295  87563.48
4216.39525469368  87492.04
4217.47415135441  88367.52
4218.55304801514  88240.48
4219.63194467587  88516.45
4220.7108413366  88292.77
4221.78973799733  87422.05
4222.86863465806  87806.15
4223.94753131879  88240.41
4225.02642797952  87849.66
4226.10532464025  88220.71
4227.18422130098  88098.3
4228.26311796171  87608.9
4229.34201462244  87870.7
4230.42091128317  88578.12
4231.4998079439  88674.12
4232.57870460463  89006.47
4233.65760126536  88423.09
4234.73649792609  87846.96
4235.81539458682  87857.01
4236.89429124755  87767.12
4237.97318790828  87351.66
4239.05208456901  86457.91
4240.13098122974  86653.59
4241.20987789047  86756.86
4242.2887745512  86204.16
4243.36767121193  86885.3
4244.44656787266  88036.48
4245.52546453339  88954.03
4246.60436119412  89498.15
4247.68325785485  89019.
4248.76215451558  88971.76
4249.84105117631  89197.98
4250.91994783704  89039.38
4251.99884449777  88731.78
4253.0777411585  88149.46
4254.15663781923  87837.35
4255.23553447996  86851.3
4256.31443114069  88209.24
4257.39332780142  89713.6
4258.47222446215  88788.7
4259.55112112288  89294.86
4260.63001778361  89919.48
4261.70891444434  89759.13
4262.78781110507  90441.23
4263.8667077658  90336.85
4264.94560442653  89149.48
4266.02450108726  87676.2
4267.10339774799  86856.33
4268.18229440872  87490.49
4269.26119106945  88424.74
4270.34008773018  89151.35
4271.41898439091  90953.65
4272.49788105164  89827.42
4273.57677771237  88688.07
4274.6556743731  87288.86
4275.73457103383  87016.48
4276.81346769456  87440.39
4277.89236435529  88092.12
4278.97126101602  89041.27
4280.05015767675  89279.03
4281.12905433748  88942.3
4282.20795099821  89252.8
4283.28684765894  90245.79
4284.36574431967  88698.9
4285.4446409804  88586.68
4286.52353764113  89369.06
4287.60243430186  89900.8
4288.68133096259  89874.52
4289.76022762332  89764.73
4290.83912428405  89593.08
4291.91802094478  89906.5
4292.99691760551  90060.39
4294.07581426624  90978.66
4295.15471092697  91094.75
4296.2336075877  90868.58
4297.31250424843  91388.1
4298.39140090916  91787.3
4299.47029756989  91862.16
4300.54919423062  91832.67
4301.62809089135  91896.57
4302.70698755208  91654.96
4303.78588421281  91335.74
4304.86478087354  90419.97
4305.94367753427  90321.26
4307.022574195  91017.34
4308.10147085573  91043.41
4309.18036751646  91743.96
4310.25926417719  92104.08
4311.33816083792  90840.29
4312.41705749865  90473.3
4313.49595415938  91848.3
4314.57485082011  91033.64
4315.65374748084  89794.51
4316.73264414157  89480.18
4317.8115408023  88733.51
4318.89043746303  88224.92
4319.96933412376  88517.75
4321.04823078449  89838.59
4322.12712744522  89411.32
4323.20602410595  89464.97
4324.28492076668  88970.43
4325.36381742741  88660.04
4326.44271408814  88966.11
4327.52161074887  87478.13
4328.6005074096  87349.04
4329.67940407033  86464.8
4330.75830073106  85135.21
4331.83719739179  83353.33
4332.91609405252  81753.63
4333.99499071325  79590.98
4335.07388737398  77205.09
4336.15278403471  73286.08
4337.23168069544  67621.52
4338.31057735617  61914.74
4339.3894740169  58018.67
4340.46837067763  56793.32
4341.54726733836  56951.09
4342.62616399909  60236.71
4343.70506065982  65000.41
4344.78395732055  69748.09
4345.86285398128  73519.3
4346.94175064201  77217.55
4348.02064730274  79758.55
4349.09954396347  81735.45
4350.1784406242  82783.69
4351.25733728493  84063.27
4352.33623394566  85672.91
4353.41513060639  87531.67
4354.49402726712  88521.98
4355.57292392785  89836.65
4356.65182058858  90830.18
4357.73071724931  91204.8
4358.80961391004  92360.12
4359.88851057077  92550.92
4360.9674072315  92917.55
4362.04630389223  93083.62
4363.12520055296  93085.79
4364.20409721369  91872.74
4365.28299387442  92055.4
4366.36189053515  91901.7
4367.44078719588  91837.84
4368.51968385661  92333.61
4369.59858051734  93007.31
4370.67747717807  93057.08
4371.7563738388  92768.89
4372.83527049953  93097.52
4373.91416716026  94147.21
4374.99306382099  93879.31
4376.07196048172  94387.81
4377.15085714245  94364.95
4378.22975380318  94094.8
4379.30865046391  93971.8
4380.38754712464  94478.73
4381.46644378537  94395.73
4382.5453404461  94431.27
4383.62423710683  94458.88
4384.70313376756  91953.38
4385.78203042829  88563.19
4386.86092708902  86053.41
4387.93982374975  83734.26
4389.01872041048  83861.3
4390.09761707121  86291.44
4391.17651373194  89864.41
4392.25541039267  93548.52
4393.3343070534  95661.31
4394.41320371413  96150.49
4395.49210037486  96091.45
4396.57099703559  95655.02
4397.64989369632  95958.95
4398.72879035705  96639.83
4399.80768701778  96388.68
4400.88658367851  97264.18
4401.96548033924  97859.94
4403.04437699997  96975.98
4404.1232736607  96652.06
4405.20217032143  97124.55
4406.28106698216  97016.33
4407.35996364289  96954.12
4408.43886030362  96355.59
4409.51775696435  96235.05
4410.59665362508  96860.6
4411.67555028581  96890.08
4412.75444694654  96181.34
4413.83334360727  94809.1
4414.912240268  94282.36
4415.99113692873  93305.7
4417.07003358946  92750.07
4418.14893025019  93339.75
4419.22782691092  93983.42
4420.30672357165  94301.19
4421.38562023238  94487.85
4422.46451689311  94596.42
4423.54341355384  94883.91
4424.62231021457  93795.02
4425.7012068753  92983.17
4426.78010353603  92751.56
4427.85900019676  92573.92
4428.93789685749  92493.73
4430.01679351822  93287.54
4431.09569017895  93784.87
4432.17458683968  93730.99
4433.25348350041  94112.65
4434.33238016114  95050.23
4435.41127682187  95508.43
4436.4901734826  96718.09
4437.56907014333  96779.62
4438.64796680406  96408.28
4439.72686346479  97989.98
4440.80576012552  99099.16
4441.88465678625  99047.02
4442.96355344698  98885.54
4444.04245010771  99250.55
4445.12134676844  99400.25
4446.20024342917  98732.91
4447.2791400899  98492.47
4448.35803675063  98035.01
4449.43693341136  98757.52
4450.51583007209  98796.73
4451.59472673282  99115.34
4452.67362339355  99863.45
4453.75252005428  100296.5
4454.83141671501  100390.9
4455.91031337574  100408.7
4456.98921003647  100053.5
4458.0681066972  100856.9
4459.14700335793  101147.5
4460.22590001866  101437.1
4461.30479667939  102489.8
4462.38369334012  101090.6
4463.46259000085  99473.21
4464.54148666158  99978.32
4465.62038332231  99193.53
4466.69927998304  98582.34
4467.77817664377  95615.72
4468.8570733045  91605.72
4469.93596996523  88100.58
4471.01486662596  84609.27
4472.09376328669  85401.5
4473.17265994742  87052.8
4474.25155660815  92569.37
4475.33045326888  97319.1
4476.40934992961  98996.55
4477.48824659034  99484.52
4478.56714325107  99559.53
4479.6460399118  98317.5
4480.72493657253  97810.86
4481.80383323326  98438.56
4482.88272989399  99531.82
4483.96162655472  101424.
4485.04052321545  102359.7
4486.11941987618  101552.9
4487.19831653691  101513.1
4488.27721319764  101286.4
4489.35610985837  102051.2
4490.4350065191  101704.1
4491.51390317983  102743.8
4492.59279984056  103031.4
4493.67169650129  103539.3
4494.75059316202  103720.9
4495.82948982275  104231.9
4496.90838648348  105095.9
4497.98728314421  105489.5
4499.06617980494  105097.9
4500.14507646567  103927.6
4501.2239731264  103899.7
4502.30286978713  104907.6
4503.38176644786  105748.8
4504.46066310859  106173.
4505.53955976932  107306.2
4506.61845643005  108133.7
4507.69735309078  108546.7
4508.77624975151  109289.9
4509.85514641224  110169.7
4510.93404307297  111922.5
4512.0129397337  111602.9
4513.09183639443  112572.8
4514.17073305516  114082.9
4515.24962971589  111830.3
4516.32852637662  113330.5
4517.40742303735  113599.8
4518.48631969808  113509.6
4519.56521635881  111241.4
4520.64411301954  115166.9
4521.72300968027  116097.2
4522.801906341  116974.8
4523.88080300173  117622.1
4524.95969966246  112121.9
4526.03859632319  113080.6
4527.11749298392  114159.1
4528.19638964465  109682.6
4529.27528630538  110276.
4530.35418296611  112040.5
4531.43307962684  109948.7
4532.51197628757  111355.3
4533.5908729483  111245.4
4534.66976960903  109458.
4535.74866626976  110314.6
4536.82756293049  110824.8
4537.90645959122  109834.9
4538.98535625195  108591.6
4540.06425291268  108524.4
4541.14314957341  108325.
4542.22204623414  107710.2
4543.30094289487  107689.4
4544.3798395556  106529.9
4545.45873621633  105317.9
4546.53763287706  104627.4
4547.61652953779  104125.9
4548.69542619852  103157.4
4549.77432285925  101432.7
4550.85321951998  100863.6
4551.93211618071  99806.8
4553.01101284144  97814.84
4554.08990950217  98104.77
4555.1688061629  99145.38
4556.24770282363  98652.28
4557.32659948436  99850.2
4558.40549614509  100335.4
4559.48439280582  99915.93
4560.56328946655  101212.3
4561.64218612728  101322.8
4562.72108278801  100389.5
4563.79997944874  99897.91
4564.87887610947  101249.7
4565.9577727702  100989.9
4567.03666943093  99699.48
4568.11556609166  98952.34
4569.19446275239  100602.4
4570.27335941312  102215.
4571.35225607385  102579.3
4572.43115273458  102699.3
4573.51004939531  102886.1
4574.58894605604  102522.3
4575.66784271677  102982.4
4576.7467393775  103255.9
4577.82563603823  104251.4
4578.90453269896  105616.8
4579.98342935969  105465.
4581.06232602042  104538.4
4582.14122268115  104858.1
4583.22011934188  105812.
4584.29901600261  106783.
4585.37791266334  106920.4
4586.45680932407  107658.1
4587.5357059848  108096.5
4588.61460264553  106963.7
4589.69349930626  106653.4
4590.77239596699  107637.2
4591.85129262772  106830.
4592.93018928845  106833.5
4594.00908594918  107064.6
4595.08798260991  107001.6
4596.16687927064  107091.1
4597.24577593137  107045.
4598.3246725921  108180.9
4599.40356925283  107999.7
4600.48246591356  107966.7
4601.56136257429  108178.7
4602.64025923502  108145.6
4603.71915589575  108953.9
4604.79805255648  108403.3
4605.87694921721  108217.8
4606.95584587794  107623.1
4608.03474253867  107562.9
4609.1136391994  108061.9
4610.19253586013  108916.3
4611.27143252086  109050.
4612.35032918159  108919.4
4613.42922584232  109401.9
4614.50812250305  109091.7
4615.58701916378  109502.8
4616.66591582451  109901.2
4617.74481248524  109988.6
4618.82370914597  109770.1
4619.9026058067  110257.7
4620.98150246743  109317.7
4622.06039912816  109215.9
4623.13929578889  110682.9
4624.21819244962  110371.
4625.29708911035  111319.
4626.37598577108  112485.8
4627.45488243181  111957.4
4628.53377909254  111101.6
4629.61267575327  109805.3
4630.691572414  109445.
4631.77046907473  110111.6
4632.84936573546  111632.3
4633.92826239619  112322.3
4635.00715905692  112374.3
4636.08605571765  112778.1
4637.16495237838  112860.1
4638.24384903911  111091.2
4639.32274569984  111126.3
4640.40164236057  111360.7
4641.4805390213  109750.3
4642.55943568203  109048.6
4643.63833234276  110839.9
4644.71722900349  110413.3
4645.79612566422  110363.
4646.87502232495  112372.
4647.95391898568  110943.5
4649.03281564641  109410.8
4650.11171230714  110199.2
4651.19060896787  110407.1
4652.2695056286  111159.3
4653.34840228933  112769.
4654.42729895006  113411.8
4655.50619561079  114538.2
4656.58509227152  115183.7
4657.66398893225  114755.8
4658.74288559298  113565.9
4659.82178225371  113860.
4660.90067891444  113297.
4661.97957557517  112001.9
4663.0584722359  113414.1
4664.13736889663  113892.4
4665.21626555736  113449.3
4666.29516221809  113364.6
4667.37405887882  114035.6
4668.45295553955  114269.5
4669.53185220028  115084.7
4670.61074886101  115280.6
4671.68964552174  114203.9
4672.76854218247  114157.7
4673.8474388432  113872.6
4674.92633550393  112729.1
4676.00523216466  113208.4
4677.08412882539  113549.7
4678.16302548612  112804.8
4679.24192214685  113447.2
4680.32081880758  114904.7
4681.39971546831  116741.4
4682.47861212904  116610.1
4683.55750878977  115953.3
4684.6364054505  115235.6
4685.71530211123  116120.1
4686.79419877197  116317.
4687.87309543269  116763.2
4688.95199209342  117170.4
4690.03088875415  116026.8
4691.10978541488  116737.3
4692.18868207561  116491.
4693.26757873634  116230.3
4694.34647539707  115737.5
4695.4253720578  115419.4
4696.50426871853  115848.9
4697.58316537926  115349.5
4698.66206203999  114708.1
4699.74095870072  115198.8
4700.81985536145  115066.5
4701.89875202218  114651.8
4702.97764868291  115287.3
4704.05654534364  115722.4
4705.13544200437  116726.2
4706.2143386651  116413.9
4707.29323532583  116040.9
4708.37213198656  117121.7
4709.45102864729  115833.
4710.52992530802  113028.3
4711.60882196875  112238.4
4712.68771862948  111296.7
4713.76661529021  110598.
4714.84551195095  111416.8
4715.92440861167  113538.7
4717.0033052724  114889.5
4718.08220193313  115421.1
4719.16109859386  115695.9
4720.23999525459  115679.2
4721.31889191532  116148.4
4722.39778857605  116453.1
4723.47668523678  116221.3
4724.55558189751  115370.5
4725.63447855824  113143.9
4726.71337521897  112838.
4727.7922718797  113051.3
4728.87116854043  113325.4
4729.95006520116  114361.3
4731.02896186189  115495.
4732.10785852262  116206.1
4733.18675518335  116360.2
4734.26565184409  115307.3
4735.34454850481  115122.7
4736.42344516554  114524.4
4737.50234182627  116475.6
4738.581238487  116201.6
4739.66013514773  115530.2
4740.73903180846  115681.2
4741.81792846919  115276.3
4742.89682512992  114932.7
4743.97572179065  115831.4
4745.05461845138  116257.3
4746.13351511211  116455.
4747.21241177284  115688.3
4748.29130843357  115677.1
4749.3702050943  115115.1
4750.44910175503  114752.4
4751.52799841576  115160.5
4752.60689507649  114716.
4753.68579173722  114964.6
4754.76468839795  115814.9
4755.84358505868  115044.9
4756.92248171942  114955.1
4758.00137838014  115765.3
4759.08027504087  116061.1
4760.1591717016  114361.6
4761.23806836233  115140.3
4762.31696502306  115496.
4763.39586168379  115197.6
4764.47475834452  115373.1
4765.55365500525  116102.
4766.63255166598  116248.5
4767.71144832671  116076.6
4768.79034498744  116874.2
4769.86924164817  117379.2
4770.9481383089  116369.4
4772.02703496963  116633.7
4773.10593163036  116806.7
4774.18482829109  117779.8
4775.26372495182  116996.6
4776.34262161255  116852.7
4777.42151827328  117043.3
4778.50041493401  116174.6
4779.57931159474  116252.3
4780.65820825547  116930.6
4781.7371049162  117047.6
4782.81600157693  118282.5
4783.89489823766  118885.3
4784.97379489839  118203.2
4786.05269155912  118659.4
4787.13158821985  118091.9
4788.21048488058  117292.2
4789.28938154131  117620.2
4790.36827820204  117832.6
4791.44717486277  118112.4
4792.5260715235  118485.
4793.60496818423  119121.3
4794.68386484496  118179.8
4795.76276150569  118185.1
4796.84165816642  118342.
4797.92055482715  118986.5
4798.99945148788  119267.7
4800.07834814861  118474.1
4801.15724480934  118794.9
4802.23614147007  117889.7
4803.3150381308  118453.4
4804.39393479153  118694.3
4805.47283145227  118772.7
4806.55172811299  118228.3
4807.63062477372  118304.3
4808.70952143445  119142.
4809.78841809518  119776.
4810.86731475591  118541.8
4811.94621141665  118342.9
4813.02510807737  118935.
4814.1040047381  118852.4
4815.18290139883  118837.6
4816.26179805956  118299.9
4817.34069472029  119568.4
4818.41959138102  119848.
4819.49848804175  118646.7
4820.57738470248  119352.9
4821.65628136321  119917.1
4822.73517802394  119567.6
4823.81407468467  119442.7
4824.8929713454  119506.2
4825.97186800613  119694.8
4827.05076466686  120079.8
4828.12966132759  118715.9
4829.20855798832  118166.
4830.28745464905  118673.6
4831.36635130978  118232.1
4832.44524797051  118343.9
4833.52414463124  119766.
4834.60304129197  120617.7
4835.6819379527  120042.
4836.76083461343  119471.9
4837.83973127416  118910.
4838.91862793489  118302.4
4839.99752459562  119630.2
4841.07642125635  119397.5
4842.15531791708  119272.6
4843.23421457781  118479.3
4844.31311123854  117592.4
4845.39200789927  116416.
4846.47090456  116508.
4847.54980122074  116178.9
4848.62869788146  115789.5
4849.70759454219  114856.1
4850.78649120292  113287.3
4851.86538786365  112032.8
4852.94428452438  110373.6
4854.02318118511  107257.2
4855.10207784584  103884.6
4856.18097450657  100104.9
4857.2598711673  95078.7
4858.33876782803  88971.18
4859.41766448876  81863.5
4860.49656114949  76787.51
4861.57545781022  76320.36
4862.65435447095  78446.39
4863.73325113168  83172.72
4864.81214779241  89944.17
4865.89104445314  95243.86
4866.96994111387  100139.7
4868.0488377746  104883.6
4869.12773443533  108188.5
4870.20663109606  110137.7
4871.28552775679  111127.4
4872.36442441752  112359.8
4873.44332107825  113791.8
4874.52221773898  114312.8
4875.60111439971  115006.8
4876.68001106045  116030.8
4877.75890772117  117341.5
4878.8378043819  117070.
4879.91670104263  117001.
4880.99559770336  118018.8
4882.07449436409  118440.4
4883.15339102482  118167.9
4884.23228768555  117254.6
4885.31118434628  118071.7
4886.39008100701  119432.9
4887.46897766774  120009.8
4888.54787432847  119408.4
4889.6267709892  119770.1
4890.70566764993  119788.7
4891.78456431066  120118.2
4892.86346097139  120516.9
4893.94235763212  119750.6
4895.02125429285  121067.6
4896.10015095358  120573.5
4897.17904761431  121336.6
4898.25794427504  121966.9
4899.33684093577  121424.
4900.4157375965  121100.1
4901.49463425723  120564.9
4902.57353091796  121773.
4903.65242757869  122812.1
4904.73132423942  122098.4
4905.81022090015  120589.2
4906.88911756088  120457.6
4907.96801422161  120995.3
4909.04691088234  121789.
4910.12580754307  122747.
4911.2047042038  123041.1
4912.28360086453  122388.7
4913.36249752526  123669.3
4914.44139418599  124022.1
4915.52029084672  123384.3
4916.59918750745  121069.2
4917.67808416818  119977.5
4918.75698082891  118032.
4919.83587748964  113827.
4920.91477415037  109684.5
4921.9936708111  107800.2
4923.07256747183  109257.3
4924.15146413256  111642.
4925.23036079329  115848.5
4926.30925745402  119213.6
4927.38815411475  122009.3
4928.46705077548  123506.5
4929.54594743621  123876.2
4930.62484409694  124670.4
4931.70374075767  124220.3
4932.7826374184  124690.4
4933.86153407913  123944.7
4934.94043073986  125407.7
4936.01932740059  125122.6
4937.09822406132  124754.2
4938.17712072205  124615.2
4939.25601738278  122929.9
4940.33491404351  123938.1
4941.41381070424  122706.
4942.49270736497  122634.9
4943.5716040257  123879.
4944.65050068643  123751.6
4945.72939734716  123995.2
4946.80829400789  124891.6
4947.88719066862  125497.4
4948.96608732936  124819.6
4950.04498399008  124076.6
4951.12388065081  124984.
4952.20277731154  124882.5
4953.28167397227  124714.
4954.360570633  124089.4
4955.43946729373  123159.5
4956.51836395446  125173.3
4957.5972606152  125996.9
4958.67615727592  124960.1
4959.75505393665  124878.1
4960.83395059738  124970.
4961.91284725811  124755.6
4962.99174391884  124953.3
4964.07064057957  123198.4
4965.1495372403  123622.4
4966.22843390103  124079.1
4967.30733056176  124535.4
4968.38622722249  123887.
4969.46512388322  123991.2
4970.54402054395  124374.7
4971.62291720468  124617.3
4972.70181386541  124686.3
4973.78071052614  125441.5
4974.85960718687  125518.9
4975.9385038476  124754.6
4977.01740050834  124607.2
4978.09629716906  125504.5
4979.17519382979  124900.8
4980.25409049052  124851.3
4981.33298715125  125149.4
4982.41188381198  125110.5
4983.49078047271  125117.2
4984.56967713344  123229.3
4985.64857379417  123403.2
4986.7274704549  124989.7
4987.80636711563  124889.7
4988.88526377636  123587.6
4989.9641604371  123863.3
4991.04305709782  123651.1
4992.12195375855  123924.1
4993.20085041928  123155.3
4994.27974708001  124782.2
4995.35864374074  124483.3
4996.43754040147  123203.7
4997.5164370622  123626.9
4998.59533372293  124574.3
4999.67423038366  123617.4
5000.75312704439  120799.2
5001.83202370512  119481.3
5002.91092036586  120068.
5003.98981702658  120487.2
5005.06871368731  121094.3
5006.14761034804  121533.8
5007.22650700877  122476.7
5008.3054036695  123400.3
5009.38430033023  123152.5
5010.46319699096  123615.5
5011.54209365169  122357.1
5012.62099031242  120084.6
5013.69988697315  120366.4
5014.77878363388  119326.6
5015.85768029461  117731.6
5016.93657695534  118415.7
5018.01547361607  120398.4
5019.0943702768  121463.8
5020.17326693754  123404.4
5021.25216359826  125623.9
5022.33106025899  125072.1
5023.40995691972  125061.9
5024.48885358045  125592.7
5025.56775024118  125309.5
5026.64664690191  124743.1
5027.72554356265  125028.
5028.80444022338  125603.5
5029.88333688411  125793.3
5030.96223354484  124344.1
5032.04113020557  124524.5
5033.1200268663  123882.8
5034.19892352703  123161.4
5035.27782018775  123224.8
5036.35671684849  123708.2
5037.43561350922  122933.8
5038.51451016995  123872.1
5039.59340683067  123437.3
5040.67230349141  123480.8
5041.75120015214  124091.7
5042.83009681287  123186.2
5043.9089934736  122524.
5044.98789013433  121104.
5046.06678679505  121806.7
5047.14568345579  118757.
5048.22458011652  121181.9
5049.30347677725  122795.5
5050.38237343798  123142.6
5051.4612700987  125887.9
5052.54016675943  126389.7
5053.61906342017  125808.7
5054.6979600809  124434.9
5055.77685674162  124801.1
5056.85575340235  124360.8
5057.93465006309  125928.4
5059.01354672381  126567.2
5060.09244338455  126374.2
5061.17134004527  125168.8
5062.25023670601  126448.4
5063.32913336673  127516.5
5064.40803002746  126984.4
5065.48692668819  125520.7
5066.56582334893  126904.9
5067.64472000966  125121.4
5068.72361667038  127920.
5069.80251333111  127732.3
5070.88140999185  127672.
5071.96030665257  126870.1
5073.0392033133  126299.6
5074.11809997403  125117.2
5075.19699663476  125438.8
5076.2758932955  126047.1
5077.35478995622  126402.5
5078.43368661695  126763.3
5079.51258327769  125799.2
5080.59147993841  127043.8
5081.67037659914  127386.4
5082.74927325988  126880.6
5083.82816992061  125124.4
5084.90706658134  126272.5
5085.98596324207  127035.1
5087.0648599028  125633.4
5088.14375656352  125602.6
5089.22265322426  125506.9
5090.30154988499  124725.1
5091.38044654572  125199.7
5092.45934320645  123617.
5093.53823986717  123516.3
5094.6171365279  123829.6
5095.69603318864  122974.9
5096.77492984937  123428.1
5097.85382651009  123826.7
5098.93272317083  123344.3
5100.01161983156  121709.2
5101.09051649229  123341.5
5102.16941315302  122244.7
5103.24830981375  121913.8
5104.32720647448  122528.7
5105.40610313521  122502.
5106.48499979593  121981.9
5107.56389645666  121717.8
5108.6427931174  123068.6
5109.72168977813  122653.8
5110.80058643885  121155.1
5111.87948309958  121384.8
5112.95837976032  121794.8
5114.03727642104  121664.5
5115.11617308178  121839.3
5116.1950697425  121481.3
5117.27396640323  121610.7
5118.35286306397  121653.8
5119.4317597247  121797.1
5120.51065638542  121721.5
5121.58955304616  121725.7
5122.66844970688  122288.5
5123.74734636761  121051.8
5124.82624302834  120737.3
5125.90513968907  120802.5
5126.9840363498  120827.6
5128.06293301054  121654.6
5129.14182967126  121443.3
5130.22072633199  122740.3
5131.29962299273  122990.5
5132.37851965346  122320.7
5133.45741631418  122810.4
5134.53631297491  121923.9
5135.61520963564  121884.7
5136.69410629638  121364.1
5137.77300295711  123287.
5138.85189961784  122716.4
5139.93079627857  121035.3
5141.00969293929  122133.8
5142.08858960003  121279.3
5143.16748626076  121311.2
5144.24638292149  120640.5
5145.32527958221  120154.5
5146.40417624295  119368.5
5147.48307290368  120792.
5148.56196956441  121172.3
5149.64086622513  121099.5
5150.71976288587  121060.1
5151.7986595466  120988.1
5152.87755620733  122292.6
5153.95645286805  120841.5
5155.03534952879  121711.2
5156.11424618952  120897.5
5157.19314285025  121281.8
5158.27203951097  121238.4
5159.3509361717  120251.
5160.42983283244  120731.5
5161.50872949316  122078.5
5162.58762615389  122252.9
5163.66652281463  121983.6
5164.74541947536  121186.1
5165.82431613608  121196.
5166.90321279682  121267.7
5167.98210945755  121408.
5169.06100611828  121712.8
5170.139902779  121706.6
5171.21879943973  123267.1
5172.29769610047  123053.6
5173.37659276119  122515.6
5174.45548942192  121491.7
5175.53438608265  122007.
5176.61328274339  121661.5
5177.69217940411  122107.9
5178.77107606484  121555.1
5179.84997272558  122504.2
5180.92886938631  122080.4
5182.00776604703  122235.2
5183.08666270776  121282.6
5184.16555936849  122537.7
5185.24445602923  122614.3
5186.32335268996  122195.9
5187.40224935068  121728.5
5188.48114601141  123101.8
5189.56004267214  122305.6
5190.63893933288  121711.2
5191.71783599361  122051.7
5192.79673265434  122807.2
5193.87562931507  121467.2
5194.95452597579  121891.6
5196.03342263653  122532.4
5197.11231929726  122874.4
5198.19121595798  122154.3
5199.27011261872  122497.5
5200.34900927945  122280.3
5201.42790594018  121974.6
5202.50680260091  122625.9
5203.58569926164  122208.9
5204.66459592237  122402.4
5205.7434925831  122826.4
5206.82238924382  122229.9
5207.90128590455  121194.5
5208.98018256529  121601.1
5210.05907922602  121947.7
5211.13797588675  122053.4
5212.21687254748  122214.9
5213.29576920821  122351.6
5214.37466586893  122729.7
5215.45356252967  122523.7
5216.5324591904  122178.5
5217.61135585112  121077.4
5218.69025251186  121878.6
5219.76914917259  122315.6
5220.84804583331  121522.9
5221.92694249404  121930.2
5223.00583915478  121830.7
5224.0847358155  122508.5
5225.16363247624  123445.1
5226.24252913696  122823.3
5227.32142579769  122338.1
5228.40032245843  122488.5
5229.47921911915  122492.6
5230.55811577988  121871.9
5231.63701244062  121980.8
5232.71590910135  122136.6
5233.79480576208  121746.2
5234.8737024228  121102.9
5235.95259908353  121222.2
5237.03149574426  121485.7
5238.11039240499  122359.7
5239.18928906572  121455.9
5240.26818572645  121640.8
5241.34708238719  121277.1
5242.42597904791  120995.5
5243.50487570864  120230.1
5244.58377236938  122540.6
5245.66266903011  120315.4
5246.74156569083  120862.
5247.82046235157  121162.1
5248.8993590123  121305.6
5249.97825567303  121145.6
5251.05715233376  121782.8
5252.13604899449  120611.1
5253.21494565522  120767.4
5254.29384231594  120519.6
5255.37273897667  120829.2
5256.45163563741  121942.
5257.53053229814  121103.7
5258.60942895887  120652.6
5259.68832561959  120669.2
5260.76722228033  120509.2
5261.84611894106  120193.4
5262.92501560178  121261.3
5264.00391226252  120591.1
5265.08280892325  120021.7
5266.16170558398  120259.9
5267.24060224471  120050.
5268.31949890543  121594.9
5269.39839556617  121588.
5270.4772922269  120846.3
5271.55618888762  120256.4
5272.63508554835  118838.5
5273.71398220909  119740.1
5274.79287886981  120035.
5275.87177553054  120524.5
5276.95067219127  120481.8
5278.02956885201  118978.2
5279.10846551273  119049.3
5280.18736217347  120770.
5281.2662588342  120774.9
5282.34515549493  119815.7
5283.42405215565  119898.3
5284.50294881638  120477.1
5285.58184547711  120027.8
5286.66074213785  119710.5
5287.73963879857  120158.7
5288.8185354593  120016.5
5289.89743212004  119735.9
5290.97632878076  119781.2
5292.05522544149  119491.6
5293.13412210223  120013.8
5294.21301876295  121038.4
5295.29191542368  119792.8
5296.37081208441  118001.6
5297.44970874514  118884.8
5298.52860540587  118932.
5299.60750206661  117748.3
5300.68639872734  118031.9
5301.76529538806  118710.9
5302.8441920488  119686.5
5303.92308870953  119255.1
5305.00198537026  118559.4
5306.08088203099  118714.1
5307.15977869172  119585.3
5308.23867535244  119888.7
5309.31757201318  119301.8
5310.39646867391  119165.2
5311.47536533464  119697.5
5312.55426199537  118818.6
5313.6331586561  118257.1
5314.71205531683  119280.8
5315.79095197756  119751.7
5316.86984863829  119142.1
5317.94874529902  118252.2
5319.02764195974  119177.2
5320.10653862048  118981.5
5321.1854352812  118012.4
5322.26433194194  118309.
5323.34322860266  118292.7
5324.4221252634  118638.6
5325.50102192413  118950.3
5326.57991858486  119017.5
5327.65881524558  118985.
5328.73771190632  117811.7
5329.81660856705  118229.1
5330.89550522777  117703.7
5331.9744018885  117294.6
5333.05329854924  117512.6
5334.13219520997  118288.5
5335.21109187069  116949.3
5336.28998853142  118423.
5337.36888519215  117610.7
5338.44778185289  117367.
5339.52667851361  117967.4
5340.60557517434  118242.5
5341.68447183508  118181.7
5342.76336849581  117391.4
5343.84226515653  117465.9
5344.92116181726  117717.9
5346.000058478  117806.9
5347.07895513873  118763.6
5348.15785179945  117954.3
5349.23674846018  117439.3
5350.31564512092  117703.2
5351.39454178164  117840.6
5352.47343844237  118148.4
5353.55233510311  117324.9
5354.63123176384  116666.2
5355.71012842456  116562.9
5356.7890250853  117065.3
5357.86792174603  116885.2
5358.94681840676  114625.7
5360.02571506749  114406.5
5361.10461172822  115716.6
5362.18350838895  114548.3
5363.26240504968  114192.7
5364.34130171041  115507.5
5365.42019837114  116608.
5366.49909503187  115796.5
5367.5779916926  115621.7
5368.65688835332  114837.4
5369.73578501406  114413.9
5370.81468167479  115007.9
5371.89357833552  114546.6
5372.97247499625  114593.3
5374.05137165698  114274.7
5375.13026831771  113792.
5376.20916497844  113929.6
5377.28806163917  114462.4
5378.36695829989  115407.4
5379.44585496063  115085.7
5380.52475162136  115579.2
5381.60364828209  116316.4
5382.68254494282  115213.4
5383.76144160355  115523.5
5384.84033826427  115867.6
5385.91923492501  115317.5
5386.99813158574  114956.6
5388.07702824646  115724.4
5389.1559249072  114673.4
5390.23482156793  114163.4
5391.31371822865  115173.
5392.39261488939  114830.7
5393.47151155012  114675.5
5394.55040821085  115094.
5395.62930487157  114343.1
5396.7082015323  114785.7
5397.78709819303  114179.9
5398.86599485377  113609.3
5399.94489151449  114441.2
5401.02378817523  114132.
5402.10268483596  113971.9
5403.18158149669  113221.
5404.26047815741  112859.3
5405.33937481815  112554.9
5406.41827147888  113927.2
5407.49716813961  113921.7
5408.57606480034  112927.8
5409.65496146107  113276.1
5410.7338581218  113418.
5411.81275478253  113454.8
5412.89165144326  112540.5
5413.97054810399  112006.
5415.04944476472  113389.9
5416.12834142544  112881.8
5417.20723808618  112619.3
5418.28613474691  111826.9
5419.36503140764  112886.1
5420.44392806836  111742.3
5421.5228247291  111631.3
5422.60172138983  111373.1
5423.68061805056  111725.3
5424.75951471129  112962.2
5425.83841137202  112779.8
5426.91730803275  112201.
5427.99620469348  112678.2
5429.07510135421  111554.3
5430.15399801494  110379.6
5431.23289467567  112360.8
5432.31179133639  113036.6
5433.39068799712  111101.2
5434.46958465786  111019.3
5435.54848131859  111198.3
5436.62737797931  110988.1
5437.70627464005  111235.2
5438.78517130078  112238.
5439.86406796151  111237.1
5440.94296462224  110346.9
5442.02186128297  110474.7
5443.1007579437  110121.1
5444.17965460442  110223.5
5445.25855126515  110193.2
5446.33744792588  109600.9
5447.41634458662  109535.5
5448.49524124735  109228.7
5449.57413790807  109073.6
5450.65303456881  108959.5
5451.73193122954  108341.9
5452.81082789026  108146.1
5453.889724551  108198.6
5454.96862121172  108949.7
5456.04751787246  109233.4
5457.12641453319  108874.8
5458.20531119391  109439.2
5459.28420785464  109947.8
5460.36310451538  109982.5
5461.44200117611  110089.
5462.52089783684  109763.1
5463.59979449757  109241.4
5464.6786911583  110149.3
5465.75758781903  109980.1
5466.83648447976  110139.9
5467.91538114049  110344.2
5468.99427780121  111150.9
5470.07317446195  110176.
5471.15207112268  109277.9
5472.23096778341  109487.3
5473.30986444414  110036.3
5474.38876110487  109263.9
5475.4676577656  110291.9
5476.54655442633  109819.2
5477.62545108706  110611.
5478.70434774779  109406.7
5479.78324440852  109006.3
5480.86214106925  109563.4
5481.94103772998  110555.5
5483.01993439071  110562.2
5484.09883105144  108519.7
5485.17772771217  108459.8
5486.2566243729  108890.6
5487.33552103363  108437.4
5488.41441769436  108255.2
5489.49331435509  109246.
5490.57221101582  108835.8
5491.65110767654  109119.7
5492.73000433727  109074.1
5493.80890099801  108495.
5494.88779765874  108238.5
5495.96669431947  108819.7
5497.04559098019  108905.3
5498.12448764092  109191.4
5499.20338430166  109056.5
5500.28228096239  109593.3
5501.36117762311  109741.3
5502.44007428385  107974.9
5503.51897094458  108681.1
5504.59786760531  108339.5
5505.67676426603  107370.4
5506.75566092677  106934.9
5507.8345575875  106899.9
5508.91345424822  107472.1
5509.99235090895  109157.1
5511.07124756968  108551.5
5512.15014423042  107410.3
5513.22904089114  107981.6
5514.30793755187  107937.4
5515.38683421261  108885.3
5516.46573087334  108105.9
5517.54462753406  108163.3
5518.6235241948  108527.5
5519.70242085553  108057.4
5520.78131751626  107765.6
5521.86021417699  106893.2
5522.93911083772  106914.3
5524.01800749845  107025.7
5525.09690415918  106795.1
5526.17580081991  107210.9
5527.25469748064  107004.1
5528.33359414137  106557.
5529.4124908021  106444.
5530.49138746282  105659.
5531.57028412356  105805.8
5532.64918078429  106719.
5533.72807744501  106341.9
5534.80697410575  105524.6
5535.88587076648  105522.5
5536.96476742721  105758.
5538.04366408794  106028.4
5539.12256074866  106232.5
5540.2014574094  104401.6
5541.28035407013  105076.
5542.35925073086  106252.5
5543.43814739159  105931.
5544.51704405232  104839.2
5545.59594071304  104809.9
5546.67483737377  105058.8
5547.75373403451  106309.9
5548.83263069524  106565.4
5549.91152735596  105599.1
5550.9904240167  105600.4
5552.06932067743  106256.2
5553.14821733816  106076.3
5554.22711399889  105990.4
5555.30601065962  106362.6
5556.38490732034  105926.1
5557.46380398108  106114.8
5558.5427006418  106361.3
5559.62159730253  105618.4
5560.70049396327  106817.9
5561.779390624  106478.5
5562.85828728472  106452.7
5563.93718394546  105765.4
5565.01608060619  105642.9
5566.09497726691  105034.9
5567.17387392765  105796.6
5568.25277058837  106224.2
5569.3316672491  105637.
5570.41056390984  106126.6
5571.48946057057  104404.7
5572.5683572313  105130.5
5573.64725389203  106203.
5574.72615055276  104687.4
5575.80504721349  104745.5
5576.88394387422  104998.1
5577.96284053495  104199.3
5579.04173719568  104022.1
5580.12063385641  104361.3
5581.19953051714  104187.8
5582.27842717787  105036.3
5583.3573238386  105310.9
5584.43622049933  104656.2
5585.51511716006  105503.6
5586.59401382079  104330.8
5587.67291048152  104488.2
5588.75180714225  104729.2
5589.83070380298  104393.8
5590.90960046371  103797.
5591.98849712444  104063.6
5593.06739378517  103636.7
5594.14629044589  104114.3
5595.22518710663  105049.3
5596.30408376736  104583.2
5597.38298042809  103874.6
5598.46187708881  103924.3
5599.54077374955  103932.2
5600.61967041028  103511.9
5601.69856707101  104184.7
5602.77746373174  104392.7
5603.85636039247  103800.1
5604.9352570532  103610.
5606.01415371392  103201.7
5607.09305037465  103480.4
5608.17194703539  103547.9
5609.25084369612  102531.1
5610.32974035684  102310.7
5611.40863701757  102774.5
5612.48753367831  103154.9
5613.56643033904  102778.3
5614.64532699976  102899.5
5615.72422366049  102446.6
5616.80312032123  102146.4
5617.88201698196  101927.3
5618.96091364269  101969.3
5620.03981030341  103049.3
5621.11870696415  102571.2
5622.19760362487  102247.6
5623.2765002856  102907.
5624.35539694634  102512.5
5625.43429360707  102393.6
5626.5131902678  102261.2
5627.59208692853  101105.6
5628.67098358926  101213.2
5629.74988024999  101664.1
5630.82877691071  101036.5
5631.90767357145  102414.6
5632.98657023218  101794.8
5634.06546689291  101968.1
5635.14436355364  100711.1
5636.22326021437  100074.3
5637.3021568751  101180.9
5638.38105353583  100260.2
5639.45995019656  99815.84
5640.53884685728  100157.5
5641.61774351802  99063.84
5642.69664017875  100156.
5643.77553683948  100525.3
5644.85443350021  100131.2
5645.93333016094  99879.85
5647.01222682166  100618.7
5648.0911234824  99169.31
5649.17002014313  99455.41
5650.24891680386  100569.9
5651.32781346459  99704.23
5652.40671012532  100012.7
5653.48560678604  99644.45
5654.56450344678  99069.98
5655.64340010751  99354.09
5656.72229676824  98783.97
5657.80119342897  98423.95
5658.88009008969  99037.58
5659.95898675042  98144.05
5661.03788341116  99363.14
5662.11678007189  98930.81
5663.19567673262  98188.79
5664.27457339335  97577.27
5665.35347005408  96533.14
5666.43236671481  96330.26
5667.51126337554  96240.28
5668.59016003627  96580.98
5669.669056697  96614.09
5670.74795335772  97350.49
5671.82685001846  97762.26
5672.90574667919  97839.87
5673.98464333992  96888.16
5675.06354000064  96358.04
5676.14243666138  95907.62
5677.22133332211  94846.63
5678.30022998284  95254.55
5679.37912664357  95086.76
5680.4580233043  95796.77
5681.53691996503  95837.56
5682.61581662576  96006.3
5683.69471328649  97080.88
5684.77360994722  95429.02
5685.85250660795  95669.18
5686.93140326868  96433.
5688.01029992941  95478.8
5689.08919659014  95202.04
5690.16809325087  96656.36
5691.2469899116  96755.45
5692.32588657233  96013.14
5693.40478323306  96242.57
5694.48367989379  96187.69
5695.56257655452  94251.81
5696.64147321525  93899.81
5697.72036987598  94563.89
5698.79926653671  94550.35
5699.87816319744  94771.65
5700.95705985817  95739.76
5702.0359565189  95165.53
5703.11485317963  93558.55
5704.19374984036  94523.75
5705.27264650109  94340.95
5706.35154316182  93796.96
5707.43043982254  94087.67
5708.50933648328  94527.8
5709.58823314401  94430.34
5710.66712980474  93585.08
5711.74602646547  93512.86
5712.8249231262  93705.69
5713.90381978693  94266.31
5714.98271644766  93850.95
5716.06161310839  95037.05
5717.14050976911  95125.73
5718.21940642985  93397.73
5719.29830309058  93342.56
5720.3771997513  93360.63
5721.45609641204  94038.6
5722.53499307277  92921.63
5723.61388973349  92594.76
5724.69278639423  92458.45
5725.77168305496  93354.16
5726.85057971569  92846.92
5727.92947637642  92760.45
5729.00837303714  92971.53
5730.08726969787  92808.04
5731.16616635861  93327.49
5732.24506301934  93011.65
5733.32395968007  93416.
5734.4028563408  93404.98
5735.48175300153  93149.87
5736.56064966226  92630.92
5737.63954632299  92551.12
5738.71844298372  91506.34
5739.79733964445  91659.3
5740.87623630518  91374.45
5741.95513296591  90866.45
5743.03402962664  91213.59
5744.11292628737  90793.81
5745.1918229481  90953.54
5746.27071960883  91077.7
5747.34961626956  91730.48
5748.42851293029  91955.86
5749.50740959102  91890.01
5750.58630625175  91856.94
5751.66520291248  91426.59
5752.74409957321  91960.82
5753.82299623394  92127.25
5754.90189289467  91489.3
5755.9807895554  91650.84
5757.05968621613  91512.72
5758.13858287686  90020.22
5759.21747953759  90773.4
5760.29637619832  92207.98
5761.37527285905  91187.11
5762.45416951978  91098.08
5763.53306618051  91077.73
5764.61196284124  90510.72
5765.69085950197  89982.45
5766.7697561627  90131.48
5767.84865282342  89569.83
5768.92754948416  88213.61
5770.00644614489  89424.41
5771.08534280562  89195.42
5772.16423946634  88445.84
5773.24313612708  88412.55
5774.32203278781  88369.58
5775.40092944854  87974.91
5776.47982610926  87752.91
5777.55872277  87250.46
5778.63761943073  84295.36
5779.71651609146  80065.99
5780.79541275219  80854.45
5781.87430941292  83282.95
5782.95320607365  86571.41
5784.03210273437  86876.15
5785.1109993951  87344.27
5786.18989605584  87599.88
5787.26879271657  88228.68
5788.3476893773  88395.42
5789.42658603803  88536.93
5790.50548269876  88166.02
5791.58437935949  87729.08
5792.66327602022  87978.33
5793.74217268095  88003.45
5794.82106934168  86611.56
5795.89996600241  84767.96
5796.97886266314  83828.74
5798.05775932387  85074.84
5799.1366559846  86594.51
5800.21555264533  87227.26
5801.29444930605  88463.8
5802.37334596679  87653.3
5803.45224262752  88645.55
5804.53113928825  89005.68
5805.61003594898  87244.43
5806.68893260971  87037.66
5807.76782927044  87896.93
5808.84672593117  87462.92
5809.9256225919  87384.05
5811.00451925263  87587.47
5812.08341591336  87943.23
5813.16231257409  87840.85
5814.24120923482  88026.48
5815.32010589555  87375.72
5816.39900255628  87277.2
5817.47789921701  87055.99
5818.55679587774  87501.31
5819.63569253847  87359.1
5820.71458919919  87037.
5821.79348585993  87622.75
5822.87238252066  87738.42
5823.95127918139  87532.54
5825.03017584212  87795.73
5826.10907250285  87144.48
5827.18796916358  87629.55
5828.26686582431  87191.62
5829.34576248504  86071.27
5830.42465914576  86303.22
5831.5035558065  86582.55
5832.58245246723  86897.02
5833.66134912796  86207.16
5834.74024578869  85780.45
5835.81914244942  86136.52
5836.89803911014  85703.63
5837.97693577088  85468.5
5839.05583243161  85735.07
5840.13472909234  85574.75
5841.21362575307  85264.16
5842.2925224138  85115.66
5843.37141907453  84790.06
5844.45031573526  84396.32
5845.52921239599  84870.11
5846.60810905672  85950.95
5847.68700571745  85278.5
5848.76590237818  84214.86
5849.84479903891  83924.69
5850.92369569964  84503.18
5852.00259236037  85151.7
5853.0814890211  85183.25
5854.16038568183  84843.5
5855.23928234256  84927.44
5856.31817900329  84476.53
5857.39707566402  84366.58
5858.47597232475  84986.28
5859.55486898548  85125.62
5860.63376564621  84138.09
5861.71266230694  84381.27
5862.79155896767  84143.41
5863.8704556284  83885.92
5864.94935228913  84013.43
5866.02824894986  83988.41
5867.10714561059  83125.24
5868.18604227132  83843.91
5869.26493893204  84151.16
5870.34383559278  82594.11
5871.42273225351  82025.92
5872.50162891424  79658.99
5873.58052557497  76592.23
5874.6594222357  75070.95
5875.73831889643  74319.33
5876.81721555716  74562.95
5877.89611221788  76130.77
5878.97500887862  77632.09
5880.05390553935  78787.91
5881.13280220008  79672.3
5882.2116988608  80704.8
5883.29059552154  80441.66
5884.36949218227  80465.33
5885.44838884299  79750.41
5886.52728550373  78735.11
5887.60618216446  75295.84
5888.68507882519  64906.02
5889.76397548592  58702.71
5890.84287214664  62698.39
5891.92176880738  69143.47
5893.00066546811  72465.22
5894.07956212884  70494.98
5895.15845878957  63520.01
5896.2373554503  61993.77
5897.31625211103  67749.25
5898.39514877176  72947.96
5899.47404543249  75118.82
5900.55294209322  76280.66
5901.63183875395  78199.35
5902.71073541468  79018.66
5903.78963207541  79832.79
5904.86852873614  79696.69
5905.94742539687  79752.19
5907.0263220576  79591.45
5908.10521871833  78872.6
5909.18411537906  78636.72
5910.26301203979  78353.55
5911.34190870052  78520.48
5912.42080536125  79147.25
5913.49970202198  78776.47
5914.57859868271  77405.98
5915.65749534344  78270.89
5916.73639200417  78717.07
5917.8152886649  76907.93
5918.89418532563  76140.42
5919.97308198636  76306.99
5921.05197864709  76768.64
5922.13087530782  76965.64
5923.20977196855  76442.77
5924.28866862928  76252.9
5925.36756529001  77364.88
5926.44646195074  78217.33
5927.52535861147  77746.7
5928.6042552722  77646.88
5929.68315193293  77869.66
5930.76204859366  76974.
5931.84094525439  76310.99
5932.91984191512  77354.72
5933.99873857585  78287.77
5935.07763523658  78037.59
5936.15653189731  78235.21
5937.23542855804  77797.77
5938.31432521877  77707.17
5939.3932218795  76197.27
5940.47211854023  74959.91
5941.55101520096  73648.01
5942.62991186169  73898.33
5943.70880852241  74903.86
5944.78770518315  74568.73
5945.86660184387  73368.7
5946.94549850461  74535.47
5948.02439516534  74615.05
5949.10329182607  74617.55
5950.1821884868  75527.42
5951.26108514753  76008.84
5952.33998180826  75329.15
5953.41887846899  75990.11
5954.49777512972  76417.67
5955.57667179045  75725.34
5956.65556845118  74683.89
5957.73446511191  73760.83
5958.81336177264  75266.59
5959.89225843337  75544.73
5960.9711550941  75961.84
5962.05005175483  75989.55
5963.12894841556  75612.2
5964.20784507629  75893.91
5965.28674173702  75753.19
5966.36563839775  74224.22
5967.44453505848  74362.12
5968.52343171921  73867.77
5969.60232837994  73781.37
5970.68122504067  73292.7
5971.7601217014  74654.05
5972.83901836213  74025.12
5973.91791502286  74300.47
5974.99681168359  73808.76
5976.07570834432  73422.36
5977.15460500505  72543.98
5978.23350166578  73274.89
5979.31239832651  73780.97
5980.39129498724  73458.61
5981.47019164797  73446.7
5982.5490883087  73881.6
5983.62798496943  73904.37
5984.70688163016  73914.59
5985.78577829089  73435.16
5986.86467495162  73195.51
5987.94357161235  72735.75
5989.02246827308  72854.24
5990.10136493381  73003.46
5991.18026159453  72836.66
5992.25915825527  72249.42
5993.338054916  72918.35
5994.41695157673  73096.89
5995.49584823746  72588.77
5996.57474489819  72206.84
5997.65364155892  72268.88
5998.73253821965  73491.87
5999.81143488038  73002.39
6000.89033154111  72323.35
6001.96922820184  73251.45
6003.04812486257  72415.02
6004.1270215233  71784.65
6005.20591818403  71771.59
6006.28481484476  72305.37
6007.36371150549  72190.39
6008.44260816622  71665.87
6009.52150482695  71872.3
6010.60040148768  71926.2
6011.67929814841  71494.23
6012.75819480914  71558.45
6013.83709146987  72324.75
6014.9159881306  72155.55
6015.99488479133  73056.55
6017.07378145206  72900.53
6018.15267811279  71584.48
6019.23157477352  71739.09
6020.31047143425  71824.72
6021.38936809498  72231.44
6022.46826475571  71681.63
6023.54716141644  71254.63
6024.62605807717  71372.8
6025.7049547379  71245.35
6026.78385139863  71124.9
6027.86274805936  70916.2
6028.94164472009  70968.52
6030.02054138082  71334.29
6031.09943804155  70759.86
6032.17833470228  71037.93
6033.25723136301  70539.79
6034.33612802374  70813.77
6035.41502468447  70843.5
6036.4939213452  69255.48
6037.57281800593  70200.46
6038.65171466665  70557.74
6039.73061132739  69283.51
6040.80950798812  70336.48
6041.88840464885  70115.48
6042.96730130958  70293.52
6044.04619797031  69162.75
6045.12509463104  69676.94
6046.20399129177  69565.37
6047.2828879525  69507.27
6048.36178461323  69683.94
6049.44068127396  69402.14
6050.51957793469  69629.72
6051.59847459542  69443.95
6052.67737125615  69134.04
6053.75626791688  70090.88
6054.83516457761  68962.26
6055.91406123833  69306.62
6056.99295789907  69404.08
6058.0718545598  69122.67
6059.15075122053  68879.67
6060.22964788126  68877.3
6061.30854454199  68980.62
6062.38744120272  68912.21
6063.46633786345  69158.16
6064.54523452418  69157.33
6065.62413118491  68321.4
6066.70302784564  69073.
6067.78192450637  68466.77
6068.8608211671  68649.2
6069.93971782783  67857.2
6071.01861448856  67857.27
6072.09751114929  68440.83
6073.17640781002  67474.35
6074.25530447075  67368.55
6075.33420113148  68147.7
6076.41309779221  67866.84
6077.49199445294  67771.85
6078.57089111367  67921.9
6079.6497877744  67508.05
6080.72868443513  67859.23
6081.80758109586  67901.13
6082.88647775659  68060.55
6083.96537441732  67855.62
6085.04427107805  67658.91
6086.12316773878  66860.6
6087.20206439951  67169.67
6088.28096106024  66175.27
6089.35985772097  66079.84
6090.4387543817  67391.4
6091.51765104243  67209.45
6092.59654770316  66678.62
6093.67544436389  66550.91
6094.75434102462  66659.87
6095.83323768535  66115.23
6096.91213434608  65807.93
6097.99103100681  65777.8
6099.06992766754  66281.9
6100.14882432827  66039.7
6101.227720989  65477.97
6102.30661764973  66332.38
6103.38551431046  67007.89
6104.46441097119  66204.77
6105.54330763192  66151.07
6106.62220429265  65614.15
6107.70110095338  64803.68
6108.77999761411  64872.51
6109.85889427484  64925.37
6110.93779093557  65149.74
6112.0166875963  65348.61
6113.09558425703  64842.73
6114.17448091776  64629.87
6115.25337757849  64512.65
6116.33227423922  64504.91
6117.41117089995  64904.29
6118.49006756068  65348.36
6119.56896422141  64849.84
6120.64786088214  64195.81
6121.72675754287  64550.68
6122.8056542036  64450.64
6123.88455086433  64297.29
6124.96344752506  64465.09
6126.04234418579  64141.68
6127.12124084652  63900.25
6128.20013750725  64233.95
6129.27903416798  63589.04
6130.35793082871  62997.84
6131.43682748944  63553.09
6132.51572415017  63599.96
6133.5946208109  63777.65
6134.67351747163  63471.38
6135.75241413236  63143.55
6136.83131079309  63168.2
6137.91020745382  62870.36
6138.98910411455  63120.45
6140.06800077527  62228.68
6141.14689743601  62540.9
6142.22579409674  62640.21
6143.30469075747  62705.86
6144.3835874182  62638.62
6145.46248407893  62488.46
6146.54138073966  62754.23
6147.62027740039  62430.86
6148.69917406112  61794.17
6149.77807072185  62182.68
6150.85696738258  62309.3
6151.93586404331  62098.45
6153.01476070403  61876.24
6154.09365736477  61975.57
6155.1725540255  61796.05
6156.25145068623  61677.57
6157.33034734696  61420.95
6158.40924400769  60875.87
6159.48814066842  60423.95
6160.56703732915  61231.46
6161.64593398988  60683.4
6162.72483065061  60247.31
6163.80372731134  59741.38
6164.88262397207  60140.36
6165.9615206328  59752.31
6167.04041729353  59602.67
6168.11931395426  59563.05
6169.19821061499  59395.92
6170.27710727572  58874.64
6171.35600393645  59415.02
6172.43490059718  59378.52
6173.51379725791  58767.88
6174.59269391864  58575.05
6175.67159057937  58112.09
6176.7504872401  58714.7
6177.82938390083  58635.47
6178.90828056156  58276.25
6179.98717722229  58442.09
6181.06607388302  58584.21
6182.14497054375  58896.36
6183.22386720448  58931.38
6184.30276386521  58784.68
6185.38166052594  58147.41
6186.46055718667  58130.44
6187.5394538474  57944.94
6188.61835050813  58362.96
6189.69724716886  58280.59
6190.77614382959  58548.58
6191.85504049032  58052.27
6192.93393715105  57516.58
6194.01283381178  57511.55
6195.09173047251  56933.57
6196.17062713324  57055.34
6197.24952379397  57045.78
6198.3284204547  57469.36
6199.40731711543  58715.79
6200.48621377616  57620.79
6201.56511043689  56448.57
6202.64400709762  55425.08
6203.72290375835  56148.67
6204.80180041908  56563.48
6205.88069707981  57274.09
6206.95959374054  56717.74
6208.03849040127  56891.67
6209.117387062  56994.05
6210.19628372273  57226.38
6211.27518038346  56755.59
6212.35407704419  56730.62
6213.43297370492  56684.19
6214.51187036565  57027.77
6215.59076702638  56733.98
6216.6696636871  56587.9
6217.74856034784  56986.29
6218.82745700857  56845.55
6219.9063536693  56733.91
6220.98525033003  56611.42
6222.06414699076  56354.19
6223.14304365149  56223.17
6224.22194031222  56001.85
6225.30083697295  56198.1
6226.37973363368  56121.91
6227.45863029441  55885.09
6228.53752695514  56140.49
6229.61642361587  56141.62
6230.6953202766  55374.49
6231.77421693733  55587.87
6232.85311359806  55882.5
6233.93201025879  55892.38
6235.01090691952  55947.99
6236.08980358025  55441.64
6237.16870024098  55327.71
6238.24759690171  54817.26
6239.32649356244  54129.21
6240.40539022317  54465.41
6241.4842868839  54895.61
6242.56318354463  55041.77
6243.64208020536  54618.14
6244.72097686609  54601.95
6245.79987352682  54620.31
6246.87877018755  54529.43
6247.95766684828  55213.29
6249.03656350901  54626.4
6250.11546016974  54615.78
6251.19435683047  54660.92
6252.2732534912  53772.48
6253.35215015192  53860.22
6254.43104681266  54067.83
6255.50994347339  54716.04
6256.58884013412  54264.8
6257.66773679485  53786.44
6258.74663345558  54065.6
6259.82553011631  53883.38
6260.90442677704  53713.83
6261.98332343777  53568.09
6263.0622200985  53423.56
6264.14111675923  52915.
6265.22001341996  52712.99
6266.29891008069  52429.76
6267.37780674142  52173.61
6268.45670340215  51604.69
6269.53560006288  51170.32
6270.61449672361  51396.34
6271.69339338434  51278.79
6272.77229004507  51776.6
6273.8511867058  51784.64
6274.93008336653  51636.99
6276.00898002726  50703.88
6277.08787668799  48392.16
6278.16677334872  47330.13
6279.24567000945  47415.23
6280.32456667018  47818.02
6281.40346333091  46873.69
6282.48235999164  45688.05
6283.56125665237  44742.36
6284.6401533131  45279.34
6285.71904997383  46807.77
6286.79794663456  47887.46
6287.87684329529  48846.24
6288.95573995602  49536.2
6290.03463661675  49894.04
6291.11353327748  49857.93
6292.19242993821  50100.91
6293.27132659894  50365.38
6294.35022325967  49735.21
6295.4291199204  49771.28
6296.50801658113  49684.97
6297.58691324186  49766.12
6298.66580990259  50237.18
6299.74470656332  49998.39
6300.82360322405  50320.43
6301.90249988478  49358.72
6302.98139654551  49756.89
6304.06029320624  49632.91
6305.13918986697  49018.98
6306.2180865277  49631.45
6307.29698318843  49744.09
6308.37587984916  49136.73
6309.45477650989  48757.8
6310.53367317062  48827.29
6311.61256983135  49346.54
6312.69146649208  49495.41
6313.77036315281  49446.38
6314.84925981354  48779.05
6315.92815647427  49054.78
6317.007053135  48100.05
6318.08594979573  48160.64
6319.16484645646  48101.41
6320.24374311719  48373.72
6321.32263977792  48531.88
6322.40153643865  48822.84
6323.48043309938  48906.56
6324.55932976011  49128.51
6325.63822642084  49316.3
6326.71712308157  48284.04
6327.7960197423  48706.8
6328.87491640303  47668.34
6329.95381306376  48381.77
6331.03270972449  48156.1
6332.11160638522  48145.86
6333.19050304595  47818.72
6334.26939970668  47843.05
6335.34829636741  48338.4
6336.42719302814  47939.45
6337.50608968887  48332.97
6338.5849863496  47896.25
6339.66388301033  47727.38
6340.74277967106  47328.8
6341.82167633179  47499.06
6342.90057299252  47449.05
6343.97946965325  46822.34
6345.05836631398  46388.79
6346.13726297471  46197.02
6347.21615963544  46304.28
6348.29505629617  46404.31
6349.3739529569  46355.25
6350.45284961763  47015.34
6351.53174627836  46890.62
6352.61064293909  47149.16
6353.68953959982  45905.73
6354.76843626055  45957.41
6355.84733292128  45972.32
6356.92622958201  46070.2
6358.00512624274  45804.28
6359.08402290347  45377.13
6360.1629195642  45664.28
6361.24181622493  45795.83
6362.32071288566  45673.43
6363.39960954639  45602.67
6364.47850620712  45734.73
6365.55740286785  46005.37
6366.63629952858  45425.98
6367.71519618931  44589.03
6368.79409285004  45365.7
6369.87298951077  44322.33
6370.9518861715  44604.07
6372.03078283223  44921.14
6373.10967949296  45332.2
6374.18857615369  45297.3
6375.26747281442  44465.87
6376.34636947515  43805.99
6377.42526613588  43437.27
6378.50416279661  42928.7
6379.58305945734  43143.55
6380.66195611807  43143.49
6381.7408527788  44772.02
6382.81974943953  44765.48
6383.89864610026  44368.9
6384.97754276099  44472.39
6386.05643942172  44129.39
6387.13533608245  43929.05
6388.21423274318  43602.14
6389.29312940391  44222.34
6390.37202606464  44405.16
6391.45092272537  43958.66
6392.5298193861  43612.99
6393.60871604683  43720.48
6394.68761270756  43411.65
6395.76650936829  43450.95
6396.84540602902  42902.55
6397.92430268975  43564.51
6399.00319935048  43174.76
6400.08209601121  43034.11
6401.16099267194  43563.92
6402.23988933267  42843.07
6403.3187859934  43029.29
6404.39768265413  42618.11
6405.47657931486  43116.59
6406.55547597559  42802.88
6407.63437263632  42629.07
6408.71326929705  42434.08
6409.79216595778  42373.03
6410.87106261851  42545.96
6411.94995927924  42255.27
6413.02885593997  42466.1
6414.1077526007  41704.92
6415.18664926143  41915.15
6416.26554592216  42429.29
6417.34444258289  42351.62
6418.42333924362  41841.05
6419.50223590435  42059.22
6420.58113256508  41924.2
6421.66002922581  41866.79
6422.73892588654  41644.69
6423.81782254727  40955.83
6424.896719208  41105.16
6425.97561586873  41305.84
6427.05451252945  41489.52
6428.13340919019  40907.03
6429.21230585092  40819.35
6430.29120251165  40522.29
6431.37009917238  41147.03
6432.44899583311  40585.17
6433.52789249384  40947.11
6434.60678915457  40209.44
6435.6856858153  40330.81
6436.76458247603  40628.11
6437.84347913676  40165.39
6438.92237579749  39481.7
6440.00127245822  39992.3
6441.08016911895  39673.27
6442.15906577968  39741.9
6443.23796244041  39267.28
6444.31685910114  38637.59
6445.39575576187  38940.22
6446.4746524226  39263.57
6447.55354908333  38861.38
6448.63244574406  38853.16
6449.71134240479  39325.43
6450.79023906552  38989.75
6451.86913572625  39098.43
6452.94803238698  38783.17
6454.02692904771  38063.15
6455.10582570844  37865.48
6456.18472236917  37732.25
6457.2636190299  38130.65
6458.34251569063  37655.89
6459.42141235136  37972.18
6460.50030901209  37697.1
6461.57920567282  37535.13
6462.65810233355  37387.11
6463.73699899428  37327.28
6464.81589565501  37688.95
6465.89479231574  36768.74
6466.97368897647  37188.01
6468.0525856372  36951.34
6469.13148229793  36288.62
6470.21037895866  36815.87
6471.28927561939  37340.79
6472.36817228012  36445.12
6473.44706894085  36158.23
6474.52596560158  35400.34
6475.60486226231  35257.09
6476.68375892304  35997.68
6477.76265558377  35596.74
6478.8415522445  35563.25
6479.92044890523  34989.85
6480.99934556596  35624.8
6482.07824222669  35372.01
6483.15713888742  35048.71
6484.23603554815  35296.89
6485.31493220888  34980.12
6486.39382886961  35213.63
6487.47272553034  35448.45
6488.55162219107  35651.57
6489.6305188518  34900.93
6490.70941551253  35316.37
6491.78831217326  34496.63
6492.86720883399  34236.05
6493.94610549472  34553.7
6495.02500215545  34112.94
6496.10389881618  34328.19
6497.18279547691  35026.73
6498.26169213764  35309.01
6499.34058879837  35008.71
6500.4194854591  34828.64
6501.49838211983  35142.14
6502.57727878056  35045.46
6503.65617544129  35150.12
6504.73507210202  34787.35
6505.81396876275  34470.29
6506.89286542348  34436.17
6507.97176208421  34328.52
6509.05065874494  34151.75
6510.12955540567  34613.05
6511.2084520664  34114.68
6512.28734872713  34121.51
6513.36624538786  33383.3
6514.44514204859  32702.08
6515.52403870932  31919.35
6516.60293537005  31842.16
6517.68183203078  32423.28
6518.76072869151  32705.4
6519.83962535224  32625.94
6520.91852201297  32912.35
6521.9974186737  32761.63
6523.07631533443  32522.22
6524.15521199516  32818.87
6525.23410865589  32935.08
6526.31300531662  32845.16
6527.39190197735  32997.91
6528.47079863808  32208.96
6529.54969529881  32578.64
6530.62859195954  31862.27
6531.70748862027  31930.81
6532.786385281  31988.9
6533.86528194173  31494.16
6534.94417860246  31585.83
6536.02307526319  32131.65
6537.10197192392  32168.39
6538.18086858465  31507.46
6539.25976524538  31682.81
6540.33866190611  31644.24
6541.41755856684  31137.67
6542.49645522757  30560.11
6543.5753518883  30399.27
6544.65424854903  31022.28
6545.73314520976  30589.38
6546.81204187049  30025.15
6547.89093853122  29952.73
6548.96983519195  29783.54
6550.04873185268  29832.28
6551.12762851341  29402.37
6552.20652517414  28645.47
6553.28542183487  28627.16
6554.3643184956  28024.45
6555.44321515633  27742.01
6556.52211181706  27157.55
6557.60100847779  26817.03
6558.67990513852  25377.51
6559.75880179925  23829.69
6560.83769845998  22623.07
6561.91659512071  22032.71
6562.99549178144  21278.4
6564.07438844217  21780.42
6565.1532851029  22809.24
6566.23218176363  24019.97
6567.31107842436  24596.74
6568.38997508509  25430.64
6569.46887174582  26745.48
6570.54776840655  27059.77
6571.62666506728  27280.63
6572.70556172801  27777.1
6573.78445838874  28105.42
6574.86335504947  28173.53
6575.9422517102  27996.39
6577.02114837093  28283.05
6578.10004503166  28639.97
6579.17894169239  28623.7
6580.25783835312  28147.31
6581.33673501385  28348.89
6582.41563167458  28068.31
6583.49452833531  28072.56
6584.57342499604  28008.63
6585.65232165677  28257.51
6586.7312183175  27985.91
6587.81011497823  28243.97
6588.88901163895  28396.23
6589.96790829969  28376.22
6591.04680496042  28133.86
6592.12570162115  28185.4
6593.20459828188  28203.19
6594.28349494261  28023.52
6595.36239160334  27856.08
6596.44128826407  27882.35
6597.52018492479  27902.86
6598.59908158553  28153.06
6599.67797824626  27843.29
6600.75687490699  28001.11
6601.83577156772  27817.94
6602.91466822845  27622.96
6603.99356488918  27381.73
6605.07246154991  27474.46
6606.15135821064  27586.7
6607.23025487137  27810.8
6608.3091515321  27585.49
6609.38804819283  27613.32
6610.46694485356  27255.28
6611.54584151429  26706.51
6612.62473817502  25709.69
6613.70363483575  25409.86
6614.78253149648  25969.22
6615.86142815721  26316.33
6616.94032481794  26827.37
6618.01922147867  27189.28
6619.0981181394  26969.21
6620.17701480013  26742.96
6621.25591146086  26354.56
6622.33480812159  26746.53
6623.41370478232  26602.47
6624.49260144305  26033.09
6625.57149810378  26050.19
6626.65039476451  25885.8
6627.72929142524  25832.95
6628.80818808597  25896.96
6629.8870847467  25898.59
6630.96598140743  25919.96
6632.04487806816  25467.79
6633.12377472889  25865.02
6634.20267138962  25748.82
6635.28156805035  25584.8
6636.36046471108  25673.88
6637.43936137181  25538.66
6638.51825803254  25464.69
6639.59715469327  25378.69
6640.676051354  25053.96
6641.75494801473  25178.57
6642.83384467546  24905.45
6643.91274133619  24790.48
6644.99163799692  24811.22
6646.07053465765  24812.99
6647.14943131838  25290.68
6648.22832797911  24963.43
6649.30722463984  24544.45
6650.38612130057  24790.96
6651.4650179613  24779.6
6652.54391462203  24206.78
6653.62281128276  24250.24
6654.70170794349  23987.1
6655.78060460422  23642.16
6656.85950126495  23705.06
6657.93839792568  23748.11
6659.01729458641  23446.51
6660.09619124714  23285.88
6661.17508790787  23272.2
6662.2539845686  22910.65
6663.33288122933  23050.13
6664.41177789006  23410.33
6665.49067455079  23020.36
6666.56957121152  23022.79
6667.64846787225  23306.68
6668.72736453298  23341.43
6669.80626119371  23201.1
6670.88515785444  22832.66
6671.96405451517  22887.28
6673.0429511759  22767.91
6674.12184783663  22314.27
6675.20074449736  21801.67
6676.27964115809  21345.3
6677.35853781882  21386.4
6678.43743447955  20972.1
6679.51633114028  20628.87
6680.59522780101  20870.27
6681.67412446174  21762.52
6682.75302112247  21947.74
6683.8319177832  21844.77
6684.91081444393  22000.57
6685.98971110466  22257.21
6687.06860776539  22262.25
6688.14750442612  21866.5
6689.22640108685  22018.33
6690.30529774758  21755.16
6691.38419440831  21477.43
6692.46309106904  21777.45
6693.54198772977  21314.56
6694.6208843905  21310.77
6695.69978105123  21390.19
6696.77867771196  21763.55
6697.85757437269  21085.78
6698.93647103342  20778.4
6700.01536769415  20746.08
6701.09426435488  21276.31
6702.17316101561  20976.21
6703.25205767634  20487.58
6704.33095433707  20962.65
6705.4098509978  20817.8
6706.48874765853  20316.11
6707.56764431926  20097.2
6708.64654097999  20280.67
6709.72543764072  20081.36
6710.80433430145  20761.41
6711.88323096218  20084.88
6712.96212762291  20076.61
6714.04102428364  20297.55
6715.11992094437  20270.6
6716.1988176051  19790.23
6717.27771426583  19326.54
6718.35661092656  19718.47
6719.43550758729  19345.83
6720.51440424802  19169.85
6721.59330090875  19255.29
6722.67219756948  19365.6
6723.75109423021  18933.7
6724.82999089094  19145.63
6725.90888755167  19032.14
6726.9877842124  18929.28
6728.06668087313  18809.86
6729.14557753386  18945.56
6730.22447419459  19082.8
6731.30337085532  18613.1
6732.38226751605  18687.7
6733.46116417678  18513.64
6734.54006083751  18437.72
6735.61895749824  18148.2
6736.69785415897  18188.74
6737.7767508197  18310.29
6738.85564748043  17880.16
6739.93454414116  17984.75
6741.01344080189  17780.92
6742.09233746262  17828.18
6743.17123412335  17337.52
6744.25013078408  17414.64
6745.32902744481  17565.18
6746.40792410554  17631.88
6747.48682076627  17399.68
6748.565717427  17072.31
6749.64461408773  17355.79
6750.72351074846  17535.99
6751.80240740919  17075.01
6752.88130406992  17218.85
6753.96020073065  16985.33
6755.03909739138  17004.28
6756.11799405211  17129.78
6757.19689071284  16801.69
6758.27578737357  16800.29
6759.3546840343  16554.07
6760.43358069503  16456.86
6761.51247735576  16297.67
6762.59137401649  16491.49
6763.67027067722  16406.11
6764.74916733795  16362.26
6765.82806399868  16055.55
6766.90696065941  15918.74
6767.98585732014  15796.84
6769.06475398087  15921.42
6770.1436506416  15848.21
6771.22254730233  15442.27
6772.30144396306  15420.89
6773.38034062379  15551.71
6774.45923728452  15585.93
6775.53813394525  15228.15
6776.61703060598  14891.39
6777.69592726671  15219.3
6778.77482392744  15266.92
6779.85372058817  14928.03
6780.9326172489  15022.33
6782.01151390963  14626.06
6783.09041057036  14446.87
6784.16930723109  14588.29
6785.24820389182  14595.42
6786.32710055255  14540.69
6787.40599721328  14546.07
6788.48489387401  14591.08
6789.56379053474  14485.83
6790.64268719547  14369.16
6791.7215838562  14220.86
6792.80048051693  14097.22
6793.87937717766  14087.9
6794.95827383839  13971.89
6796.03717049912  13912.09
6797.11606715985  13937.71
6798.19496382058  13825.72
6799.27386048131  13898.42
6800.35275714204  13814.78
6801.43165380277  13608.2
6802.5105504635  13624.61
6803.58944712423  13602.29
6804.66834378496  13601.96
6805.74724044569  13549.41
6806.82613710642  13316.75
6807.90503376715  13047.4
6808.98393042788  13175.85
6810.06282708861  13129.02
6811.14172374934  12987.5
6812.22062041007  12783.62
6813.2995170708  12855.75
6814.37841373153  13011.65
6815.45731039226  12971.09
6816.53620705299  12910.17
6817.61510371372  12707.85
6818.69400037445  12576.24
6819.77289703518  12682.67
6820.85179369591  12618.19
6821.93069035664  12323.15
6823.00958701737  12270.23
6824.0884836781  12412.76
