3767.3986562407  9.431826E-14
3768.47737395187  9.395166E-14
3769.55609166304  9.277536E-14
3770.63480937421  9.370537E-14
3771.71352708537  1.033634E-13
3772.79224479654  1.140596E-13
3773.87096250771  1.280080E-13
3774.94968021887  1.387332E-13
3776.02839793004  1.500541E-13
3777.10711564121  1.611839E-13
3778.18583335238  1.652798E-13
3779.26455106354  1.741443E-13
3780.34326877471  1.775394E-13
3781.42198648588  1.810520E-13
3782.50070419704  1.831083E-13
3783.57942190821  1.848610E-13
3784.65813961938  1.850091E-13
3785.73685733055  1.866094E-13
3786.81557504171  1.863299E-13
3787.89429275288  1.833841E-13
3788.97301046405  1.784581E-13
3790.05172817522  1.731139E-13
3791.13044588638  1.682651E-13
3792.20916359755  1.625181E-13
3793.28788130872  1.510723E-13
3794.36659901988  1.446796E-13
3795.44531673105  1.291203E-13
3796.52403444222  1.238573E-13
3797.60275215339  1.182381E-13
3798.68146986455  1.188461E-13
3799.76018757572  1.303645E-13
3800.83890528689  1.457178E-13
3801.91762299805  1.536656E-13
3802.99634070922  1.691731E-13
3804.07505842039  1.842257E-13
3805.15377613156  1.887284E-13
3806.23249384272  1.983908E-13
3807.31121155389  2.147874E-13
3808.38992926506  2.221025E-13
3809.46864697622  2.286292E-13
3810.54736468739  2.429322E-13
3811.62608239856  2.518994E-13
3812.70480010973  2.604697E-13
3813.78351782089  2.660638E-13
3814.86223553206  2.718635E-13
3815.94095324323  2.710576E-13
3817.0196709544  2.638786E-13
3818.09838866556  2.520886E-13
3819.17710637673  2.452623E-13
3820.2558240879  2.470836E-13
3821.33454179906  2.534147E-13
3822.41325951023  2.690062E-13
3823.4919772214  2.837307E-13
3824.57069493257  2.857929E-13
3825.64941264373  2.921852E-13
3826.7281303549  2.923969E-13
3827.80684806607  2.816420E-13
3828.88556577723  2.728590E-13
3829.9642834884  2.613977E-13
3831.04300119957  2.450731E-13
3832.12171891074  2.242920E-13
3833.2004366219  2.038444E-13
3834.27915433307  1.880528E-13
3835.35787204424  1.751945E-13
3836.4365897554  1.749174E-13
3837.51530746657  1.829552E-13
3838.59402517774  1.950068E-13
3839.67274288891  2.101657E-13
3840.75146060007  2.239019E-13
3841.83017831124  2.289147E-13
3842.90889602241  2.292284E-13
3843.98761373358  2.392280E-13
3845.06633144474  2.472304E-13
3846.14504915591  2.393553E-13
3847.22376686708  2.457883E-13
3848.30248457824  2.401766E-13
3849.38120228941  2.398144E-13
3850.45992000058  2.390540E-13
3851.53863771175  2.378394E-13
3852.61735542291  2.368335E-13
3853.69607313408  2.272348E-13
3854.77479084525  2.320156E-13
3855.85350855641  2.301823E-13
3856.93222626758  2.303978E-13
3858.01094397875  2.312527E-13
3859.08966168992  2.343508E-13
3860.16837940108  2.301805E-13
3861.24709711225  2.315440E-13
3862.32581482342  2.370042E-13
3863.40453253458  2.340633E-13
3864.48325024575  2.295989E-13
3865.56196795692  2.310015E-13
3866.64068566809  2.333404E-13
3867.71940337925  2.298802E-13
3868.79812109042  2.305807E-13
3869.87683880159  2.327104E-13
3870.95555651276  2.364704E-13
3872.03427422392  2.375210E-13
3873.11299193509  2.358333E-13
3874.19170964626  2.355375E-13
3875.27042735742  2.388029E-13
3876.34914506859  2.433821E-13
3877.42786277976  2.434646E-13
3878.50658049093  2.415634E-13
3879.58529820209  2.375472E-13
3880.66401591326  2.370184E-13
3881.74273362443  2.300355E-13
3882.82145133559  2.258241E-13
3883.90016904676  2.178340E-13
3884.97888675793  2.054689E-13
3886.0576044691  1.882493E-13
3887.13632218026  1.762949E-13
3888.21503989143  1.617584E-13
3889.2937576026  1.532409E-13
3890.37247531376  1.569424E-13
3891.45119302493  1.681684E-13
3892.5299107361  1.836898E-13
3893.60862844727  1.984334E-13
3894.68734615843  2.101888E-13
3895.7660638696  2.202606E-13
3896.84478158077  2.282746E-13
3897.92349929194  2.315492E-13
3899.0022170031  2.359932E-13
3900.08093471427  2.357975E-13
3901.15965242544  2.347348E-13
3902.2383701366  2.390447E-13
3903.31708784777  2.398691E-13
3904.39580555894  2.374730E-13
3905.47452327011  2.359731E-13
3906.55324098127  2.369926E-13
3907.63195869244  2.333181E-13
3908.71067640361  2.309757E-13
3909.78939411477  2.297329E-13
3910.86811182594  2.288402E-13
3911.94682953711  2.259741E-13
3913.02554724828  2.266434E-13
3914.10426495944  2.268830E-13
3915.18298267061  2.264798E-13
3916.26170038178  2.267043E-13
3917.34041809294  2.241187E-13
3918.41913580411  2.205608E-13
3919.49785351528  2.176997E-13
3920.57657122645  2.169751E-13
3921.65528893761  2.121403E-13
3922.73400664878  2.108965E-13
3923.81272435995  2.074484E-13
3924.89144207112  2.045004E-13
3925.97015978228  2.043012E-13
3927.04887749345  2.050345E-13
3928.12759520462  2.040434E-13
3929.20631291578  2.080390E-13
3930.28503062695  2.111552E-13
3931.36374833812  2.115084E-13
3932.44246604929  2.062622E-13
3933.52118376045  1.999075E-13
3934.59990147162  2.065400E-13
3935.67861918279  2.148349E-13
3936.75733689395  2.185290E-13
3937.83605460512  2.254423E-13
3938.91477231629  2.278828E-13
3939.99349002746  2.249353E-13
3941.07220773862  2.249485E-13
3942.15092544979  2.273070E-13
3943.22964316096  2.299346E-13
3944.30836087212  2.295377E-13
3945.38707858329  2.306687E-13
3946.46579629446  2.309468E-13
3947.54451400563  2.336780E-13
3948.62323171679  2.359609E-13
3949.70194942796  2.392997E-13
3950.78066713913  2.398459E-13
3951.8593848503  2.402048E-13
3952.93810256146  2.407626E-13
3954.01682027263  2.405912E-13
3955.0955379838  2.371157E-13
3956.17425569496  2.379718E-13
3957.25297340613  2.403087E-13
3958.3316911173  2.402938E-13
3959.41040882847  2.420172E-13
3960.48912653963  2.416662E-13
3961.5678442508  2.354939E-13
3962.64656196197  2.281399E-13
3963.72527967313  2.212049E-13
3964.8039973843  2.103316E-13
3965.88271509547  1.994183E-13
3966.96143280664  1.824459E-13
3968.0401505178  1.671898E-13
3969.11886822897  1.537807E-13
3970.19758594014  1.507766E-13
3971.2763036513  1.595501E-13
3972.35502136247  1.721754E-13
3973.43373907364  1.883066E-13
3974.51245678481  2.041791E-13
3975.59117449597  2.172848E-13
3976.66989220714  2.267622E-13
3977.74860991831  2.369516E-13
3978.82732762948  2.452223E-13
3979.90604534064  2.509400E-13
3980.98476305181  2.524295E-13
3982.06348076298  2.549085E-13
3983.14219847414  2.561858E-13
3984.22091618531  2.546685E-13
3985.29963389648  2.577564E-13
3986.37835160765  2.609411E-13
3987.45706931881  2.620204E-13
3988.53578702998  2.635834E-13
3989.61450474115  2.644405E-13
3990.69322245231  2.629251E-13
3991.77194016348  2.638943E-13
3992.85065787465  2.619842E-13
3993.92937558582  2.579255E-13
3995.00809329698  2.592469E-13
3996.08681100815  2.580168E-13
3997.16552871932  2.565066E-13
3998.24424643048  2.576834E-13
3999.32296414165  2.578800E-13
4000.40168185282  2.574529E-13
4001.48039956399  2.601598E-13
4002.55911727515  2.600027E-13
4003.63783498632  2.552121E-13
4004.71655269749  2.528837E-13
4005.79527040865  2.479692E-13
4006.87398811982  2.422870E-13
4007.95270583099  2.383874E-13
4009.03142354216  2.325838E-13
4010.11014125332  2.307082E-13
4011.18885896449  2.350734E-13
4012.26757667566  2.409680E-13
4013.34629438682  2.443255E-13
4014.42501209799  2.469863E-13
4015.50372980916  2.519911E-13
4016.58244752033  2.519409E-13
4017.66116523149  2.511502E-13
4018.73988294266  2.503621E-13
4019.81860065383  2.469942E-13
4020.897318365  2.455454E-13
4021.97603607616  2.427714E-13
4023.05475378733  2.318792E-13
4024.1334714985  2.189583E-13
4025.21218920966  2.071910E-13
4026.29090692083  2.006760E-13
4027.369624632  2.040999E-13
4028.44834234317  2.135048E-13
4029.52706005433  2.259899E-13
4030.6057777655  2.337590E-13
4031.68449547667  2.398951E-13
4032.76321318784  2.416443E-13
4033.841930899  2.388047E-13
4034.92064861017  2.390222E-13
4035.99936632134  2.412457E-13
4037.0780840325  2.401883E-13
4038.15680174367  2.401685E-13
4039.23551945484  2.389749E-13
4040.31423716601  2.374333E-13
4041.39295487717  2.350438E-13
4042.47167258834  2.326313E-13
4043.55039029951  2.325757E-13
4044.62910801067  2.338825E-13
4045.70782572184  2.342997E-13
4046.78654343301  2.350723E-13
4047.86526114418  2.350550E-13
4048.94397885534  2.363491E-13
4050.02269656651  2.342855E-13
4051.10141427768  2.323618E-13
4052.18013198884  2.339079E-13
4053.25884970001  2.330247E-13
4054.33756741118  2.301596E-13
4055.41628512235  2.311189E-13
4056.49500283351  2.302070E-13
4057.57372054468  2.301472E-13
4058.65243825585  2.304605E-13
4059.73115596702  2.291477E-13
4060.80987367818  2.276273E-13
4061.88859138935  2.259754E-13
4062.96730910052  2.259880E-13
4064.04602681168  2.257598E-13
4065.12474452285  2.263633E-13
4066.20346223402  2.255141E-13
4067.28217994518  2.211647E-13
4068.36089765635  2.193307E-13
4069.43961536752  2.174964E-13
4070.51833307869  2.141786E-13
4071.59705078986  2.110535E-13
4072.67576850102  2.109642E-13
4073.75448621219  2.124772E-13
4074.83320392336  2.118765E-13
4075.91192163452  2.106362E-13
4076.99063934569  2.112032E-13
4078.06935705686  2.131979E-13
4079.14807476802  2.129165E-13
4080.22679247919  2.129797E-13
4081.30551019036  2.117031E-13
4082.38422790153  2.125559E-13
4083.46294561269  2.103095E-13
4084.54166332386  2.067808E-13
4085.62038103503  2.066826E-13
4086.69909874619  2.058200E-13
4087.77781645736  2.050592E-13
4088.85653416853  2.035187E-13
4089.9352518797  2.027165E-13
4091.01396959086  2.022015E-13
4092.09268730203  2.012418E-13
4093.1714050132  1.964294E-13
4094.25012272437  1.912001E-13
4095.32884043553  1.867348E-13
4096.4075581467  1.785339E-13
4097.48627585787  1.696323E-13
4098.56499356904  1.583273E-13
4099.6437112802  1.466626E-13
4100.72242899137  1.355144E-13
4101.80114670254  1.317797E-13
4102.8798644137  1.332452E-13
4103.95858212487  1.418749E-13
4105.03729983604  1.545804E-13
4106.1160175472  1.683890E-13
4107.19473525837  1.801325E-13
4108.27345296954  1.888993E-13
4109.35217068071  1.957284E-13
4110.43088839187  2.012839E-13
4111.50960610304  2.041612E-13
4112.58832381421  2.087083E-13
4113.66704152538  2.110096E-13
4114.74575923654  2.143136E-13
4115.82447694771  2.158057E-13
4116.90319465888  2.168913E-13
4117.98191237004  2.158816E-13
4119.06063008121  2.116198E-13
4120.13934779238  2.092960E-13
4121.21806550355  2.095680E-13
4122.29678321471  2.130479E-13
4123.37550092588  2.168169E-13
4124.45421863705  2.210205E-13
4125.53293634822  2.246811E-13
4126.61165405938  2.278031E-13
4127.69037177055  2.297231E-13
4128.76908948172  2.297095E-13
4129.84780719288  2.276255E-13
4130.92652490405  2.279574E-13
4132.00524261522  2.286473E-13
4133.08396032639  2.295513E-13
4134.16267803755  2.298548E-13
4135.24139574872  2.311767E-13
4136.32011345989  2.328258E-13
4137.39883117105  2.311530E-13
4138.47754888222  2.299114E-13
4139.55626659339  2.280752E-13
4140.63498430456  2.233134E-13
4141.71370201572  2.188464E-13
4142.79241972689  2.117930E-13
4143.87113743806  2.059108E-13
4144.94985514922  2.092189E-13
4146.02857286039  2.157477E-13
4147.10729057156  2.223899E-13
4148.18600828273  2.277940E-13
4149.26472599389  2.312197E-13
4150.34344370506  2.333140E-13
4151.42216141623  2.324156E-13
4152.5008791274  2.329564E-13
4153.57959683856  2.311415E-13
4154.65831454973  2.324898E-13
4155.7370322609  2.352424E-13
4156.81574997206  2.370077E-13
4157.89446768323  2.361929E-13
4158.9731853944  2.373484E-13
4160.05190310557  2.389594E-13
4161.13062081673  2.391165E-13
4162.2093385279  2.373420E-13
4163.28805623907  2.374321E-13
4164.36677395023  2.356542E-13
4165.4454916614  2.342996E-13
4166.52420937257  2.344705E-13
4167.60292708374  2.354859E-13
4168.6816447949  2.332727E-13
4169.76036250607  2.322448E-13
4170.83908021724  2.330374E-13
4171.9177979284  2.333526E-13
4172.99651563957  2.340712E-13
4174.07523335074  2.352580E-13
4175.15395106191  2.345692E-13
4176.23266877307  2.339740E-13
4177.31138648424  2.343816E-13
4178.39010419541  2.356931E-13
4179.46882190657  2.359670E-13
4180.54753961774  2.359367E-13
4181.62625732891  2.367898E-13
4182.70497504008  2.362735E-13
4183.78369275124  2.363165E-13
4184.86241046241  2.358706E-13
4185.94112817358  2.355328E-13
4187.01984588475  2.345469E-13
4188.09856359591  2.347806E-13
4189.17728130708  2.360407E-13
4190.25599901825  2.350879E-13
4191.33471672941  2.363566E-13
4192.41343444058  2.368488E-13
4193.49215215175  2.373773E-13
4194.57086986292  2.366291E-13
4195.64958757408  2.381498E-13
4196.72830528525  2.385658E-13
4197.80702299642  2.392023E-13
4198.88574070759  2.383131E-13
4199.96445841875  2.389629E-13
4201.04317612992  2.389321E-13
4202.12189384109  2.394449E-13
4203.20061155225  2.398000E-13
4204.27932926342  2.388387E-13
4205.35804697459  2.381695E-13
4206.43676468576  2.389385E-13
4207.51548239692  2.387845E-13
4208.59420010809  2.394545E-13
4209.67291781926  2.390686E-13
4210.75163553042  2.405276E-13
4211.83035324159  2.393464E-13
4212.90907095276  2.401771E-13
4213.98778866393  2.422089E-13
4215.06650637509  2.389706E-13
4216.14522408626  2.386700E-13
4217.22394179743  2.404632E-13
4218.30265950859  2.401587E-13
4219.38137721976  2.405275E-13
4220.46009493093  2.396078E-13
4221.5388126421  2.374564E-13
4222.61753035326  2.394692E-13
4223.69624806443  2.395659E-13
4224.7749657756  2.379945E-13
4225.85368348677  2.379876E-13
4226.93240119793  2.381010E-13
4228.0111189091  2.380056E-13
4229.08983662027  2.380647E-13
4230.16855433143  2.388346E-13
4231.2472720426  2.379339E-13
4232.32598975377  2.371080E-13
4233.40470746494  2.382400E-13
4234.4834251761  2.379250E-13
4235.56214288727  2.382774E-13
4236.64086059844  2.368227E-13
4237.7195783096  2.355208E-13
4238.79829602077  2.345644E-13
4239.87701373194  2.332670E-13
4240.9557314431  2.332793E-13
4242.03444915427  2.320485E-13
4243.11316686544  2.335749E-13
4244.19188457661  2.349883E-13
4245.27060228777  2.368931E-13
4246.34931999894  2.385643E-13
4247.42803771011  2.378146E-13
4248.50675542128  2.370052E-13
4249.58547313244  2.372703E-13
4250.66419084361  2.364819E-13
4251.74290855478  2.347441E-13
4252.82162626594  2.336818E-13
4253.90034397711  2.339612E-13
4254.97906168828  2.319566E-13
4256.05777939945  2.322064E-13
4257.13649711061  2.364138E-13
4258.21521482178  2.357487E-13
4259.29393253295  2.359928E-13
4260.37265024412  2.362055E-13
4261.45136795528  2.359740E-13
4262.53008566645  2.375992E-13
4263.60880337762  2.375135E-13
4264.68752108878  2.349909E-13
4265.76623879995  2.310848E-13
4266.84495651112  2.288372E-13
4267.92367422229  2.295044E-13
4269.00239193345  2.306992E-13
4270.08110964462  2.332589E-13
4271.15982735579  2.362293E-13
4272.23854506695  2.354279E-13
4273.31726277812  2.327777E-13
4274.39598048929  2.292736E-13
4275.47469820046  2.283457E-13
4276.55341591162  2.275050E-13
4277.63213362279  2.284425E-13
4278.71085133396  2.304580E-13
4279.78956904512  2.315705E-13
4280.86828675629  2.313356E-13
4281.94700446746  2.304906E-13
4283.02572217863  2.316938E-13
4284.10443988979  2.289706E-13
4285.18315760096  2.279638E-13
4286.26187531213  2.282490E-13
4287.3405930233  2.291971E-13
4288.41931073446  2.300321E-13
4289.49802844563  2.302355E-13
4290.5767461568  2.298197E-13
4291.65546386796  2.296514E-13
4292.73418157913  2.283823E-13
4293.8128992903  2.285528E-13
4294.89161700147  2.296350E-13
4295.97033471263  2.302028E-13
4297.0490524238  2.311009E-13
4298.12777013497  2.309616E-13
4299.20648784613  2.307165E-13
4300.2852055573  2.301953E-13
4301.36392326847  2.289205E-13
4302.44264097964  2.287299E-13
4303.5213586908  2.283726E-13
4304.60007640197  2.262720E-13
4305.67879411314  2.247922E-13
4306.75751182431  2.259065E-13
4307.83622953547  2.281545E-13
4308.91494724664  2.282851E-13
4309.99366495781  2.281248E-13
4311.07238266897  2.272526E-13
4312.15110038014  2.256750E-13
4313.22981809131  2.264475E-13
4314.30853580247  2.263607E-13
4315.38725351364  2.236298E-13
4316.46597122481  2.236174E-13
4317.54468893598  2.217318E-13
4318.62340664714  2.193606E-13
4319.70212435831  2.207626E-13
4320.78084206948  2.227945E-13
4321.85955978065  2.228813E-13
4322.93827749181  2.223564E-13
4324.01699520298  2.222360E-13
4325.09571291415  2.213493E-13
4326.17443062531  2.220528E-13
4327.25314833648  2.194592E-13
4328.33186604765  2.169345E-13
4329.41058375882  2.163537E-13
4330.48930146998  2.136807E-13
4331.56801918115  2.096429E-13
4332.64673689232  2.070697E-13
4333.72545460349  2.009976E-13
4334.80417231465  1.948301E-13
4335.88289002582  1.869913E-13
4336.96160773699  1.744479E-13
4338.04032544815  1.603609E-13
4339.11904315932  1.481753E-13
4340.19776087049  1.416217E-13
4341.27647858166  1.419487E-13
4342.35519629282  1.495424E-13
4343.43391400399  1.607753E-13
4344.51263171516  1.729023E-13
4345.59134942632  1.842525E-13
4346.67006713749  1.931206E-13
4347.74878484866  1.997477E-13
4348.82750255983  2.050318E-13
4349.90622027099  2.072953E-13
4350.98493798216  2.118656E-13
4352.06365569333  2.154958E-13
4353.14237340449  2.206680E-13
4354.22109111566  2.238265E-13
4355.29980882683  2.273327E-13
4356.378526538  2.291456E-13
4357.45724424916  2.309298E-13
4358.53596196033  2.335295E-13
4359.6146796715  2.351080E-13
4360.69339738266  2.346957E-13
4361.77211509383  2.355117E-13
4362.850832805  2.356143E-13
4363.92955051617  2.335429E-13
4365.00826822733  2.343924E-13
4366.0869859385  2.328651E-13
4367.16570364967  2.322811E-13
4368.24442136084  2.334772E-13
4369.323139072  2.350103E-13
4370.40185678317  2.348424E-13
4371.48057449434  2.347687E-13
4372.5592922055  2.357958E-13
4373.63800991667  2.373510E-13
4374.71672762784  2.367135E-13
4375.79544533901  2.390053E-13
4376.87416305017  2.396807E-13
4377.95288076134  2.393509E-13
4379.03159847251  2.388680E-13
4380.11031618367  2.395104E-13
4381.18903389484  2.396133E-13
4382.26775160601  2.395698E-13
4383.34646931718  2.390430E-13
4384.42518702834  2.347102E-13
4385.50390473951  2.271082E-13
4386.58262245068  2.201940E-13
4387.66134016184  2.132311E-13
4388.74005787301  2.115816E-13
4389.81877558418  2.159798E-13
4390.89749329535  2.243261E-13
4391.97621100651  2.332507E-13
4393.05492871768  2.384302E-13
4394.13364642885  2.412353E-13
4395.21236414002  2.423226E-13
4396.29108185118  2.416235E-13
4397.36979956235  2.418759E-13
4398.44851727352  2.432035E-13
4399.52723498468  2.436152E-13
4400.60595269585  2.444780E-13
4401.68467040702  2.455278E-13
4402.76338811819  2.452142E-13
4403.84210582935  2.438087E-13
4404.92082354052  2.435286E-13
4405.99954125169  2.454009E-13
4407.07825896285  2.438652E-13
4408.15697667402  2.434331E-13
4409.23569438519  2.423455E-13
4410.31441209636  2.425264E-13
4411.39312980752  2.430226E-13
4412.47184751869  2.421852E-13
4413.55056522986  2.386139E-13
4414.62928294103  2.355634E-13
4415.70800065219  2.333710E-13
4416.78671836336  2.317038E-13
4417.86543607453  2.323481E-13
4418.94415378569  2.328843E-13
4420.02287149686  2.337757E-13
4421.10158920803  2.344947E-13
4422.1803069192  2.354181E-13
4423.25902463036  2.352579E-13
4424.33774234153  2.328467E-13
4425.4164600527  2.305518E-13
4426.49517776386  2.285371E-13
4427.57389547503  2.271794E-13
4428.6526131862  2.276549E-13
4429.73133089737  2.279211E-13
4430.81004860853  2.278774E-13
4431.8887663197  2.283223E-13
4432.96748403087  2.286016E-13
4434.04620174203  2.295942E-13
4435.1249194532  2.300266E-13
4436.20363716437  2.305380E-13
4437.28235487554  2.314690E-13
4438.3610725867  2.313830E-13
4439.43979029787  2.337935E-13
4440.51850800904  2.353445E-13
4441.59722572021  2.360206E-13
4442.67594343137  2.363664E-13
4443.75466114254  2.375514E-13
4444.83337885371  2.380752E-13
4445.91209656487  2.365294E-13
4446.99081427604  2.350777E-13
4448.06953198721  2.344567E-13
4449.14824969837  2.350021E-13
4450.22696740954  2.357478E-13
4451.30568512071  2.373637E-13
4452.38440283188  2.390918E-13
4453.46312054304  2.380260E-13
4454.54183825421  2.373736E-13
4455.62055596538  2.396673E-13
4456.69927367655  2.396078E-13
4457.77799138771  2.394958E-13
4458.85670909888  2.395460E-13
4459.93542681005  2.389909E-13
4461.01414452121  2.415322E-13
4462.09286223238  2.397936E-13
4463.17157994355  2.359232E-13
4464.25029765472  2.357821E-13
4465.32901536588  2.331892E-13
4466.40773307705  2.306231E-13
4467.48645078822  2.257791E-13
4468.56516849938  2.161971E-13
4469.64388621055  2.061109E-13
4470.72260392172  1.983983E-13
4471.80132163289  1.972231E-13
4472.88003934405  2.024055E-13
4473.95875705522  2.116918E-13
4475.03747476639  2.220656E-13
4476.11619247756  2.309517E-13
4477.19491018872  2.336581E-13
4478.27362789989  2.340232E-13
4479.35234561106  2.328447E-13
4480.43106332222  2.314498E-13
4481.50978103339  2.334385E-13
4482.58849874456  2.354562E-13
4483.66721645573  2.391288E-13
4484.74593416689  2.425089E-13
4485.82465187806  2.431933E-13
4486.90336958923  2.420430E-13
4487.98208730039  2.412904E-13
4489.06080501156  2.425441E-13
4490.13952272273  2.410693E-13
4491.2182404339  2.427144E-13
4492.29695814506  2.429434E-13
4493.37567585623  2.428863E-13
4494.4543935674  2.429032E-13
4495.53311127856  2.433666E-13
4496.61182898973  2.441372E-13
4497.6905467009  2.436625E-13
4498.76926441207  2.418119E-13
4499.84798212323  2.394934E-13
4500.9266998344  2.374842E-13
4502.00541754557  2.376832E-13
4503.08413525674  2.387021E-13
4504.1628529679  2.379083E-13
4505.24157067907  2.392655E-13
4506.32028839024  2.385089E-13
4507.3990061014  2.378142E-13
4508.47772381257  2.374542E-13
4509.55644152374  2.371328E-13
4510.63515923491  2.363930E-13
4511.71387694607  2.351468E-13
4512.79259465724  2.331084E-13
4513.87131236841  2.340285E-13
4514.95003007957  2.323918E-13
4516.02874779074  2.302203E-13
4517.10746550191  2.307509E-13
4518.18618321308  2.314162E-13
4519.26490092424  2.296833E-13
4520.34361863541  2.271726E-13
4521.42233634658  2.259302E-13
4522.50105405774  2.237345E-13
4523.57977176891  2.242572E-13
4524.65848948008  2.223457E-13
4525.73720719125  2.222369E-13
4526.81592490241  2.177063E-13
4527.89464261358  2.156672E-13
4528.97336032475  2.127018E-13
4530.05207803592  2.110907E-13
4531.13079574708  2.095341E-13
4532.20951345825  2.098675E-13
4533.28823116942  2.113017E-13
4534.36694888058  2.091119E-13
4535.44566659175  2.101038E-13
4536.52438430292  2.088935E-13
4537.60310201409  2.078599E-13
4538.68181972525  2.068297E-13
4539.76053743642  2.062290E-13
4540.83925514759  2.058601E-13
4541.91797285875  2.056854E-13
4542.99669056992  2.064766E-13
4544.07540828109  2.058527E-13
4545.15412599226  2.051351E-13
4546.23284370342  2.051128E-13
4547.31156141459  2.067537E-13
4548.39027912576  2.066905E-13
4549.46899683693  2.052535E-13
4550.54771454809  2.050489E-13
4551.62643225926  2.045796E-13
4552.70514997043  2.029052E-13
4553.78386768159  2.033826E-13
4554.86258539276  2.078252E-13
4555.94130310393  2.094509E-13
4557.0200208151  2.117462E-13
4558.09873852626  2.148770E-13
4559.17745623743  2.163058E-13
4560.2561739486  2.193833E-13
4561.33489165976  2.203130E-13
4562.41360937093  2.210592E-13
4563.4923270821  2.207371E-13
4564.57104479327  2.225413E-13
4565.64976250443  2.246919E-13
4566.7284802156  2.228595E-13
4567.80719792677  2.207449E-13
4568.88591563794  2.229084E-13
4569.9646333491  2.271006E-13
4571.04335106027  2.299704E-13
4572.12206877144  2.299210E-13
4573.2007864826  2.305257E-13
4574.27950419377  2.301996E-13
4575.35822190494  2.320045E-13
4576.4369396161  2.333339E-13
4577.51565732727  2.353760E-13
4578.59437503844  2.369678E-13
4579.67309274961  2.390884E-13
4580.75181046077  2.385277E-13
4581.83052817194  2.387556E-13
4582.90924588311  2.405580E-13
4583.98796359427  2.418027E-13
4585.06668130544  2.419384E-13
4586.14539901661  2.434962E-13
4587.22411672778  2.437462E-13
4588.30283443894  2.429037E-13
4589.38155215011  2.428256E-13
4590.46026986128  2.433087E-13
4591.53898757245  2.416142E-13
4592.61770528361  2.412744E-13
4593.69642299478  2.433430E-13
4594.77514070595  2.426126E-13
4595.85385841711  2.439067E-13
4596.93257612828  2.427374E-13
4598.01129383945  2.449731E-13
4599.09001155062  2.455007E-13
4600.16872926178  2.433003E-13
4601.24744697295  2.453432E-13
4602.32616468412  2.443240E-13
4603.40488239529  2.444221E-13
4604.48360010645  2.449745E-13
4605.56231781762  2.453646E-13
4606.64103552879  2.444611E-13
4607.71975323995  2.436831E-13
4608.79847095112  2.439241E-13
4609.87718866229  2.441411E-13
4610.95590637346  2.450731E-13
4612.03462408462  2.456084E-13
4613.11334179579  2.458741E-13
4614.19205950696  2.451809E-13
4615.27077721812  2.455157E-13
4616.34949492929  2.460582E-13
4617.42821264046  2.462274E-13
4618.50693035163  2.460971E-13
4619.58564806279  2.457696E-13
4620.66436577396  2.454046E-13
4621.74308348513  2.444029E-13
4622.82180119629  2.456635E-13
4623.90051890746  2.471686E-13
4624.97923661863  2.482081E-13
4626.0579543298  2.494699E-13
4627.13667204096  2.486925E-13
4628.21538975213  2.480935E-13
4629.2941074633  2.457183E-13
4630.37282517447  2.429554E-13
4631.45154288563  2.434951E-13
4632.5302605968  2.463466E-13
4633.60897830797  2.464291E-13
4634.68769601913  2.482432E-13
4635.7664137303  2.478934E-13
4636.84513144147  2.476350E-13
4637.92384915264  2.450580E-13
4639.0025668638  2.444657E-13
4640.08128457497  2.423708E-13
4641.16000228614  2.403361E-13
4642.2387199973  2.398558E-13
4643.31743770847  2.414629E-13
4644.39615541964  2.414140E-13
4645.4748731308  2.421132E-13
4646.55359084197  2.440724E-13
4647.63230855314  2.423801E-13
4648.71102626431  2.386331E-13
4649.78974397547  2.383638E-13
4650.86846168664  2.383903E-13
4651.94717939781  2.390423E-13
4653.02589710898  2.421714E-13
4654.10461482014  2.443823E-13
4655.18333253131  2.453838E-13
4656.26205024248  2.473850E-13
4657.34076795364  2.461034E-13
4658.41948566481  2.438699E-13
4659.49820337598  2.438964E-13
4660.57692108715  2.420369E-13
4661.65563879831  2.406944E-13
4662.73435650948  2.417636E-13
4663.81307422065  2.420467E-13
4664.89179193182  2.412229E-13
4665.97050964298  2.418154E-13
4667.04922735415  2.413796E-13
4668.12794506532  2.416084E-13
4669.20666277648  2.420941E-13
4670.28538048765  2.422440E-13
4671.36409819882  2.400940E-13
4672.44281590999  2.400881E-13
4673.52153362115  2.387918E-13
4674.60025133232  2.364285E-13
4675.67896904349  2.354959E-13
4676.75768675466  2.370521E-13
4677.83640446582  2.356356E-13
4678.91512217699  2.356523E-13
4679.99383988816  2.368036E-13
4681.07255759932  2.396644E-13
4682.15127531049  2.408422E-13
4683.22999302166  2.380479E-13
4684.30871073282  2.372025E-13
4685.38742844399  2.374917E-13
4686.46614615516  2.377268E-13
4687.54486386633  2.373376E-13
4688.62358157749  2.387771E-13
4689.70229928866  2.368570E-13
4690.78101699983  2.369576E-13
4691.859734711  2.369902E-13
4692.93845242216  2.345594E-13
4694.01717013333  2.343945E-13
4695.0958878445  2.336759E-13
4696.17460555566  2.329881E-13
4697.25332326683  2.316408E-13
4698.332040978  2.302294E-13
4699.41075868917  2.294631E-13
4700.48947640033  2.289910E-13
4701.5681941115  2.298056E-13
4702.64691182267  2.298452E-13
4703.72562953383  2.292786E-13
4704.804347245  2.301454E-13
4705.88306495617  2.299895E-13
4706.96178266734  2.289624E-13
4708.0405003785  2.291596E-13
4709.11921808967  2.302677E-13
4710.19793580084  2.265148E-13
4711.27665351201  2.223128E-13
4712.35537122317  2.213409E-13
4713.43408893434  2.180153E-13
4714.51280664551  2.199659E-13
4715.59152435667  2.228229E-13
4716.67024206784  2.263691E-13
4717.74895977901  2.275785E-13
4718.82767749017  2.278319E-13
4719.90639520134  2.287558E-13
4720.98511291251  2.285682E-13
4722.06383062368  2.290676E-13
4723.14254833484  2.291902E-13
4724.22126604601  2.286006E-13
4725.29998375718  2.238696E-13
4726.37870146835  2.225449E-13
4727.45741917951  2.222785E-13
4728.53613689068  2.242392E-13
4729.61485460185  2.261822E-13
4730.69357231301  2.282554E-13
4731.77229002418  2.293283E-13
4732.85100773535  2.308004E-13
4733.92972544652  2.296046E-13
4735.00844315768  2.293508E-13
4736.08716086885  2.283270E-13
4737.16587858002  2.309720E-13
4738.24459629119  2.315073E-13
4739.32331400235  2.301034E-13
4740.40203171352  2.313483E-13
4741.48074942469  2.307075E-13
4742.55946713585  2.289833E-13
4743.63818484702  2.307785E-13
4744.71690255819  2.311339E-13
4745.79562026936  2.324141E-13
4746.87433798052  2.321535E-13
4747.95305569169  2.313749E-13
4749.03177340286  2.310578E-13
4750.11049111402  2.299863E-13
4751.18920882519  2.304162E-13
4752.26792653636  2.300044E-13
4753.34664424753  2.295725E-13
4754.42536195869  2.310439E-13
4755.50407966986  2.302561E-13
4756.58279738103  2.308403E-13
4757.66151509219  2.312727E-13
4758.74023280336  2.323273E-13
4759.81895051453  2.295131E-13
4760.8976682257  2.291952E-13
4761.97638593686  2.294488E-13
4763.05510364803  2.302125E-13
4764.1338213592  2.306552E-13
4765.21253907037  2.322275E-13
4766.29125678153  2.329328E-13
4767.3699744927  2.327715E-13
4768.44869220387  2.333886E-13
4769.52740991503  2.344454E-13
4770.6061276262  2.331841E-13
4771.68484533737  2.334102E-13
4772.76356304854  2.329209E-13
4773.8422807597  2.346613E-13
4774.92099847087  2.338312E-13
4775.99971618204  2.335831E-13
4777.0784338932  2.338065E-13
4778.15715160437  2.328350E-13
4779.23586931554  2.323723E-13
4780.31458702671  2.311181E-13
4781.39330473787  2.330626E-13
4782.47202244904  2.355826E-13
4783.55074016021  2.349941E-13
4784.62945787138  2.355040E-13
4785.70817558254  2.364692E-13
4786.78689329371  2.363441E-13
4787.86561100488  2.335798E-13
4788.94432871604  2.336625E-13
4790.02304642721  2.347480E-13
4791.10176413838  2.345358E-13
4792.18048184955  2.363719E-13
4793.25919956071  2.360228E-13
4794.33791727188  2.346692E-13
4795.41663498305  2.350913E-13
4796.49535269421  2.351382E-13
4797.57407040538  2.357597E-13
4798.65278811655  2.366234E-13
4799.73150582772  2.352382E-13
4800.81022353888  2.350244E-13
4801.88894125005  2.342466E-13
4802.96765896122  2.336138E-13
4804.04637667238  2.338328E-13
4805.12509438355  2.348166E-13
4806.20381209472  2.345092E-13
4807.28252980589  2.352183E-13
4808.36124751705  2.361851E-13
4809.43996522822  2.362085E-13
4810.51868293939  2.358785E-13
4811.59740065055  2.345469E-13
4812.67611836172  2.339353E-13
4813.75483607289  2.343029E-13
4814.83355378406  2.340939E-13
4815.91227149522  2.339201E-13
4816.99098920639  2.347287E-13
4818.06970691756  2.350960E-13
4819.14842462873  2.350148E-13
4820.22714233989  2.345640E-13
4821.30586005106  2.343277E-13
4822.38457776223  2.347337E-13
4823.46329547339  2.354793E-13
4824.54201318456  2.356448E-13
4825.62073089573  2.353094E-13
4826.6994486069  2.349412E-13
4827.77816631806  2.340715E-13
4828.85688402923  2.330171E-13
4829.9356017404  2.329504E-13
4831.01431945156  2.338936E-13
4832.09303716273  2.341460E-13
4833.1717548739  2.344624E-13
4834.25047258507  2.366720E-13
4835.32919029623  2.360976E-13
4836.4079080074  2.345021E-13
4837.48662571857  2.342163E-13
4838.56534342973  2.330047E-13
4839.6440611409  2.347670E-13
4840.72277885207  2.345066E-13
4841.80149656324  2.330674E-13
4842.8802142744  2.337112E-13
4843.95893198557  2.322952E-13
4845.03764969674  2.296245E-13
4846.11636740791  2.284176E-13
4847.19508511907  2.284316E-13
4848.27380283024  2.265606E-13
4849.35252054141  2.248855E-13
4850.43123825257  2.232412E-13
4851.50995596374  2.202035E-13
4852.58867367491  2.160786E-13
4853.66739138608  2.115108E-13
4854.74610909724  2.062795E-13
4855.82482680841  1.992488E-13
4856.90354451958  1.898241E-13
4857.98226223074  1.776148E-13
4859.06097994191  1.639773E-13
4860.13969765308  1.535599E-13
4861.21841536425  1.483405E-13
4862.29713307541  1.503284E-13
4863.37585078658  1.585217E-13
4864.45456849775  1.715181E-13
4865.53328620891  1.825658E-13
4866.61200392008  1.922436E-13
4867.69072163125  2.018239E-13
4868.76943934242  2.086416E-13
4869.84815705358  2.137804E-13
4870.92687476475  2.158420E-13
4872.00559247592  2.184381E-13
4873.08431018709  2.203890E-13
4874.16302789825  2.222719E-13
4875.24174560942  2.241425E-13
4876.32046332059  2.255649E-13
4877.39918103175  2.267105E-13
4878.47789874292  2.273195E-13
4879.55661645409  2.283937E-13
4880.63533416526  2.284457E-13
4881.71405187642  2.288883E-13
4882.79276958759  2.298770E-13
4883.87148729876  2.294276E-13
4884.95020500992  2.294874E-13
4886.02892272109  2.314458E-13
4887.10764043226  2.323950E-13
4888.18635814343  2.323395E-13
4889.26507585459  2.320119E-13
4890.34379356576  2.334076E-13
4891.42251127693  2.328527E-13
4892.5012289881  2.340450E-13
4893.57994669926  2.340411E-13
4894.65866441043  2.335677E-13
4895.7373821216  2.339287E-13
4896.81609983276  2.335824E-13
4897.89481754393  2.371268E-13
4898.9735352551  2.354608E-13
4900.05225296626  2.357546E-13
4901.13097067743  2.353248E-13
4902.2096883886  2.340321E-13
4903.28840609977  2.359745E-13
4904.36712381093  2.362903E-13
4905.4458415221  2.359408E-13
4906.52455923327  2.346667E-13
4907.60327694444  2.343973E-13
4908.6819946556  2.361891E-13
4909.76071236677  2.363977E-13
4910.83943007794  2.385208E-13
4911.9181477891  2.368467E-13
4912.99686550027  2.379519E-13
4914.07558321144  2.389355E-13
4915.15430092261  2.385293E-13
4916.23301863377  2.358128E-13
4917.31173634494  2.328468E-13
4918.39045405611  2.296542E-13
4919.46917176727  2.230830E-13
4920.54788947844  2.139403E-13
4921.62660718961  2.087798E-13
4922.70532490078  2.083091E-13
4923.78404261194  2.138096E-13
4924.86276032311  2.209360E-13
4925.94147803428  2.281082E-13
4927.02019574545  2.346978E-13
4928.09891345661  2.379467E-13
4929.17763116778  2.382079E-13
4930.25634887895  2.390304E-13
4931.33506659011  2.403293E-13
4932.41378430128  2.395219E-13
4933.49250201245  2.402101E-13
4934.57121972362  2.415050E-13
4935.64993743478  2.397611E-13
4936.72865514595  2.410535E-13
4937.80737285712  2.396917E-13
4938.88609056828  2.382037E-13
4939.96480827945  2.381241E-13
4941.04352599062  2.368999E-13
4942.12224370179  2.361360E-13
4943.20096141295  2.378669E-13
4944.27967912412  2.378773E-13
4945.35839683529  2.380474E-13
4946.43711454645  2.390251E-13
4947.51583225762  2.405579E-13
4948.59454996879  2.404410E-13
4949.67326767996  2.387961E-13
4950.75198539112  2.398424E-13
4951.83070310229  2.405026E-13
4952.90942081346  2.401097E-13
4953.98813852463  2.392243E-13
4955.06685623579  2.375279E-13
4956.14557394696  2.391786E-13
4957.22429165813  2.407814E-13
4958.30300936929  2.399333E-13
4959.38172708046  2.407206E-13
4960.46044479163  2.398201E-13
4961.5391625028  2.388579E-13
4962.61788021396  2.395691E-13
4963.69659792513  2.388468E-13
4964.7753156363  2.378671E-13
4965.85403334746  2.385416E-13
4966.93275105863  2.379555E-13
4968.0114687698  2.381115E-13
4969.09018648097  2.381466E-13
4970.16890419213  2.382846E-13
4971.2476219033  2.392679E-13
4972.32633961447  2.403756E-13
4973.40505732564  2.405280E-13
4974.4837750368  2.400654E-13
4975.56249274797  2.395145E-13
4976.64121045914  2.395846E-13
4977.7199281703  2.402912E-13
4978.79864588147  2.400553E-13
4979.87736359264  2.398410E-13
4980.95608130381  2.398333E-13
4982.03479901497  2.397983E-13
4983.11351672614  2.389169E-13
4984.19223443731  2.374248E-13
4985.27095214847  2.374775E-13
4986.34966985964  2.392492E-13
4987.42838757081  2.389791E-13
4988.50710528197  2.374607E-13
4989.58582299314  2.366249E-13
4990.66454070431  2.371216E-13
4991.74325841548  2.380412E-13
4992.82197612664  2.375187E-13
4993.90069383781  2.374654E-13
4994.97941154898  2.379398E-13
4996.05812926015  2.372490E-13
4997.13684697131  2.374179E-13
4998.21556468248  2.380252E-13
4999.29428239365  2.363814E-13
5000.37300010482  2.323969E-13
5001.45171781598  2.296174E-13
5002.53043552715  2.293399E-13
5003.60915323832  2.298433E-13
5004.68787094948  2.310395E-13
5005.76658866065  2.321086E-13
5006.84530637182  2.335293E-13
5007.92402408299  2.353045E-13
5009.00274179415  2.352116E-13
5010.08145950532  2.351879E-13
5011.16017721649  2.334878E-13
5012.23889492765  2.311977E-13
5013.31761263882  2.296243E-13
5014.39633034999  2.279019E-13
5015.47504806116  2.247737E-13
5016.55376577232  2.248658E-13
5017.63248348349  2.276433E-13
5018.71120119466  2.329472E-13
5019.78991890583  2.349772E-13
5020.86863661699  2.377056E-13
5021.94735432816  2.385775E-13
5023.02607203933  2.388059E-13
5024.1047897505  2.390773E-13
5025.18350746166  2.380355E-13
5026.26222517283  2.374127E-13
5027.34094288399  2.372311E-13
5028.41966059516  2.378636E-13
5029.49837830633  2.388872E-13
5030.5770960175  2.373621E-13
5031.65581372866  2.368109E-13
5032.73453143983  2.367998E-13
5033.813249151  2.349463E-13
5034.89196686217  2.345417E-13
5035.97068457333  2.352961E-13
5037.0494022845  2.349765E-13
5038.12811999567  2.346430E-13
5039.20683770683  2.349849E-13
5040.285555418  2.350059E-13
5041.36427312917  2.358481E-13
5042.44299084034  2.342496E-13
5043.5217085515  2.340780E-13
5044.60042626267  2.310883E-13
5045.67914397384  2.299350E-13
5046.757861685  2.267200E-13
5047.83657939617  2.283236E-13
5048.91529710734  2.320132E-13
5049.99401481851  2.329295E-13
5051.07273252967  2.362313E-13
5052.15145024084  2.384806E-13
5053.23016795201  2.379427E-13
5054.30888566317  2.356296E-13
5055.38760337434  2.347899E-13
5056.46632108551  2.346092E-13
5057.54503879668  2.358556E-13
5058.62375650784  2.355115E-13
5059.70247421901  2.368327E-13
5060.78119193018  2.367713E-13
5061.85990964135  2.363112E-13
5062.93862735251  2.375308E-13
5064.01734506368  2.374976E-13
5065.09606277485  2.356958E-13
5066.17478048601  2.358160E-13
5067.25349819718  2.361499E-13
5068.33221590835  2.377874E-13
5069.41093361952  2.375955E-13
5070.48965133068  2.378042E-13
5071.56836904185  2.368426E-13
5072.64708675302  2.352356E-13
5073.72580446418  2.354020E-13
5074.80452217535  2.340418E-13
5075.88323988652  2.351022E-13
5076.96195759769  2.357995E-13
5078.04067530885  2.355862E-13
5079.11939302002  2.352193E-13
5080.19811073119  2.359751E-13
5081.27682844236  2.382032E-13
5082.35554615352  2.372335E-13
5083.43426386469  2.365585E-13
5084.51298157586  2.371248E-13
5085.59169928703  2.372612E-13
5086.67041699819  2.373946E-13
5087.74913470936  2.362386E-13
5088.82785242053  2.361582E-13
5089.90657013169  2.365978E-13
5090.98528784286  2.364197E-13
5092.06400555403  2.362267E-13
5093.1427232652  2.355800E-13
5094.22144097636  2.357160E-13
5095.30015868753  2.363520E-13
5096.3788763987  2.365004E-13
5097.45759410986  2.376175E-13
5098.53631182103  2.381623E-13
5099.6150295322  2.354955E-13
5100.69374724336  2.356285E-13
5101.77246495453  2.377326E-13
5102.8511826657  2.366190E-13
5103.92990037687  2.367191E-13
5105.00861808803  2.382223E-13
5106.0873357992  2.383529E-13
5107.16605351037  2.377786E-13
5108.24477122154  2.384582E-13
5109.3234889327  2.388803E-13
5110.40220664387  2.392943E-13
5111.48092435504  2.375250E-13
5112.5596420662  2.377505E-13
5113.63835977737  2.377896E-13
5114.71707748854  2.392741E-13
5115.79579519971  2.400870E-13
5116.87451291087  2.387525E-13
5117.95323062204  2.400133E-13
5119.03194833321  2.405902E-13
5120.11066604438  2.413148E-13
5121.18938375554  2.406115E-13
5122.26810146671  2.401451E-13
5123.34681917788  2.406195E-13
5124.42553688904  2.408334E-13
5125.50425460021  2.408403E-13
5126.58297231138  2.404521E-13
5127.66169002255  2.411665E-13
5128.74040773371  2.418789E-13
5129.81912544488  2.430272E-13
5130.89784315605  2.445752E-13
5131.97656086721  2.428447E-13
5133.05527857838  2.438437E-13
5134.13399628955  2.430270E-13
5135.21271400072  2.439041E-13
5136.29143171188  2.438477E-13
5137.37014942305  2.457369E-13
5138.44886713422  2.468458E-13
5139.52758484538  2.444441E-13
5140.60630255655  2.457665E-13
5141.68502026772  2.449830E-13
5142.76373797889  2.444845E-13
5143.84245569005  2.441812E-13
5144.92117340122  2.440492E-13
5145.99989111239  2.437622E-13
5147.07860882356  2.451864E-13
5148.15732653472  2.463690E-13
5149.23604424589  2.463537E-13
5150.31476195706  2.458953E-13
5151.39347966822  2.460108E-13
5152.47219737939  2.479713E-13
5153.55091509056  2.470158E-13
5154.62963280173  2.467575E-13
5155.70835051289  2.465740E-13
5156.78706822406  2.459178E-13
5157.86578593523  2.465803E-13
5158.9445036464  2.464509E-13
5160.02322135756  2.462567E-13
5161.10193906873  2.475372E-13
5162.1806567799  2.498476E-13
5163.25937449106  2.497263E-13
5164.33809220223  2.479838E-13
5165.4168099134  2.486173E-13
5166.49552762456  2.490529E-13
5167.57424533573  2.488594E-13
5168.6529630469  2.505278E-13
5169.73168075807  2.508983E-13
5170.81039846923  2.502736E-13
5171.8891161804  2.504646E-13
5172.96783389157  2.513857E-13
5174.04655160274  2.516353E-13
5175.1252693139  2.504894E-13
5176.20398702507  2.500348E-13
5177.28270473624  2.504780E-13
5178.3614224474  2.504318E-13
5179.44014015857  2.512495E-13
5180.51885786974  2.522364E-13
5181.59757558091  2.518215E-13
5182.67629329207  2.519419E-13
5183.75501100324  2.517982E-13
5184.83372871441  2.513316E-13
5185.91244642557  2.518013E-13
5186.99116413674  2.517301E-13
5188.06988184791  2.518336E-13
5189.14859955908  2.515572E-13
5190.22731727024  2.510712E-13
5191.30603498141  2.514874E-13
5192.38475269258  2.510332E-13
5193.46347040374  2.508675E-13
5194.54218811491  2.509003E-13
5195.62090582608  2.512447E-13
5196.69962353725  2.518231E-13
5197.77834124841  2.530193E-13
5198.85705895958  2.517566E-13
5199.93577667075  2.524379E-13
5201.01449438191  2.515585E-13
5202.09321209308  2.520457E-13
5203.17192980425  2.520241E-13
5204.25064751542  2.528622E-13
5205.32936522658  2.529245E-13
5206.40808293775  2.514479E-13
5207.48680064892  2.509063E-13
5208.56551836009  2.519975E-13
5209.64423607125  2.521651E-13
5210.72295378242  2.522359E-13
5211.80167149359  2.517195E-13
5212.88038920475  2.522664E-13
5213.95910691592  2.526868E-13
5215.03782462709  2.532097E-13
5216.11654233826  2.518829E-13
5217.19526004942  2.506929E-13
5218.27397776059  2.501239E-13
5219.35269547176  2.519771E-13
5220.43141318293  2.519971E-13
5221.51013089409  2.523940E-13
5222.58884860526  2.522566E-13
5223.66756631643  2.526142E-13
5224.74628402759  2.529809E-13
5225.82500173876  2.536055E-13
5226.90371944993  2.522821E-13
5227.9824371611  2.526308E-13
5229.06115487226  2.534485E-13
5230.13987258343  2.520466E-13
5231.2185902946  2.526662E-13
5232.29730800577  2.528212E-13
5233.37602571693  2.517264E-13
5234.4547434281  2.503736E-13
5235.53346113926  2.503433E-13
5236.61217885043  2.517688E-13
5237.6908965616  2.529212E-13
5238.76961427277  2.530209E-13
5239.84833198393  2.524257E-13
5240.9270496951  2.508037E-13
5242.00576740627  2.509794E-13
5243.08448511744  2.499413E-13
5244.1632028286  2.515109E-13
5245.24192053977  2.507092E-13
5246.32063825094  2.505539E-13
5247.3993559621  2.518152E-13
5248.47807367327  2.525351E-13
5249.55679138444  2.519764E-13
5250.63550909561  2.522414E-13
5251.71422680677  2.519828E-13
5252.79294451794  2.511239E-13
5253.87166222911  2.509618E-13
5254.95037994028  2.508303E-13
5256.02909765144  2.524276E-13
5257.10781536261  2.532671E-13
5258.18653307378  2.517469E-13
5259.26525078494  2.506590E-13
5260.34396849611  2.510688E-13
5261.42268620728  2.513102E-13
5262.50140391845  2.509337E-13
5263.58012162961  2.515470E-13
5264.65883934078  2.511233E-13
5265.73755705195  2.509128E-13
5266.81627476311  2.510065E-13
5267.89499247428  2.525273E-13
5268.97371018545  2.545382E-13
5270.05242789662  2.532270E-13
5271.13114560778  2.520502E-13
5272.20986331895  2.502081E-13
5273.28858103012  2.498725E-13
5274.36729874128  2.507566E-13
5275.44601645245  2.513519E-13
5276.52473416362  2.527437E-13
5277.60345187479  2.514615E-13
5278.68216958595  2.496937E-13
5279.76088729712  2.519708E-13
5280.83960500829  2.535399E-13
5281.91832271946  2.527531E-13
5282.99704043062  2.514987E-13
5284.07575814179  2.516212E-13
5285.15447585296  2.508969E-13
5286.23319356412  2.519864E-13
5287.31191127529  2.530307E-13
5288.39062898646  2.535755E-13
5289.46934669763  2.535440E-13
5290.54806440879  2.520138E-13
5291.62678211996  2.524163E-13
5292.70549983113  2.547061E-13
5293.7842175423  2.540184E-13
5294.86293525346  2.528037E-13
5295.94165296463  2.510481E-13
5297.0203706758  2.511208E-13
5298.09908838696  2.512605E-13
5299.17780609813  2.497379E-13
5300.2565238093  2.497707E-13
5301.33524152046  2.512341E-13
5302.41395923163  2.527738E-13
5303.4926769428  2.520219E-13
5304.57139465397  2.519673E-13
5305.65011236513  2.521747E-13
5306.7288300763  2.534832E-13
5307.80754778747  2.538849E-13
5308.88626549864  2.547512E-13
5309.9649832098  2.531155E-13
5311.04370092097  2.537418E-13
5312.12241863214  2.538289E-13
5313.2011363433  2.530221E-13
5314.27985405447  2.533457E-13
5315.35857176564  2.534980E-13
5316.43728947681  2.532056E-13
5317.51600718797  2.541487E-13
5318.59472489914  2.547731E-13
5319.67344261031  2.536748E-13
5320.75216032147  2.531052E-13
5321.83087803264  2.528732E-13
5322.90959574381  2.532212E-13
5323.98831345498  2.540105E-13
5325.06703116614  2.546904E-13
5326.14574887731  2.556310E-13
5327.22446658848  2.550493E-13
5328.30318429964  2.543546E-13
5329.38190201081  2.546488E-13
5330.46061972198  2.539012E-13
5331.53933743315  2.543503E-13
5332.61805514431  2.540340E-13
5333.69677285548  2.548631E-13
5334.77549056665  2.539957E-13
5335.85420827782  2.540101E-13
5336.93292598898  2.552083E-13
5338.01164370015  2.539162E-13
5339.09036141132  2.543839E-13
5340.16907912248  2.547286E-13
5341.24779683365  2.545561E-13
5342.32651454482  2.537321E-13
5343.40523225599  2.537082E-13
5344.48394996715  2.547797E-13
5345.56266767832  2.541465E-13
5346.64138538949  2.554597E-13
5347.72010310065  2.567055E-13
5348.79882081182  2.546687E-13
5349.87753852299  2.545870E-13
5350.95625623416  2.564234E-13
5352.03497394532  2.562335E-13
5353.11369165649  2.556397E-13
5354.19240936766  2.554107E-13
5355.27112707883  2.540958E-13
5356.34984478999  2.537672E-13
5357.42856250116  2.550732E-13
5358.50728021233  2.533605E-13
5359.58599792349  2.518233E-13
5360.66471563466  2.528381E-13
5361.74343334583  2.525927E-13
5362.822151057  2.508785E-13
5363.90086876816  2.527935E-13
5364.97958647933  2.548008E-13
5366.0583041905  2.553688E-13
5367.13702190167  2.536129E-13
5368.21573961283  2.543321E-13
5369.294457324  2.527487E-13
5370.37317503517  2.537118E-13
5371.45189274633  2.547176E-13
5372.5306104575  2.535595E-13
5373.60932816867  2.536349E-13
5374.68804587983  2.524414E-13
5375.766763591  2.510710E-13
5376.84548130217  2.532143E-13
5377.92419901334  2.538128E-13
5379.0029167245  2.547967E-13
5380.08163443567  2.540890E-13
5381.16035214684  2.552674E-13
5382.239069858  2.550795E-13
5383.31778756917  2.554323E-13
5384.39650528034  2.569585E-13
5385.47522299151  2.569642E-13
5386.55394070267  2.552566E-13
5387.63265841384  2.572559E-13
5388.71137612501  2.563761E-13
5389.79009383618  2.554995E-13
5390.86881154734  2.562700E-13
5391.94752925851  2.565466E-13
5393.02624696968  2.563438E-13
5394.10496468084  2.569221E-13
5395.18368239201  2.553392E-13
5396.26240010318  2.557573E-13
5397.34111781435  2.560290E-13
5398.41983552551  2.548600E-13
5399.49855323668  2.562298E-13
5400.57727094785  2.554132E-13
5401.65598865901  2.558410E-13
5402.73470637018  2.546005E-13
5403.81342408135  2.536824E-13
5404.89214179252  2.532048E-13
5405.97085950368  2.551260E-13
5407.04957721485  2.567966E-13
5408.12829492602  2.552917E-13
5409.20701263718  2.551980E-13
5410.28573034835  2.560692E-13
5411.36444805952  2.561397E-13
5412.44316577069  2.551993E-13
5413.52188348185  2.538294E-13
5414.60060119302  2.549248E-13
5415.67931890419  2.559850E-13
5416.75803661536  2.556827E-13
5417.83675432652  2.545287E-13
5418.91547203769  2.541413E-13
5419.99418974886  2.549786E-13
5421.07290746002  2.546934E-13
5422.15162517119  2.543230E-13
5423.23034288236  2.545648E-13
5424.30906059353  2.558854E-13
5425.38777830469  2.574726E-13
5426.46649601586  2.564017E-13
5427.54521372703  2.558630E-13
5428.6239314382  2.553352E-13
5429.70264914936  2.538827E-13
5430.78136686053  2.562797E-13
5431.8600845717  2.574603E-13
5432.93880228286  2.554733E-13
5434.01751999403  2.542612E-13
5435.0962377052  2.547750E-13
5436.17495541636  2.552705E-13
5437.25367312753  2.557660E-13
5438.3323908387  2.568728E-13
5439.41110854987  2.566430E-13
5440.48982626103  2.548348E-13
5441.5685439722  2.545114E-13
5442.64726168337  2.540266E-13
5443.72597939454  2.540582E-13
5444.8046971057  2.536790E-13
5445.88341481687  2.531961E-13
5446.96213252804  2.532505E-13
5448.0408502392  2.525485E-13
5449.11956795037  2.517090E-13
5450.19828566154  2.507978E-13
5451.27700337271  2.510611E-13
5452.35572108387  2.503469E-13
5453.43443879504  2.504844E-13
5454.51315650621  2.510171E-13
5455.59187421737  2.519550E-13
5456.67059192854  2.530077E-13
5457.74930963971  2.546732E-13
5458.82802735088  2.543436E-13
5459.90674506204  2.557371E-13
5460.98546277321  2.558634E-13
5462.06418048438  2.557224E-13
5463.14289819554  2.543396E-13
5464.22161590671  2.562002E-13
5465.30033361788  2.563239E-13
5466.37905132905  2.569006E-13
5467.45776904021  2.578044E-13
5468.53648675138  2.576621E-13
5469.61520446255  2.574426E-13
5470.69392217372  2.561696E-13
5471.77263988488  2.561216E-13
5472.85135759605  2.560365E-13
5473.93007530722  2.562964E-13
5475.00879301838  2.564141E-13
5476.08751072955  2.569947E-13
5477.16622844072  2.587440E-13
5478.24494615189  2.578183E-13
5479.32366386305  2.558038E-13
5480.40238157422  2.577867E-13
5481.48109928539  2.590333E-13
5482.55981699655  2.581458E-13
5483.63853470772  2.571596E-13
5484.71725241889  2.557352E-13
5485.79597013006  2.552216E-13
5486.87468784122  2.552504E-13
5487.95340555239  2.547096E-13
5489.03212326356  2.555871E-13
5490.11084097473  2.563913E-13
5491.18955868589  2.557326E-13
5492.26827639706  2.572018E-13
5493.34699410823  2.564369E-13
5494.42571181939  2.553925E-13
5495.50442953056  2.569875E-13
5496.58314724173  2.571006E-13
5497.6618649529  2.570234E-13
5498.74058266406  2.585296E-13
5499.81930037523  2.594737E-13
5500.8980180864  2.593414E-13
5501.97673579757  2.579871E-13
5503.05545350873  2.571677E-13
5504.1341712199  2.578032E-13
5505.21288893107  2.567543E-13
5506.29160664223  2.553235E-13
5507.3703243534  2.539010E-13
5508.44904206457  2.548434E-13
5509.52775977573  2.575635E-13
5510.6064774869  2.594404E-13
5511.68519519807  2.558676E-13
5512.76391290924  2.563821E-13
5513.8426306204  2.581285E-13
5514.92134833157  2.584641E-13
5516.00006604274  2.591400E-13
5517.0787837539  2.584525E-13
5518.15750146507  2.586978E-13
5519.23621917624  2.581309E-13
5520.31493688741  2.575638E-13
5521.39365459857  2.576150E-13
5522.47237230974  2.562371E-13
5523.55109002091  2.552116E-13
5524.62980773208  2.564834E-13
5525.70852544324  2.563782E-13
5526.78724315441  2.548183E-13
5527.86596086558  2.557649E-13
5528.94467857674  2.556059E-13
5530.02339628791  2.556935E-13
5531.10211399908  2.548265E-13
5532.18083171025  2.551649E-13
5533.25954942141  2.542245E-13
5534.33826713258  2.543122E-13
5535.41698484375  2.528949E-13
5536.49570255491  2.535543E-13
5537.57442026608  2.542556E-13
5538.65313797725  2.557427E-13
5539.73185568842  2.534818E-13
5540.81057339958  2.522090E-13
5541.88929111075  2.550424E-13
5542.96800882192  2.557058E-13
5544.04672653308  2.538093E-13
5545.12544424425  2.542620E-13
5546.20416195542  2.544527E-13
5547.28287966659  2.551291E-13
5548.36159737775  2.568892E-13
5549.44031508892  2.570181E-13
5550.51903280009  2.566944E-13
5551.59775051126  2.564941E-13
5552.67646822242  2.570188E-13
5553.75518593359  2.566417E-13
5554.83390364476  2.557330E-13
5555.91262135592  2.562755E-13
5556.99133906709  2.575634E-13
5558.07005677826  2.579110E-13
5559.14877448943  2.580173E-13
5560.22749220059  2.582016E-13
5561.30620991176  2.583808E-13
5562.38492762293  2.579034E-13
5563.4636453341  2.573867E-13
5564.54236304526  2.578733E-13
5565.62108075643  2.574155E-13
5566.6997984676  2.574938E-13
5567.77851617876  2.575721E-13
5568.85723388993  2.578542E-13
5569.9359516011  2.581178E-13
5571.01466931226  2.558990E-13
5572.09338702343  2.554572E-13
5573.1721047346  2.579956E-13
5574.25082244577  2.573956E-13
5575.32954015693  2.558314E-13
5576.4082578681  2.557607E-13
5577.48697557927  2.558656E-13
5578.56569329044  2.565579E-13
5579.6444110016  2.561376E-13
5580.72312871277  2.556477E-13
5581.80184642394  2.568342E-13
5582.8805641351  2.572050E-13
5583.95928184627  2.568976E-13
5585.03799955744  2.573337E-13
5586.11671726861  2.569606E-13
5587.19543497977  2.566179E-13
5588.27415269094  2.571440E-13
5589.35287040211  2.578536E-13
5590.43158811327  2.565209E-13
5591.51030582444  2.569733E-13
5592.58902353561  2.555321E-13
5593.66774124678  2.557938E-13
5594.74645895794  2.583483E-13
5595.82517666911  2.580528E-13
5596.90389438028  2.566513E-13
5597.98261209144  2.567601E-13
5599.06132980261  2.572669E-13
5600.14004751378  2.563016E-13
5601.21876522495  2.568023E-13
5602.29748293611  2.572433E-13
5603.37620064728  2.566496E-13
5604.45491835845  2.563302E-13
5605.53363606962  2.559488E-13
5606.61235378078  2.558253E-13
5607.69107149195  2.559723E-13
5608.76978920312  2.555484E-13
5609.84850691428  2.557151E-13
5610.92722462545  2.548104E-13
5612.00594233662  2.542901E-13
5613.08466004779  2.558594E-13
5614.16337775895  2.560032E-13
5615.24209547012  2.548971E-13
5616.32081318129  2.539855E-13
5617.39953089245  2.545077E-13
5618.47824860362  2.537383E-13
5619.55696631479  2.561862E-13
5620.63568402596  2.568655E-13
5621.71440173712  2.562993E-13
5622.79311944829  2.566237E-13
5623.87183715946  2.557892E-13
5624.95055487063  2.562179E-13
5626.02927258179  2.566594E-13
5627.10799029296  2.551381E-13
5628.18670800413  2.539553E-13
5629.26542571529  2.543772E-13
5630.34414342646  2.536529E-13
5631.42286113763  2.545996E-13
5632.5015788488  2.557784E-13
5633.58029655996  2.550221E-13
5634.65901427113  2.549431E-13
5635.7377319823  2.532818E-13
5636.81644969347  2.525108E-13
5637.89516740463  2.530778E-13
5638.9738851158  2.520146E-13
5640.05260282697  2.516887E-13
5641.13132053813  2.514811E-13
5642.2100382493  2.514529E-13
5643.28875596047  2.528338E-13
5644.36747367163  2.535066E-13
5645.4461913828  2.533557E-13
5646.52490909397  2.538752E-13
5647.60362680514  2.529580E-13
5648.6823445163  2.511984E-13
5649.76106222747  2.530532E-13
5650.83977993864  2.537998E-13
5651.9184976498  2.528719E-13
5652.99721536097  2.528236E-13
5654.07593307214  2.527448E-13
5655.15465078331  2.532587E-13
5656.23336849447  2.515266E-13
5657.31208620564  2.518588E-13
5658.39080391681  2.526595E-13
5659.46952162798  2.519744E-13
5660.54823933914  2.510941E-13
5661.62695705031  2.521830E-13
5662.70567476148  2.514211E-13
5663.78439247264  2.498492E-13
5664.86311018381  2.484965E-13
5665.94182789498  2.472729E-13
5667.02054560615  2.465515E-13
5668.09926331731  2.456995E-13
5669.17798102848  2.489542E-13
5670.25669873965  2.487925E-13
5671.33541645081  2.490051E-13
5672.41413416198  2.504773E-13
5673.49285187315  2.499293E-13
5674.57156958432  2.486890E-13
5675.65028729548  2.480192E-13
5676.72900500665  2.452485E-13
5677.80772271782  2.444611E-13
5678.88644042898  2.447038E-13
5679.96515814015  2.455955E-13
5681.04387585132  2.467300E-13
5682.12259356249  2.473090E-13
5683.20131127365  2.481264E-13
5684.28002898482  2.483586E-13
5685.35874669599  2.477196E-13
5686.43746440716  2.474648E-13
5687.51618211832  2.477487E-13
5688.59489982949  2.464982E-13
5689.67361754066  2.484751E-13
5690.75233525182  2.518998E-13
5691.83105296299  2.496735E-13
5692.90977067416  2.482163E-13
5693.98848838533  2.482723E-13
5695.06720609649  2.466227E-13
5696.14592380766  2.449907E-13
5697.22464151883  2.448144E-13
5698.30335923  2.456181E-13
5699.38207694116  2.466099E-13
5700.46079465233  2.472196E-13
5701.5395123635  2.493506E-13
5702.61823007466  2.464742E-13
5703.69694778583  2.455179E-13
5704.775665497  2.455396E-13
5705.85438320816  2.467059E-13
5706.93310091933  2.468739E-13
5708.0118186305  2.467574E-13
5709.09053634167  2.467677E-13
5710.16925405283  2.469228E-13
5711.247971764  2.455344E-13
5712.32668947517  2.456387E-13
5713.40540718634  2.480904E-13
5714.4841248975  2.487063E-13
5715.56284260867  2.490233E-13
5716.64156031984  2.498206E-13
5717.720278031  2.481488E-13
5718.79899574217  2.464904E-13
5719.87771345334  2.459609E-13
5720.95643116451  2.476488E-13
5722.03514887567  2.473687E-13
5723.11386658684  2.450181E-13
5724.19258429801  2.459419E-13
5725.27130200917  2.467948E-13
5726.35001972034  2.477043E-13
5727.42873743151  2.479873E-13
5728.50745514268  2.473434E-13
5729.58617285384  2.474750E-13
5730.66489056501  2.479191E-13
5731.74360827618  2.490771E-13
5732.82232598734  2.487593E-13
5733.90104369851  2.487793E-13
5734.97976140968  2.493535E-13
5736.05847912085  2.478310E-13
5737.13719683201  2.468894E-13
5738.21591454318  2.460325E-13
5739.29463225435  2.451276E-13
5740.37334996552  2.455301E-13
5741.45206767668  2.440421E-13
5742.53078538785  2.448407E-13
5743.60950309902  2.447592E-13
5744.68822081018  2.459567E-13
5745.76693852135  2.458163E-13
5746.84565623252  2.457003E-13
5747.92437394369  2.478225E-13
5749.00309165485  2.485550E-13
5750.08180936602  2.487302E-13
5751.16052707719  2.480489E-13
5752.23924478835  2.488987E-13
5753.31796249952  2.491457E-13
5754.39668021069  2.491789E-13
5755.47539792186  2.473483E-13
5756.55411563302  2.487277E-13
5757.63283334419  2.470156E-13
5758.71155105536  2.460060E-13
5759.79026876653  2.487788E-13
5760.86898647769  2.493891E-13
5761.94770418886  2.475031E-13
5763.02642190003  2.485953E-13
5764.10513961119  2.476075E-13
5765.18385732236  2.475405E-13
5766.26257503353  2.464755E-13
5767.3412927447  2.463157E-13
5768.42001045586  2.454369E-13
5769.49872816703  2.450632E-13
5770.5774458782  2.452689E-13
5771.65616358937  2.436216E-13
5772.73488130053  2.434374E-13
5773.8135990117  2.434313E-13
5774.89231672287  2.445898E-13
5775.97103443403  2.425142E-13
5777.0497521452  2.415643E-13
5778.12846985637  2.360418E-13
5779.20718756753  2.250668E-13
5780.2859052787  2.225349E-13
5781.36462298987  2.279065E-13
5782.44334070104  2.373432E-13
5783.5220584122  2.414733E-13
5784.60077612337  2.434865E-13
5785.67949383454  2.446130E-13
5786.7582115457  2.447770E-13
5787.83692925687  2.454774E-13
5788.91564696804  2.465391E-13
5789.99436467921  2.471041E-13
5791.07308239037  2.464293E-13
5792.15180010154  2.469405E-13
5793.23051781271  2.473462E-13
5794.30923552388  2.451969E-13
5795.38795323504  2.396210E-13
5796.46667094621  2.357862E-13
5797.54538865738  2.389535E-13
5798.62410636855  2.429759E-13
5799.70282407971  2.453160E-13
5800.78154179088  2.479866E-13
5801.86025950205  2.491768E-13
5802.93897721321  2.499636E-13
5804.01769492438  2.504445E-13
5805.09641263555  2.493730E-13
5806.17513034671  2.489743E-13
5807.25384805788  2.494083E-13
5808.33256576905  2.494324E-13
5809.41128348022  2.490650E-13
5810.49000119138  2.492113E-13
5811.56871890255  2.500497E-13
5812.64743661372  2.503462E-13
5813.72615432488  2.503121E-13
5814.80487203605  2.512528E-13
5815.88358974722  2.503323E-13
5816.96230745839  2.509332E-13
5818.04102516955  2.511031E-13
5819.11974288072  2.512891E-13
5820.19846059189  2.513538E-13
5821.27717830306  2.507451E-13
5822.35589601422  2.519270E-13
5823.43461372539  2.523359E-13
5824.51333143656  2.518243E-13
5825.59204914772  2.522249E-13
5826.67076685889  2.497410E-13
5827.74948457006  2.526806E-13
5828.82820228123  2.507672E-13
5829.90691999239  2.503661E-13
5830.98563770356  2.495535E-13
5832.06435541473  2.514382E-13
5833.1430731259  2.517948E-13
5834.22179083706  2.502240E-13
5835.30050854823  2.497262E-13
5836.3792262594  2.500469E-13
5837.45794397056  2.502661E-13
5838.53666168173  2.498136E-13
5839.6153793929  2.507331E-13
5840.69409710406  2.490448E-13
5841.77281481523  2.495694E-13
5842.8515325264  2.485750E-13
5843.93025023757  2.481752E-13
5845.00896794873  2.486444E-13
5846.0876856599  2.506525E-13
5847.16640337107  2.515004E-13
5848.24512108224  2.486654E-13
5849.3238387934  2.466604E-13
5850.40255650457  2.478949E-13
5851.48127421574  2.503454E-13
5852.5599919269  2.513043E-13
5853.63870963807  2.505591E-13
5854.71742734924  2.505915E-13
5855.79614506041  2.502409E-13
5856.87486277157  2.504763E-13
5857.95358048274  2.507643E-13
5859.03229819391  2.514302E-13
5860.11101590507  2.513639E-13
5861.18973361624  2.509123E-13
5862.26845132741  2.508495E-13
5863.34716903858  2.509231E-13
5864.42588674974  2.503964E-13
5865.50460446091  2.503139E-13
5866.58332217208  2.500801E-13
5867.66203988325  2.497644E-13
5868.74075759441  2.499835E-13
5869.81947530558  2.481462E-13
5870.89819301675  2.472501E-13
5871.97691072791  2.439121E-13
5873.05562843908  2.340553E-13
5874.13434615025  2.258317E-13
5875.21306386142  2.235690E-13
5876.29178157258  2.238402E-13
5877.37049928375  2.270527E-13
5878.44921699492  2.325613E-13
5879.52793470608  2.372281E-13
5880.60665241725  2.401579E-13
5881.68537012842  2.426660E-13
5882.76408783959  2.439912E-13
5883.84280555075  2.429425E-13
5884.92152326192  2.431970E-13
5886.00024097309  2.417466E-13
5887.07895868425  2.359865E-13
5888.15767639542  2.185357E-13
5889.23639410659  1.957496E-13
5890.31511181776  1.963786E-13
5891.39382952892  2.130706E-13
5892.47254724009  2.198514E-13
5893.55126495126  2.160084E-13
5894.62998266243  2.109536E-13
5895.70870037359  1.983901E-13
5896.78741808476  2.084524E-13
5897.86613579593  2.243340E-13
5898.94485350709  2.311868E-13
5900.02357121826  2.331202E-13
5901.10228892943  2.379315E-13
5902.1810066406  2.411815E-13
5903.25972435176  2.427057E-13
5904.33844206293  2.456129E-13
5905.4171597741  2.456796E-13
5906.49587748527  2.451100E-13
5907.57459519643  2.442504E-13
5908.6533129076  2.422100E-13
5909.73203061877  2.406074E-13
5910.81074832993  2.405455E-13
5911.8894660411  2.425319E-13
5912.96818375227  2.442417E-13
5914.04690146343  2.419032E-13
5915.1256191746  2.402203E-13
5916.20433688577  2.431427E-13
5917.28305459694  2.410099E-13
5918.3617723081  2.363538E-13
5919.44049001927  2.360114E-13
5920.51920773044  2.386724E-13
5921.5979254416  2.378281E-13
5922.67664315277  2.369915E-13
5923.75536086394  2.358902E-13
5924.83407857511  2.392898E-13
5925.91279628627  2.419769E-13
5926.99151399744  2.424338E-13
5928.07023170861  2.418548E-13
5929.14894941978  2.421837E-13
5930.22766713094  2.405232E-13
5931.30638484211  2.386738E-13
5932.38510255328  2.406622E-13
5933.46382026444  2.437453E-13
5934.54253797561  2.433983E-13
5935.62125568678  2.445680E-13
5936.69997339795  2.439945E-13
5937.77869110911  2.439827E-13
5938.85740882028  2.420362E-13
5939.93612653145  2.372991E-13
5941.01484424261  2.329669E-13
5942.09356195378  2.316083E-13
5943.17227966495  2.349343E-13
5944.25099737612  2.354111E-13
5945.32971508728  2.321973E-13
5946.40843279845  2.329272E-13
5947.48715050962  2.352983E-13
5948.56586822078  2.359101E-13
5949.64458593195  2.371092E-13
5950.72330364312  2.391886E-13
5951.80202135429  2.392283E-13
5952.88073906545  2.405326E-13
5953.95945677662  2.406592E-13
5955.03817448779  2.399980E-13
5956.11689219896  2.382605E-13
5957.19560991012  2.351220E-13
5958.27432762129  2.365588E-13
5959.35304533246  2.392970E-13
5960.43176304362  2.406306E-13
5961.51048075479  2.421065E-13
5962.58919846596  2.408019E-13
5963.66791617713  2.413528E-13
5964.74663388829  2.425735E-13
5965.82535159946  2.382221E-13
5966.90406931063  2.354943E-13
5967.9827870218  2.349686E-13
5969.06150473296  2.348382E-13
5970.14022244413  2.363830E-13
5971.2189401553  2.371943E-13
5972.29765786646  2.375579E-13
5973.37637557763  2.375973E-13
5974.4550932888  2.363030E-13
5975.53381099996  2.351246E-13
5976.61252871113  2.356475E-13
5977.6912464223  2.345907E-13
5978.76996413347  2.363520E-13
5979.84868184464  2.381440E-13
5980.9273995558  2.373020E-13
5982.00611726697  2.369576E-13
5983.08483497814  2.384666E-13
5984.1635526893  2.386066E-13
5985.24227040047  2.366884E-13
5986.32098811164  2.361292E-13
5987.39970582281  2.363044E-13
5988.47842353397  2.355491E-13
5989.55714124514  2.366032E-13
5990.63585895631  2.360063E-13
5991.71457666747  2.354681E-13
5992.79329437864  2.359337E-13
5993.87201208981  2.366839E-13
5994.95072980097  2.366327E-13
5996.02944751214  2.369200E-13
5997.10816522331  2.350171E-13
5998.18688293448  2.372616E-13
5999.26560064564  2.384781E-13
6000.34431835681  2.361941E-13
6001.42303606798  2.367999E-13
6002.50175377914  2.386324E-13
6003.58047149031  2.353093E-13
6004.65918920148  2.348037E-13
6005.73790691265  2.356739E-13
6006.81662462381  2.376473E-13
6007.89534233498  2.367947E-13
6008.97406004615  2.346318E-13
6010.05277775732  2.362118E-13
6011.13149546848  2.356662E-13
6012.21021317965  2.349398E-13
6013.28893089082  2.375791E-13
6014.36764860199  2.368798E-13
6015.44636631315  2.377768E-13
6016.52508402432  2.401579E-13
6017.60380173549  2.392018E-13
6018.68251944665  2.374486E-13
6019.76123715782  2.377411E-13
6020.83995486899  2.383476E-13
6021.91867258016  2.385818E-13
6022.99739029132  2.368063E-13
6024.07610800249  2.369205E-13
6025.15482571366  2.368784E-13
6026.23354342482  2.354064E-13
6027.31226113599  2.364306E-13
6028.39097884716  2.371738E-13
6029.46969655833  2.375212E-13
6030.5484142695  2.357253E-13
6031.62713198066  2.370969E-13
6032.70584969183  2.372015E-13
6033.78456740299  2.358589E-13
6034.86328511416  2.358302E-13
6035.94200282533  2.347538E-13
6037.0207205365  2.345790E-13
6038.09943824766  2.352135E-13
6039.17815595883  2.351149E-13
6040.25687367  2.359338E-13
6041.33559138117  2.356183E-13
6042.41430909233  2.355356E-13
6043.4930268035  2.349822E-13
6044.57174451467  2.351645E-13
6045.65046222583  2.354704E-13
6046.729179937  2.348862E-13
6047.80789764817  2.362141E-13
6048.88661535934  2.360428E-13
6049.9653330705  2.370428E-13
6051.04405078167  2.371787E-13
6052.12276849284  2.358435E-13
6053.201486204  2.379000E-13
6054.28020391517  2.375517E-13
6055.35892162634  2.361404E-13
6056.43763933751  2.374188E-13
6057.51635704867  2.369688E-13
6058.59507475984  2.357093E-13
6059.67379247101  2.367797E-13
6060.75251018217  2.364427E-13
6061.83122789334  2.357135E-13
6062.90994560451  2.365912E-13
6063.98866331568  2.373096E-13
6065.06738102685  2.374379E-13
6066.14609873801  2.378787E-13
6067.22481644918  2.376684E-13
6068.30353416034  2.369930E-13
6069.38225187151  2.371443E-13
6070.46096958268  2.358422E-13
6071.53968729385  2.358042E-13
6072.61840500501  2.358535E-13
6073.69712271618  2.355214E-13
6074.77584042735  2.373364E-13
6075.85455813851  2.365930E-13
6076.93327584968  2.363034E-13
6078.01199356085  2.384342E-13
6079.09071127202  2.370319E-13
6080.16942898319  2.373507E-13
6081.24814669435  2.372862E-13
6082.32686440552  2.388369E-13
6083.40558211669  2.386272E-13
6084.48429982785  2.375954E-13
6085.56301753902  2.371375E-13
6086.64173525019  2.355920E-13
6087.72045296135  2.357931E-13
6088.79917067252  2.353521E-13
6089.87788838369  2.369169E-13
6090.95660609486  2.385504E-13
6092.03532380603  2.390275E-13
6093.11404151719  2.366764E-13
6094.19275922836  2.363151E-13
6095.27147693952  2.362970E-13
6096.35019465069  2.360622E-13
6097.42891236186  2.354131E-13
6098.50763007303  2.359769E-13
6099.5863477842  2.380701E-13
6100.66506549536  2.354522E-13
6101.74378320653  2.374826E-13
6102.8225009177  2.392376E-13
6103.90121862886  2.384494E-13
6104.97993634003  2.390709E-13
6106.0586540512  2.382315E-13
6107.13737176236  2.365457E-13
6108.21608947353  2.358409E-13
6109.2948071847  2.365236E-13
6110.37352489586  2.366547E-13
6111.45224260703  2.363977E-13
6112.5309603182  2.364731E-13
6113.60967802937  2.348627E-13
6114.68839574054  2.351807E-13
6115.7671134517  2.362367E-13
6116.84583116287  2.350345E-13
6117.92454887404  2.381195E-13
6119.0032665852  2.376760E-13
6120.08198429637  2.358277E-13
6121.16070200754  2.373446E-13
6122.2394197187  2.365783E-13
6123.31813742987  2.367383E-13
6124.39685514104  2.362119E-13
6125.47557285221  2.371479E-13
6126.55429056338  2.355157E-13
6127.63300827454  2.371460E-13
6128.71172598571  2.349021E-13
6129.79044369687  2.340382E-13
6130.86916140804  2.342968E-13
6131.94787911921  2.347339E-13
6133.02659683038  2.348880E-13
6134.10531454155  2.357891E-13
6135.18403225271  2.347685E-13
6136.26274996388  2.334718E-13
6137.34146767504  2.321692E-13
6138.42018538621  2.339508E-13
6139.49890309738  2.318567E-13
6140.57762080855  2.307711E-13
6141.65633851972  2.307324E-13
6142.73505623088  2.322100E-13
6143.81377394205  2.317922E-13
6144.89249165322  2.318882E-13
6145.97120936438  2.316716E-13
6147.04992707555  2.329396E-13
6148.12864478672  2.317674E-13
6149.20736249789  2.306384E-13
6150.28608020905  2.299711E-13
6151.36479792022  2.318215E-13
6152.44351563139  2.303504E-13
6153.52223334255  2.314459E-13
6154.60095105372  2.308744E-13
6155.67966876489  2.310045E-13
6156.75838647605  2.305450E-13
6157.83710418722  2.299469E-13
6158.91582189839  2.272902E-13
6159.99453960956  2.281394E-13
6161.07325732073  2.283316E-13
6162.15197503189  2.269958E-13
6163.23069274306  2.257505E-13
6164.30941045423  2.258438E-13
6165.38812816539  2.265842E-13
6166.46684587656  2.253839E-13
6167.54556358773  2.235992E-13
6168.6242812989  2.243567E-13
6169.70299901006  2.253907E-13
6170.78171672123  2.250637E-13
6171.8604344324  2.255137E-13
6172.93915214356  2.247491E-13
6174.01786985473  2.232581E-13
6175.0965875659  2.230990E-13
6176.17530527707  2.233770E-13
6177.25402298823  2.238525E-13
6178.3327406994  2.242991E-13
6179.41145841057  2.253276E-13
6180.49017612173  2.249111E-13
6181.5688938329  2.248651E-13
6182.64761154407  2.263788E-13
6183.72632925524  2.264522E-13
6184.8050469664  2.257119E-13
6185.88376467757  2.244843E-13
6186.96248238874  2.235087E-13
6188.04120009991  2.245760E-13
6189.11991781107  2.262361E-13
6190.19863552224  2.265079E-13
6191.2773532334  2.272058E-13
6192.35607094457  2.257170E-13
6193.43478865574  2.249415E-13
6194.51350636691  2.236132E-13
6195.59222407808  2.225633E-13
6196.67094178924  2.238849E-13
6197.74965950041  2.253516E-13
6198.82837721158  2.279431E-13
6199.90709492274  2.281738E-13
6200.98581263391  2.243639E-13
6202.06453034508  2.207569E-13
6203.14324805625  2.199547E-13
6204.22196576741  2.228732E-13
6205.30068347858  2.238304E-13
6206.37940118975  2.255086E-13
6207.45811890091  2.255887E-13
6208.53683661208  2.271003E-13
6209.61555432325  2.271247E-13
6210.69427203442  2.280754E-13
6211.77298974558  2.267249E-13
6212.85170745675  2.259300E-13
6213.93042516792  2.280011E-13
6215.00914287909  2.279026E-13
6216.08786059025  2.267606E-13
6217.16657830142  2.285074E-13
6218.24529601259  2.288499E-13
6219.32401372375  2.282703E-13
6220.40273143492  2.287899E-13
6221.48144914609  2.284136E-13
6222.56016685725  2.290693E-13
6223.63888456842  2.297066E-13
6224.71760227959  2.279151E-13
6225.79631999076  2.283941E-13
6226.87503770192  2.277610E-13
6227.95375541309  2.292680E-13
6229.03247312426  2.301314E-13
6230.11119083543  2.287674E-13
6231.18990854659  2.284655E-13
6232.26862625776  2.302918E-13
6233.34734396893  2.301771E-13
6234.42606168009  2.313580E-13
6235.50477939126  2.305466E-13
6236.58349710243  2.302758E-13
6237.6622148136  2.293841E-13
6238.74093252476  2.278551E-13
6239.81965023593  2.272603E-13
6240.8983679471  2.292289E-13
6241.97708565826  2.301563E-13
6243.05580336943  2.291838E-13
6244.1345210806  2.286477E-13
6245.21323879177  2.300481E-13
6246.29195650293  2.296052E-13
6247.3706742141  2.318066E-13
6248.44939192527  2.333359E-13
6249.52810963644  2.314717E-13
6250.6068273476  2.319654E-13
6251.68554505877  2.313795E-13
6252.76426276994  2.300241E-13
6253.8429804811  2.320970E-13
6254.92169819227  2.321796E-13
6256.00041590344  2.338367E-13
6257.07913361461  2.320132E-13
6258.15785132577  2.318527E-13
6259.23656903694  2.320453E-13
6260.31528674811  2.329460E-13
6261.39400445927  2.317644E-13
6262.47272217044  2.321684E-13
6263.55143988161  2.305508E-13
6264.63015759278  2.299506E-13
6265.70887530394  2.300232E-13
6266.78759301511  2.295611E-13
6267.86631072628  2.276358E-13
6268.94502843744  2.241700E-13
6270.02374614861  2.239116E-13
6271.10246385978  2.259567E-13
6272.18118157095  2.257865E-13
6273.25989928212  2.290722E-13
6274.33861699328  2.281247E-13
6275.41733470445  2.275195E-13
6276.49605241562  2.203051E-13
6277.57477012678  2.130709E-13
6278.65348783795  2.109290E-13
6279.73220554912  2.119868E-13
6280.81092326028  2.110317E-13
6281.88964097145  2.082567E-13
6282.96835868262  2.022669E-13
6284.04707639379  2.022064E-13
6285.12579410495  2.068658E-13
6286.20451181612  2.134560E-13
6287.28322952729  2.182503E-13
6288.36194723845  2.220499E-13
6289.44066494962  2.252603E-13
6290.51938266079  2.266558E-13
6291.59810037196  2.257056E-13
6292.67681808312  2.279341E-13
6293.75553579429  2.274541E-13
6294.83425350546  2.265959E-13
6295.91297121662  2.273007E-13
6296.99168892779  2.277939E-13
6298.07040663896  2.296023E-13
6299.14912435013  2.292029E-13
6300.22784206129  2.298102E-13
6301.30655977246  2.280070E-13
6302.38527748363  2.276543E-13
6303.46399519479  2.294762E-13
6304.54271290596  2.276435E-13
6305.62143061713  2.267406E-13
6306.7001483283  2.292326E-13
6307.77886603946  2.284276E-13
6308.85758375063  2.275841E-13
6309.9363014618  2.265354E-13
6311.01501917297  2.279137E-13
6312.09373688413  2.292534E-13
6313.1724545953  2.303669E-13
6314.25117230647  2.290180E-13
6315.32989001764  2.284629E-13
6316.4086077288  2.262914E-13
6317.48732543997  2.254816E-13
6318.56604315114  2.259265E-13
6319.6447608623  2.261957E-13
6320.72347857347  2.278696E-13
6321.80219628464  2.275356E-13
6322.88091399581  2.288307E-13
6323.95963170697  2.304210E-13
6325.03834941814  2.309979E-13
6326.11706712931  2.293738E-13
6327.19578484047  2.300659E-13
6328.27450255164  2.279641E-13
6329.35322026281  2.266470E-13
6330.43193797397  2.284576E-13
6331.51065568514  2.287555E-13
6332.58937339631  2.284860E-13
6333.66809110748  2.287548E-13
6334.74680881864  2.288710E-13
6335.82552652981  2.277908E-13
6336.90424424098  2.289786E-13
6337.98296195215  2.291882E-13
6339.06167966331  2.287074E-13
6340.14039737448  2.281062E-13
6341.21911508565  2.265608E-13
6342.29783279682  2.270340E-13
6343.37655050798  2.261923E-13
6344.45526821915  2.242495E-13
6345.53398593032  2.223059E-13
6346.61270364148  2.217600E-13
6347.69142135265  2.239777E-13
6348.77013906382  2.241683E-13
6349.84885677499  2.255698E-13
6350.92757448615  2.265129E-13
6352.00629219732  2.262611E-13
6353.08500990849  2.262397E-13
6354.16372761965  2.231366E-13
6355.24244533082  2.232420E-13
6356.32116304199  2.243998E-13
6357.39988075316  2.243287E-13
6358.47859846432  2.236037E-13
6359.55731617549  2.234470E-13
6360.63603388666  2.240170E-13
6361.71475159782  2.235294E-13
6362.79346930899  2.241549E-13
6363.87218702016  2.244730E-13
6364.95090473133  2.257178E-13
6366.02962244249  2.257191E-13
6367.10834015366  2.217606E-13
6368.18705786483  2.214356E-13
6369.26577557599  2.224073E-13
6370.34449328716  2.210377E-13
6371.42321099833  2.224112E-13
6372.5019287095  2.238166E-13
6373.58064642066  2.254636E-13
6374.65936413183  2.248496E-13
6375.738081843  2.217481E-13
6376.81679955417  2.193321E-13
6377.89551726533  2.172860E-13
6378.9742349765  2.152772E-13
6380.05295268767  2.162366E-13
6381.13167039883  2.204149E-13
6382.21038811  2.244212E-13
6383.28910582117  2.242306E-13
6384.36782353234  2.243228E-13
6385.4465412435  2.241377E-13
6386.52525895467  2.237289E-13
6387.60397666584  2.232807E-13
6388.682694377  2.231160E-13
6389.76141208817  2.253340E-13
6390.84012979934  2.257983E-13
6391.91884751051  2.239002E-13
6392.99756522167  2.234776E-13
6394.07628293284  2.232281E-13
6395.15500064401  2.227880E-13
6396.23371835517  2.229015E-13
6397.31243606634  2.220720E-13
6398.39115377751  2.245023E-13
6399.46987148868  2.233600E-13
6400.54858919984  2.241740E-13
6401.62730691101  2.232532E-13
6402.70602462218  2.227718E-13
6403.78474233334  2.239416E-13
6404.86346004451  2.230727E-13
6405.94217775568  2.242964E-13
6407.02089546685  2.238423E-13
6408.09961317801  2.237474E-13
6409.17833088918  2.228005E-13
6410.25704860035  2.229880E-13
6411.33576631152  2.239421E-13
6412.41448402268  2.235246E-13
6413.49320173385  2.235750E-13
6414.57191944502  2.229895E-13
6415.65063715619  2.238973E-13
6416.72935486735  2.250563E-13
6417.80807257852  2.247385E-13
6418.88679028969  2.244202E-13
6419.96550800085  2.253121E-13
6421.04422571202  2.257116E-13
6422.12294342319  2.266179E-13
6423.20166113436  2.246469E-13
6424.28037884552  2.228763E-13
6425.35909655669  2.230723E-13
6426.43781426786  2.244589E-13
6427.51653197902  2.245878E-13
6428.59524969019  2.231851E-13
6429.67396740136  2.235880E-13
6430.75268511252  2.239303E-13
6431.83140282369  2.257256E-13
6432.91012053486  2.241563E-13
6433.98883824603  2.236924E-13
6435.0675559572  2.232262E-13
6436.14627366836  2.231841E-13
6437.22499137953  2.236568E-13
6438.30370909069  2.226648E-13
6439.38242680186  2.211770E-13
6440.46114451303  2.229383E-13
6441.5398622242  2.224722E-13
6442.61857993536  2.223354E-13
6443.69729764653  2.199866E-13
6444.7760153577  2.195205E-13
6445.85473306887  2.202000E-13
6446.93345078003  2.225013E-13
6448.0121684912  2.203456E-13
6449.09088620237  2.217597E-13
6450.16960391353  2.231416E-13
6451.2483216247  2.224062E-13
6452.32703933587  2.221501E-13
6453.40575704704  2.200383E-13
6454.4844747582  2.194035E-13
6455.56319246937  2.190511E-13
6456.64191018054  2.190132E-13
6457.7206278917  2.211787E-13
6458.79934560287  2.189487E-13
6459.87806331404  2.207410E-13
6460.95678102521  2.187408E-13
6462.03549873637  2.188468E-13
6463.11421644754  2.196520E-13
6464.19293415871  2.197514E-13
6465.27165186987  2.200105E-13
6466.35036958104  2.192080E-13
6467.42908729221  2.200537E-13
6468.50780500338  2.189602E-13
6469.58652271455  2.179442E-13
6470.66524042571  2.222006E-13
6471.74395813688  2.223276E-13
6472.82267584805  2.188754E-13
6473.90139355921  2.165804E-13
6474.98011127038  2.127880E-13
6476.05882898155  2.149145E-13
6477.13754669271  2.174521E-13
6478.21626440388  2.167211E-13
6479.29498211505  2.169360E-13
6480.37369982622  2.162464E-13
6481.45241753738  2.194161E-13
6482.53113524855  2.175249E-13
6483.60985295972  2.160008E-13
6484.68857067089  2.175941E-13
6485.76728838205  2.177526E-13
6486.84600609322  2.216691E-13
6487.92472380439  2.226648E-13
6489.00344151555  2.244704E-13
6490.08215922672  2.205633E-13
6491.16087693789  2.217346E-13
6492.23959464905  2.176087E-13
6493.31831236022  2.179891E-13
6494.39703007139  2.190705E-13
6495.47574778256  2.178177E-13
6496.55446549373  2.202499E-13
6497.63318320489  2.239020E-13
6498.71190091606  2.264491E-13
6499.79061862723  2.247447E-13
6500.86933633839  2.260070E-13
6501.94805404956  2.269660E-13
6503.02677176073  2.271557E-13
6504.10548947189  2.277864E-13
6505.18420718306  2.262566E-13
6506.26292489423  2.258973E-13
6507.3416426054  2.269071E-13
6508.42036031656  2.254178E-13
6509.49907802773  2.252201E-13
6510.5777957389  2.287291E-13
6511.65651345006  2.270071E-13
6512.73523116123  2.246883E-13
6513.8139488724  2.221173E-13
6514.89266658357  2.184395E-13
6515.97138429473  2.136225E-13
6517.0501020059  2.160369E-13
6518.12881971707  2.216450E-13
6519.20753742824  2.221187E-13
6520.2862551394  2.222710E-13
6521.36497285057  2.256991E-13
6522.44369056174  2.229289E-13
6523.52240827291  2.234549E-13
6524.60112598407  2.262017E-13
6525.67984369524  2.261941E-13
6526.75856140641  2.276975E-13
6527.83727911757  2.278317E-13
6528.91599682874  2.262917E-13
6529.99471453991  2.259787E-13
6531.07343225108  2.220305E-13
6532.15214996224  2.241533E-13
6533.23086767341  2.231944E-13
6534.30958538458  2.224859E-13
6535.38830309574  2.233015E-13
6536.46702080691  2.267052E-13
6537.54573851808  2.280364E-13
6538.62445622925  2.251706E-13
6539.70317394041  2.275334E-13
6540.78189165158  2.284614E-13
6541.86060936275  2.229315E-13
6542.93932707391  2.189191E-13
6544.01804478508  2.203350E-13
6545.09676249625  2.226621E-13
6546.17548020742  2.230049E-13
6547.25419791858  2.203143E-13
6548.33291562975  2.194245E-13
6549.41163334092  2.191716E-13
6550.49035105208  2.184525E-13
6551.56906876325  2.162489E-13
6552.64778647442  2.121404E-13
6553.72650418559  2.116095E-13
6554.80522189675  2.084582E-13
6555.88393960792  2.059271E-13
6556.96265731909  2.008449E-13
6558.04137503026  1.977563E-13
6559.12009274142  1.888511E-13
6560.19881045259  1.765738E-13
6561.27752816376  1.692841E-13
6562.35624587492  1.651782E-13
6563.43496358609  1.619372E-13
6564.51368129726  1.673751E-13
6565.59239900843  1.761630E-13
6566.67111671959  1.852172E-13
6567.74983443076  1.912986E-13
6568.82855214193  1.977128E-13
6569.90726985309  2.059767E-13
6570.98598756426  2.097345E-13
6572.06470527543  2.129818E-13
6573.1434229866  2.172010E-13
6574.22214069776  2.175077E-13
6575.30085840893  2.174994E-13
6576.3795761201  2.180985E-13
6577.45829383126  2.213785E-13
6578.53701154243  2.236789E-13
6579.6157292536  2.227769E-13
6580.69444696477  2.218809E-13
6581.77316467593  2.239170E-13
6582.8518823871  2.229384E-13
6583.93060009827  2.233176E-13
6585.00931780943  2.241459E-13
6586.0880355206  2.256207E-13
6587.16675323177  2.236830E-13
6588.24547094294  2.263080E-13
6589.3241886541  2.282635E-13
6590.40290636527  2.282667E-13
6591.48162407644  2.287593E-13
6592.56034178761  2.283646E-13
6593.63905949877  2.288630E-13
6594.71777720994  2.286328E-13
6595.79649492111  2.281689E-13
6596.87521263227  2.291089E-13
6597.95393034344  2.293583E-13
6599.03264805461  2.294648E-13
6600.11136576578  2.289834E-13
6601.19008347694  2.306292E-13
6602.26880118811  2.297130E-13
6603.34751889928  2.304095E-13
6604.42623661044  2.291060E-13
6605.50495432161  2.285493E-13
6606.58367203278  2.298225E-13
6607.66238974395  2.314588E-13
6608.74110745511  2.320230E-13
6609.81982516628  2.307465E-13
6610.89854287745  2.279122E-13
6611.97726058861  2.226651E-13
6613.05597829978  2.156150E-13
6614.13469601095  2.149705E-13
6615.21341372212  2.212134E-13
6616.29213143328  2.252871E-13
6617.37084914445  2.285656E-13
6618.44956685562  2.308013E-13
6619.52828456678  2.306161E-13
6620.60700227795  2.299934E-13
6621.68571998912  2.289427E-13
6622.76443770029  2.324914E-13
6623.84315541145  2.286896E-13
6624.92187312262  2.258469E-13
6626.00059083379  2.277595E-13
6627.07930854496  2.265353E-13
6628.15802625612  2.269882E-13
6629.23674396729  2.270908E-13
6630.31546167846  2.271880E-13
6631.39417938963  2.270552E-13
6632.47289710079  2.248405E-13
6633.55161481196  2.260745E-13
6634.63033252313  2.270851E-13
6635.70905023429  2.256607E-13
6636.78776794546  2.250416E-13
6637.86648565663  2.254154E-13
6638.94520336779  2.266241E-13
6640.02392107896  2.248110E-13
6641.10263879013  2.236893E-13
6642.1813565013  2.240613E-13
6643.26007421246  2.213315E-13
6644.33879192363  2.220241E-13
6645.4175096348  2.220442E-13
6646.49622734596  2.213961E-13
6647.57494505713  2.254879E-13
6648.6536627683  2.252047E-13
6649.73238047947  2.225490E-13
6650.81109819063  2.248727E-13
6651.8898159018  2.235267E-13
6652.96853361297  2.219968E-13
6654.04725132414  2.209427E-13
6655.1259690353  2.191760E-13
6656.20468674647  2.180411E-13
6657.28340445764  2.185907E-13
6658.3621221688  2.189923E-13
6659.44083987997  2.163965E-13
6660.51955759114  2.161710E-13
6661.59827530231  2.156868E-13
6662.67699301347  2.136555E-13
6663.75571072464  2.157680E-13
6664.83442843581  2.165408E-13
6665.91314614698  2.165293E-13
6666.99186385814  2.172566E-13
6668.07058156931  2.178999E-13
6669.14929928048  2.176492E-13
6670.22801699164  2.163371E-13
6671.30673470281  2.146010E-13
6672.38545241398  2.167218E-13
6673.46417012514  2.145375E-13
6674.54288783631  2.098871E-13
6675.62160554748  2.038452E-13
6676.70032325865  2.013143E-13
6677.77904096982  2.010158E-13
6678.85775868098  1.982477E-13
6679.93647639215  1.960934E-13
6681.01519410332  1.982605E-13
6682.09391181448  2.064935E-13
6683.17262952565  2.095395E-13
6684.25134723682  2.097760E-13
6685.33006494799  2.106582E-13
6686.40878265915  2.139532E-13
6687.48750037032  2.119732E-13
6688.56621808149  2.115200E-13
6689.64493579265  2.131463E-13
6690.72365350382  2.098987E-13
6691.80237121499  2.088254E-13
6692.88108892616  2.109338E-13
6693.95980663732  2.068631E-13
6695.03852434849  2.092383E-13
6696.11724205966  2.105744E-13
6697.19595977082  2.115692E-13
6698.27467748199  2.078185E-13
6699.35339519316  2.053944E-13
6700.43211290433  2.055737E-13
6701.51083061549  2.089905E-13
6702.58954832666  2.074404E-13
6703.66826603783  2.050012E-13
6704.746983749  2.102100E-13
6705.82570146016  2.084844E-13
6706.90441917133  2.055269E-13
6707.98313688249  2.064682E-13
6709.06185459366  2.063568E-13
6710.14057230483  2.047767E-13
6711.219290016  2.106090E-13
6712.29800772717  2.062719E-13
6713.37672543833  2.063619E-13
6714.4554431495  2.112807E-13
6715.53416086067  2.109064E-13
6716.61287857183  2.079030E-13
6717.691596283  2.063569E-13
6718.77031399417  2.102974E-13
6719.84903170533  2.064879E-13
6720.9277494165  2.054251E-13
6722.00646712767  2.107453E-13
6723.08518483884  2.089548E-13
6724.16390255  2.065242E-13
6725.24262026117  2.076769E-13
6726.32133797234  2.078611E-13
6727.40005568351  2.081184E-13
6728.47877339467  2.075949E-13
6729.55749110584  2.093315E-13
6730.63620881701  2.114506E-13
6731.71492652817  2.101669E-13
6732.79364423934  2.106727E-13
6733.87236195051  2.104662E-13
6734.95107966168  2.112967E-13
6736.02979737284  2.110006E-13
6737.10851508401  2.127409E-13
6738.18723279518  2.153175E-13
6739.26595050635  2.132313E-13
6740.34466821751  2.146314E-13
6741.42338592868  2.133547E-13
6742.50210363985  2.162913E-13
6743.58082135101  2.142773E-13
6744.65953906218  2.155991E-13
6745.73825677335  2.186552E-13
6746.81697448451  2.208019E-13
6747.89569219568  2.206394E-13
6748.97440990685  2.177551E-13
6750.05312761802  2.229647E-13
6751.13184532918  2.271067E-13
6752.21056304035  2.235813E-13
6753.28928075152  2.271923E-13
6754.36799846269  2.282736E-13
6755.44671617385  2.299960E-13
6756.52543388502  2.322558E-13
6757.60415159619  2.314372E-13
6758.68286930735  2.328726E-13
6759.76158701852  2.329390E-13
6760.84030472969  2.346721E-13
6761.91902244086  2.351721E-13
6762.99774015202  2.386467E-13
6764.07645786319  2.418395E-13
6765.15517557436  2.422867E-13
6766.23389328552  2.421649E-13
6767.31261099669  2.417594E-13
6768.39132870786  2.440970E-13
6769.47004641903  2.488449E-13
6770.54876413019  2.507424E-13
6771.62748184136  2.519436E-13
6772.70619955253  2.539883E-13
6773.78491726369  2.584507E-13
6774.86363497486  2.637740E-13
6775.94235268603  2.630216E-13
6777.0210703972  2.619339E-13
6778.09978810836  2.687472E-13
6779.17850581953  2.732923E-13
6780.2572235307  2.737255E-13
6781.33594124187  2.764296E-13
6782.41465895303  2.757426E-13
6783.4933766642  2.783739E-13
6784.57209437537  2.847838E-13
6785.65081208653  2.877593E-13
6786.7295297977  2.921885E-13
6787.80824750887  2.983371E-13
6788.88696522004  3.029365E-13
6789.9656829312  3.047089E-13
6791.04440064237  3.063132E-13
6792.12311835354  3.098385E-13
6793.2018360647  3.150602E-13
6794.28055377587  3.194234E-13
6795.35927148704  3.234782E-13
6796.43798919821  3.268915E-13
6797.51670690937  3.326910E-13
6798.59542462054  3.371580E-13
6799.67414233171  3.478958E-13
6800.75286004288  3.531272E-13
6801.83157775404  3.525909E-13
6802.91029546521  3.650259E-13
6803.98901317638  3.724381E-13
6805.06773088754  3.798943E-13
6806.14644859871  3.862927E-13
6807.22516630988  3.926360E-13
6808.30388402105  3.954435E-13
6809.38260173221  4.046817E-13
6810.46131944338  4.089912E-13
6811.54003715455  4.142986E-13
6812.61875486572  4.200627E-13
6813.69747257688  4.329863E-13
6814.77619028805  4.450900E-13
6815.85490799922  4.482116E-13
6816.93362571038  4.547863E-13
6818.01234342155  4.587448E-13
6819.09106113272  4.646775E-13
6820.16977884389  4.775092E-13
6821.24849655505  4.800387E-13
6822.32721426622  4.858231E-13
6823.40593197739  4.930987E-13
6824.48464968855  5.026801E-13
