4035.00   0.000000
4035.50   0.000000
4036.00   0.000000
4036.50   0.000000
4037.00   0.000000
4037.50   0.000000
4038.00   0.000000
4038.50   0.000000
4039.00   0.000000
4039.50   0.000000
4040.00   0.000000
4040.50   0.000000
4041.00   0.000000
4041.50   0.000000
4042.00   1.021310
4042.50   1.010080
4043.00   0.988138
4043.50   0.960466
4044.00   0.935947
4044.50   0.935026
4045.00   0.933394
4045.50   0.960760
4046.00   0.990622
4046.50   1.004730
4047.00   0.989977
4047.50   0.958668
4048.00   0.960078
4048.50   0.968543
4049.00   0.958818
4049.50   0.958097
4050.00   0.979540
4050.50   0.988523
4051.00   0.980507
4051.50   0.974179
4052.00   0.960991
4052.50   0.956800
4053.00   0.969224
4053.50   0.987509
4054.00   1.037100
4054.50   1.054310
4055.00   1.052230
4055.50   1.051000
4056.00   1.032370
4056.50   1.004880
4057.00   1.010270
4057.50   1.025470
4058.00   1.032750
4058.50   1.017470
4059.00   1.009800
4059.50   0.979115
4060.00   0.956200
4060.50   0.972739
4061.00   1.001870
4061.50   1.033200
4062.00   1.048120
4062.50   1.043600
4063.00   1.028380
4063.50   1.012340
4064.00   1.013120
4064.50   0.996455
4065.00   0.979983
4065.50   0.993043
4066.00   1.010730
4066.50   1.012910
4067.00   1.011610
4067.50   1.004390
4068.00   0.969102
4068.50   0.952828
4069.00   0.944785
4069.50   0.959624
4070.00   0.977664
4070.50   1.004270
4071.00   1.022890
4071.50   1.035650
4072.00   1.039160
4072.50   1.038690
4073.00   1.031410
4073.50   1.025530
4074.00   0.991642
4074.50   0.945536
4075.00   0.912436
4075.50   0.911470
4076.00   0.924262
4076.50   0.970562
4077.00   1.006620
4077.50   1.034430
4078.00   1.033320
4078.50   1.003670
4079.00   0.976805
4079.50   0.977815
4080.00   0.984509
4080.50   1.009710
4081.00   1.007000
4081.50   1.002220
4082.00   1.013560
4082.50   1.010460
4083.00   0.998946
4083.50   0.975870
4084.00   0.954771
4084.50   0.956311
4085.00   0.960553
4085.50   0.964868
4086.00   0.975384
4086.50   0.960725
4087.00   0.942771
4087.50   0.934031
4088.00   0.948148
4088.50   0.958229
4089.00   0.974912
4089.50   0.976231
4090.00   0.971186
4090.50   0.960933
4091.00   0.954728
4091.50   0.926801
4092.00   0.910836
4092.50   0.895667
4093.00   0.888018
4093.50   0.891782
4094.00   0.903315
4094.50   0.905812
4095.00   0.889847
4095.50   0.871512
4096.00   0.844346
4096.50   0.815129
4097.00   0.776116
4097.50   0.740778
4098.00   0.714481
4098.50   0.702895
4099.00   0.707834
4099.50   0.713554
4100.00   0.716393
4100.50   0.685510
4101.00   0.664088
4101.50   0.652330
4102.00   0.636755
4102.50   0.637340
4103.00   0.645162
4103.50   0.649166
4104.00   0.647458
4104.50   0.674121
4105.00   0.702690
4105.50   0.739313
4106.00   0.772296
4106.50   0.804481
4107.00   0.846830
4107.50   0.875766
4108.00   0.892725
4108.50   0.901602
4109.00   0.913998
4109.50   0.908284
4110.00   0.894828
4110.50   0.910160
4111.00   0.930947
4111.50   0.948269
4112.00   0.950128
4112.50   0.971715
4113.00   0.975236
4113.50   0.989653
4114.00   0.987804
4114.50   0.991104
4115.00   0.985925
4115.50   0.985484
4116.00   0.984823
4116.50   0.990937
4117.00   0.982028
4117.50   0.987511
4118.00   0.998450
4118.50   0.991732
4119.00   0.967721
4119.50   0.942197
4120.00   0.916328
4120.50   0.904143
4121.00   0.913141
4121.50   0.939338
4122.00   0.961144
4122.50   0.983392
4123.00   0.990991
4123.50   0.992337
4124.00   1.000790
4124.50   1.005230
4125.00   1.018020
4125.50   1.034220
4126.00   1.035420
4126.50   1.053970
4127.00   1.061960
4127.50   1.053510
4128.00   1.054680
4128.50   1.046680
4129.00   1.020340
4129.50   0.996566
4130.00   0.990462
4130.50   0.981336
4131.00   0.994412
4131.50   1.012800
4132.00   1.046110
4132.50   1.048400
4133.00   1.055090
4133.50   1.022550
4134.00   0.980570
4134.50   0.957761
4135.00   0.956786
4135.50   0.968362
4136.00   0.983146
4136.50   1.011710
4137.00   1.040120
4137.50   1.036520
4138.00   1.036910
4138.50   1.043770
4139.00   1.031830
4139.50   1.006300
4140.00   0.992947
4140.50   0.981672
4141.00   0.957021
4141.50   0.957535
4142.00   0.964835
4142.50   0.963868
4143.00   0.957250
4143.50   0.936454
4144.00   0.913848
4144.50   0.897360
4145.00   0.891492
4145.50   0.903362
4146.00   0.922821
4146.50   0.944408
4147.00   0.962263
4147.50   0.966112
4148.00   0.976041
4148.50   0.978118
4149.00   0.985359
4149.50   0.995972
4150.00   1.007700
4150.50   1.024340
4151.00   1.036790
4151.50   1.036310
4152.00   1.032490
4152.50   1.029190
4153.00   1.018460
4153.50   0.991987
4154.00   0.976571
4154.50   0.977099
4155.00   0.981657
4155.50   0.998381
4156.00   0.996708
4156.50   1.017650
4157.00   1.016380
4157.50   0.998689
4158.00   0.985155
4158.50   0.973678
4159.00   0.978535
4159.50   1.004450
4160.00   1.033490
4160.50   1.054360
4161.00   1.059900
4161.50   1.056370
4162.00   1.039850
4162.50   1.037400
4163.00   1.049380
4163.50   1.069840
4164.00   1.084100
4164.50   1.077300
4165.00   1.062140
4165.50   1.044380
4166.00   1.022900
4166.50   1.013470
4167.00   1.010820
4167.50   1.000170
4168.00   0.991109
4168.50   0.989116
4169.00   0.996196
4169.50   1.006050
4170.00   1.004860
4170.50   1.001410
4171.00   1.013080
4171.50   1.025460
4172.00   1.011520
4172.50   1.006060
4173.00   0.993718
4173.50   0.991071
4174.00   0.979808
4174.50   0.973844
4175.00   0.952731
4175.50   0.941249
4176.00   0.942376
4176.50   0.960553
4177.00   0.982180
4177.50   1.010900
4178.00   1.020270
4178.50   1.034310
4179.00   1.032140
4179.50   1.017950
4180.00   1.013950
4180.50   1.012900
4181.00   1.003140
4181.50   1.005180
4182.00   1.012580
4182.50   1.015700
4183.00   1.020010
4183.50   1.006760
4184.00   0.993403
4184.50   0.982529
4185.00   0.971436
4185.50   0.982404
4186.00   0.982992
4186.50   0.986566
4187.00   0.994419
4187.50   0.996478
4188.00   0.997738
4188.50   0.998995
4189.00   1.000110
4189.50   0.997691
4190.00   1.009810
4190.50   1.010210
4191.00   1.024260
4191.50   1.020280
4192.00   1.013890
4192.50   1.006760
4193.00   0.997908
4193.50   0.988044
4194.00   1.007860
4194.50   1.024080
4195.00   1.037400
4195.50   1.034740
4196.00   1.021570
4196.50   0.998415
4197.00   0.996751
4197.50   1.010510
4198.00   1.038120
4198.50   1.065320
4199.00   1.059240
4199.50   1.044100
4200.00   1.024000
4200.50   1.004430
4201.00   0.993682
4201.50   0.985303
4202.00   0.989090
4202.50   0.997720
4203.00   0.997317
4203.50   0.994704
4204.00   0.998910
4204.50   1.016180
4205.00   1.024060
4205.50   1.022840
4206.00   1.037270
4206.50   1.041740
4207.00   1.043500
4207.50   1.043950
4208.00   1.045870
4208.50   1.043980
4209.00   1.029660
4209.50   1.024030
4210.00   1.024840
4210.50   1.023230
4211.00   1.020840
4211.50   1.021300
4212.00   1.030480
4212.50   1.038540
4213.00   1.031620
4213.50   1.031430
4214.00   1.025980
4214.50   1.030870
4215.00   1.043310
4215.50   1.053750
4216.00   1.053380
4216.50   1.048050
4217.00   1.026310
4217.50   0.999687
4218.00   0.982525
4218.50   0.983093
4219.00   0.990130
4219.50   0.985729
4220.00   1.001790
4220.50   1.006660
4221.00   1.011140
4221.50   1.023250
4222.00   1.038860
4222.50   1.049580
4223.00   1.045220
4223.50   1.030700
4224.00   1.004520
4224.50   0.995528
4225.00   0.990999
4225.50   0.993298
4226.00   1.009240
4226.50   1.017560
4227.00   1.014370
4227.50   0.994871
4228.00   0.980232
4228.50   0.970184
4229.00   0.968714
4229.50   0.984135
4230.00   0.993691
4230.50   1.002560
4231.00   1.008090
4231.50   1.015640
4232.00   1.015550
4232.50   1.023200
4233.00   1.027450
4233.50   1.028140
4234.00   1.033570
4234.50   1.041650
4235.00   1.038910
4235.50   1.034060
4236.00   1.017920
4236.50   1.001700
4237.00   0.987093
4237.50   0.988453
4238.00   0.987468
4238.50   0.998337
4239.00   1.000780
4239.50   1.002900
4240.00   0.991874
4240.50   0.998813
4241.00   1.005880
4241.50   0.992250
4242.00   0.983609
4242.50   0.976521
4243.00   0.959564
4243.50   0.947281
4244.00   0.957184
4244.50   0.980192
4245.00   1.012470
4245.50   1.034450
4246.00   1.042940
4246.50   1.030430
4247.00   1.012380
4247.50   1.004310
4248.00   1.005550
4248.50   1.016140
4249.00   1.021480
4249.50   1.018530
4250.00   1.008510
4250.50   0.990970
4251.00   0.988455
4251.50   0.993685
4252.00   1.004740
4252.50   1.010290
4253.00   1.006910
4253.50   0.992786
4254.00   0.970107
4254.50   0.951538
4255.00   0.949864
4255.50   0.947755
4256.00   0.948016
4256.50   0.955914
4257.00   0.971643
4257.50   0.987700
4258.00   1.000120
4258.50   1.004180
4259.00   1.009270
4259.50   1.012270
4260.00   1.012540
4260.50   1.009730
4261.00   1.009060
4261.50   1.009760
4262.00   1.017030
4262.50   1.027700
4263.00   1.032630
4263.50   1.029970
4264.00   1.021420
4264.50   1.009910
4265.00   1.007130
4265.50   1.009550
4266.00   1.008640
4266.50   1.003240
4267.00   0.990690
4267.50   0.988459
4268.00   0.987656
4268.50   0.987069
4269.00   0.986502
4269.50   1.003690
4270.00   1.008020
4270.50   1.002610
4271.00   1.000970
4271.50   1.000450
4272.00   0.991317
4272.50   0.993713
4273.00   0.999169
4273.50   0.999916
4274.00   0.987905
4274.50   0.990705
4275.00   0.989619
4275.50   0.992744
4276.00   0.991202
4276.50   0.988149
4277.00   0.988277
4277.50   0.990725
4278.00   0.998271
4278.50   1.004580
4279.00   1.008350
4279.50   1.002010
4280.00   1.000920
4280.50   1.008370
4281.00   1.013830
4281.50   1.022570
4282.00   1.018810
4282.50   1.011210
4283.00   1.002210
4283.50   0.993485
4284.00   0.994536
4284.50   0.997795
4285.00   0.992807
4285.50   0.990617
4286.00   0.989755
4286.50   0.989217
4287.00   0.987055
4287.50   0.983624
4288.00   0.988728
4288.50   0.999572
4289.00   1.014690
4289.50   1.019380
4290.00   1.009730
4290.50   0.997188
4291.00   0.978472
4291.50   0.969274
4292.00   0.953472
4292.50   0.953226
4293.00   0.972571
4293.50   0.987258
4294.00   0.991998
4294.50   1.003850
4295.00   1.016030
4295.50   1.024560
4296.00   1.032370
4296.50   1.038180
4297.00   1.036430
4297.50   1.040890
4298.00   1.031680
4298.50   1.015740
4299.00   0.999045
4299.50   0.987748
4300.00   0.998629
4300.50   1.008650
4301.00   1.014480
4301.50   1.016870
4302.00   1.010040
4302.50   1.002960
4303.00   0.993872
4303.50   0.979550
4304.00   0.968578
4304.50   0.967973
4305.00   0.987391
4305.50   1.002350
4306.00   1.025480
4306.50   1.045710
4307.00   1.053190
4307.50   1.045190
4308.00   1.031740
4308.50   1.014680
4309.00   1.007460
4309.50   0.991890
4310.00   0.997387
4310.50   0.996837
4311.00   1.003190
4311.50   1.008510
4312.00   1.002130
4312.50   0.988862
4313.00   0.970689
4313.50   0.959529
4314.00   0.961219
4314.50   0.966685
4315.00   0.968163
4315.50   0.965724
4316.00   0.971836
4316.50   0.975977
4317.00   0.985885
4317.50   0.994173
4318.00   1.007670
4318.50   1.003380
4319.00   0.985851
4319.50   0.968502
4320.00   0.954489
4320.50   0.944193
4321.00   0.955346
4321.50   0.965633
4322.00   0.972933
4322.50   0.975142
4323.00   0.981258
4323.50   0.976646
4324.00   0.969191
4324.50   0.957476
4325.00   0.944527
4325.50   0.933926
4326.00   0.932527
4326.50   0.929198
4327.00   0.927876
4327.50   0.922125
4328.00   0.931317
4328.50   0.935629
4329.00   0.941068
4329.50   0.940315
4330.00   0.934290
4330.50   0.918943
4331.00   0.908560
4331.50   0.894736
4332.00   0.881715
4332.50   0.869260
4333.00   0.856764
4333.50   0.851670
4334.00   0.844194
4334.50   0.841147
4335.00   0.831562
4335.50   0.828665
4336.00   0.815266
4336.50   0.797335
4337.00   0.774781
4337.50   0.757503
4338.00   0.734667
4338.50   0.708186
4339.00   0.684573
4339.50   0.664694
4340.00   0.641608
4340.50   0.624497
4341.00   0.613082
4341.50   0.617443
4342.00   0.630273
4342.50   0.658584
4343.00   0.685899
4343.50   0.716147
4344.00   0.735564
4344.50   0.766326
4345.00   0.794882
4345.50   0.814375
4346.00   0.824588
4346.50   0.843224
4347.00   0.851094
4347.50   0.853307
4348.00   0.855013
4348.50   0.849296
4349.00   0.853561
4349.50   0.864476
4350.00   0.883274
4350.50   0.897829
4351.00   0.910669
4351.50   0.925081
4352.00   0.943718
4352.50   0.941549
4353.00   0.936491
4353.50   0.932247
4354.00   0.932917
4354.50   0.938259
4355.00   0.949851
4355.50   0.957050
4356.00   0.968950
4356.50   0.981242
4357.00   0.980893
4357.50   0.978348
4358.00   0.973635
4358.50   0.980160
4359.00   0.981763
4359.50   0.985630
4360.00   0.984833
4360.50   0.983640
4361.00   0.979839
4361.50   0.980193
4362.00   0.976461
4362.50   0.976947
4363.00   0.969822
4363.50   0.963107
4364.00   0.956400
4364.50   0.963361
4365.00   0.973584
4365.50   0.987716
4366.00   0.993118
4366.50   0.991620
4367.00   0.987242
4367.50   0.979536
4368.00   0.965368
4368.50   0.955066
4369.00   0.960345
4369.50   0.966754
4370.00   0.966945
4370.50   0.970397
4371.00   0.980767
4371.50   0.983531
4372.00   0.986003
4372.50   0.990552
4373.00   0.981752
4373.50   0.974075
4374.00   0.970606
4374.50   0.969685
4375.00   0.966348
4375.50   0.965505
4376.00   0.973858
4376.50   0.985226
4377.00   0.994029
4377.50   0.992949
4378.00   0.989420
4378.50   0.984820
4379.00   0.988145
4379.50   0.988670
4380.00   0.984772
4380.50   0.986021
4381.00   0.987927
4381.50   0.999310
4382.00   1.003510
4382.50   1.010050
4383.00   0.997300
4383.50   0.986486
4384.00   0.962128
4384.50   0.937606
4385.00   0.924119
4385.50   0.912426
4386.00   0.904604
4386.50   0.896917
4387.00   0.882411
4387.50   0.877057
4388.00   0.876990
4388.50   0.879232
4389.00   0.877333
4389.50   0.885998
4390.00   0.891507
4390.50   0.905328
4391.00   0.915579
4391.50   0.932938
4392.00   0.954040
4392.50   0.965541
4393.00   0.968025
4393.50   0.976155
4394.00   0.976899
4394.50   0.970384
4395.00   0.968189
4395.50   0.978974
4396.00   0.993322
4396.50   0.993425
4397.00   0.999449
4397.50   0.997543
4398.00   0.998939
4398.50   1.010970
4399.00   1.016340
4399.50   1.015620
4400.00   1.016120
4400.50   1.017900
4401.00   1.011960
4401.50   0.999388
4402.00   0.996716
4402.50   0.986119
4403.00   1.002720
4403.50   1.008810
4404.00   1.007280
4404.50   0.997904
4405.00   0.983180
4405.50   0.987936
4406.00   0.999997
4406.50   0.999982
4407.00   0.997332
4407.50   0.991868
4408.00   0.980398
4408.50   0.975542
4409.00   0.995116
4409.50   1.017280
4410.00   1.030110
4410.50   1.033740
4411.00   1.021420
4411.50   0.999373
4412.00   0.981106
4412.50   0.975421
4413.00   0.977450
4413.50   0.977530
4414.00   0.984820
4414.50   0.978401
4415.00   0.960464
4415.50   0.943980
4416.00   0.928815
4416.50   0.915395
4417.00   0.918319
4417.50   0.923303
4418.00   0.937835
4418.50   0.950715
4419.00   0.955213
4419.50   0.954922
4420.00   0.949402
4420.50   0.942368
4421.00   0.935762
4421.50   0.923795
4422.00   0.913022
4422.50   0.907156
4423.00   0.919398
4423.50   0.926085
4424.00   0.935042
4424.50   0.949482
4425.00   0.955193
4425.50   0.957965
4426.00   0.953743
4426.50   0.956273
4427.00   0.945770
4427.50   0.931677
4428.00   0.929962
4428.50   0.929840
4429.00   0.938174
4429.50   0.939027
4430.00   0.933946
4430.50   0.930518
4431.00   0.928424
4431.50   0.925299
4432.00   0.932781
4432.50   0.939804
4433.00   0.944151
4433.50   0.938413
4434.00   0.928266
4434.50   0.924038
4435.00   0.926974
4435.50   0.930274
4436.00   0.934198
4436.50   0.949924
4437.00   0.970374
4437.50   0.989809
4438.00   0.996799
4438.50   0.984193
4439.00   0.971740
4439.50   0.955018
4440.00   0.947545
4440.50   0.964237
4441.00   0.978621
4441.50   0.980268
4442.00   0.977394
4442.50   0.965697
4443.00   0.953816
4443.50   0.951038
4444.00   0.960181
4444.50   0.968901
4445.00   0.987162
4445.50   0.993434
4446.00   0.992068
4446.50   0.991295
4447.00   0.983182
4447.50   0.968856
4448.00   0.964229
4448.50   0.963833
4449.00   0.967210
4449.50   0.975930
4450.00   0.985572
4450.50   0.998907
4451.00   1.002550
4451.50   1.008300
4452.00   1.006230
4452.50   1.001970
4453.00   1.000360
4453.50   0.997929
4454.00   1.005370
4454.50   1.009100
4455.00   1.013140
4455.50   1.016120
4456.00   1.008400
4456.50   1.004360
4457.00   0.997801
4457.50   1.007220
4458.00   1.008470
4458.50   1.011040
4459.00   1.018080
4459.50   1.009500
4460.00   1.002790
4460.50   0.996929
4461.00   0.996717
4461.50   1.000460
4462.00   1.002690
4462.50   1.001740
4463.00   1.010060
4463.50   1.014390
4464.00   1.008140
4464.50   0.997901
4465.00   0.980966
4465.50   0.967109
4466.00   0.951143
4466.50   0.938150
4467.00   0.933520
4467.50   0.921150
4468.00   0.915380
4468.50   0.906521
4469.00   0.896734
4469.50   0.884066
4470.00   0.867413
4470.50   0.842645
4471.00   0.825223
4471.50   0.815351
4472.00   0.810950
4472.50   0.822293
4473.00   0.841022
4473.50   0.860415
4474.00   0.884973
4474.50   0.905034
4475.00   0.928806
4475.50   0.951638
4476.00   0.965442
4476.50   0.968596
4477.00   0.964573
4477.50   0.967185
4478.00   0.960862
4478.50   0.965055
4479.00   0.977587
4479.50   0.978992
4480.00   0.980026
4480.50   0.984198
4481.00   0.982211
4481.50   0.981837
4482.00   0.987601
4482.50   0.995921
4483.00   1.009180
4483.50   1.017110
4484.00   1.023640
4484.50   1.022490
4485.00   1.022380
4485.50   1.018420
4486.00   1.015250
4486.50   1.005170
4487.00   1.008860
4487.50   1.012040
4488.00   1.013200
4488.50   1.010800
4489.00   1.002450
4489.50   0.987572
4490.00   0.980754
4490.50   0.974609
4491.00   0.977273
4491.50   0.978173
4492.00   0.989222
4492.50   1.003090
4493.00   1.026590
4493.50   1.034080
4494.00   1.045620
4494.50   1.047440
4495.00   1.044420
4495.50   1.032010
4496.00   1.030150
4496.50   1.025670
4497.00   1.019930
4497.50   1.023650
4498.00   1.016080
4498.50   1.010700
4499.00   1.001420
4499.50   0.995270
4500.00   0.988259
4500.50   0.984470
4501.00   0.985112
4501.50   0.986774
4502.00   0.983792
4502.50   0.982038
4503.00   0.997303
4503.50   0.989394
4504.00   0.997439
4504.50   0.999638
4505.00   1.000190
4505.50   0.999014
4506.00   0.995151
4506.50   0.989820
4507.00   0.984821
4507.50   0.984801
4508.00   0.991911
4508.50   0.997914
4509.00   1.000760
4509.50   1.005100
4510.00   1.003070
4510.50   1.000600
4511.00   0.998714
4511.50   1.007350
4512.00   1.012580
4512.50   1.008510
4513.00   1.002620
4513.50   1.001830
4514.00   0.990238
4514.50   0.986973
4515.00   0.991918
4515.50   1.005690
4516.00   1.014720
4516.50   1.016800
4517.00   1.020370
4517.50   1.016090
4518.00   1.015390
4518.50   1.024020
4519.00   1.031790
4519.50   1.030950
4520.00   1.023560
4520.50   1.009340
4521.00   0.998893
4521.50   0.996678
4522.00   1.001550
4522.50   1.007260
4523.00   1.016240
4523.50   1.024430
4524.00   1.036300
4524.50   1.047630
4525.00   1.045820
4525.50   1.042590
4526.00   1.036600
4526.50   1.024140
4527.00   1.008720
4527.50   0.996273
4528.00   0.979693
4528.50   0.969979
4529.00   0.962368
4529.50   0.957169
4530.00   0.961944
4530.50   0.968810
4531.00   0.979456
4531.50   0.981115
4532.00   0.983697
4532.50   0.992073
4533.00   0.997014
4533.50   1.000830
4534.00   1.006430
4534.50   1.011130
4535.00   1.013320
4535.50   1.018070
4536.00   1.011290
4536.50   1.003400
4537.00   0.990955
4537.50   0.984221
4538.00   0.979462
4538.50   0.988124
4539.00   0.990924
4539.50   0.992597
4540.00   0.996427
4540.50   0.995512
4541.00   0.991925
4541.50   0.990911
4542.00   0.986143
4542.50   0.985597
4543.00   0.991924
4543.50   0.997420
4544.00   1.008250
4544.50   1.014980
4545.00   1.015700
4545.50   1.016950
4546.00   1.011310
4546.50   1.001440
4547.00   0.995539
4547.50   0.990784
4548.00   0.998051
4548.50   1.008880
4549.00   1.004230
4549.50   1.004950
4550.00   1.008430
4550.50   1.007320
4551.00   0.998735
4551.50   0.989759
4552.00   0.985148
4552.50   0.979335
4553.00   0.968709
4553.50   0.966295
4554.00   0.968766
4554.50   0.975964
4555.00   0.987796
4555.50   0.994704
4556.00   1.004050
4556.50   1.012920
4557.00   1.014020
4557.50   1.004610
4558.00   1.011740
4558.50   1.016260
4559.00   1.029930
4559.50   1.029990
4560.00   1.024940
4560.50   1.013510
4561.00   1.008580
4561.50   1.001900
4562.00   1.007240
4562.50   1.020990
4563.00   1.021580
4563.50   1.020010
4564.00   1.009170
4564.50   1.004270
4565.00   0.998685
4565.50   0.988453
4566.00   0.987014
4566.50   0.980409
4567.00   0.972815
4567.50   0.963523
4568.00   0.961310
4568.50   0.966402
4569.00   0.981722
4569.50   0.994160
4570.00   1.003810
4570.50   1.006530
4571.00   1.003230
4571.50   0.997952
4572.00   0.987982
4572.50   0.991397
4573.00   0.995611
4573.50   0.990940
4574.00   0.984219
4574.50   0.974812
4575.00   0.964425
4575.50   0.966925
4576.00   0.975813
4576.50   0.984246
4577.00   0.997234
4577.50   1.010240
4578.00   1.019690
4578.50   1.020120
4579.00   1.020240
4579.50   1.012800
4580.00   1.004590
4580.50   0.999566
4581.00   0.994584
4581.50   0.987120
4582.00   0.982900
4582.50   0.986814
4583.00   0.993859
4583.50   1.002110
4584.00   1.007240
4584.50   1.002250
4585.00   1.004490
4585.50   1.006470
4586.00   1.002170
4586.50   1.007340
4587.00   1.004110
4587.50   1.002340
4588.00   1.009270
4588.50   1.008480
4589.00   1.002260
4589.50   0.998499
4590.00   0.994012
4590.50   0.994406
4591.00   0.990429
4591.50   0.985398
4592.00   0.981113
4592.50   0.983444
4593.00   0.987959
4593.50   1.000180
4594.00   1.000700
4594.50   0.993318
4595.00   0.975924
4595.50   0.965250
4596.00   0.962720
4596.50   0.968967
4597.00   0.979702
4597.50   0.993065
4598.00   0.989567
4598.50   0.987582
4599.00   0.977879
4599.50   0.969139
4600.00   0.968202
4600.50   0.975973
4601.00   0.978490
4601.50   0.983602
4602.00   0.982298
4602.50   0.981341
4603.00   0.980270
4603.50   0.978411
4604.00   0.983703
4604.50   0.980450
4605.00   0.978772
4605.50   0.979760
4606.00   0.978198
4606.50   0.982272
4607.00   0.985492
4607.50   0.985320
4608.00   0.983389
4608.50   0.982544
4609.00   0.977569
4609.50   0.968640
4610.00   0.967171
4610.50   0.965543
4611.00   0.963670
4611.50   0.965680
4612.00   0.970208
4612.50   0.976685
4613.00   0.986370
4613.50   0.987948
4614.00   0.986260
4614.50   0.982648
4615.00   0.981965
4615.50   0.988661
4616.00   0.993252
4616.50   0.999020
4617.00   1.010010
4617.50   1.010580
4618.00   1.007070
4618.50   0.999658
4619.00   0.995830
4619.50   0.993285
4620.00   0.992657
4620.50   0.987973
4621.00   0.984832
4621.50   0.977653
4622.00   0.972403
4622.50   0.969741
4623.00   0.971282
4623.50   0.973893
4624.00   0.974952
4624.50   0.974845
4625.00   0.976568
4625.50   0.979331
4626.00   0.988611
4626.50   0.998437
4627.00   1.010620
4627.50   1.011930
4628.00   1.004860
4628.50   1.003800
4629.00   1.000540
4629.50   0.996570
4630.00   0.991605
4630.50   0.992595
4631.00   0.989651
4631.50   0.993032
4632.00   0.992034
4632.50   0.992674
4633.00   0.987483
4633.50   0.987754
4634.00   0.984212
4634.50   0.979830
4635.00   0.986662
4635.50   0.993556
4636.00   0.996268
4636.50   1.000180
4637.00   1.000310
4637.50   1.000700
4638.00   0.999543
4638.50   1.000920
4639.00   0.996520
4639.50   0.990013
4640.00   0.975308
4640.50   0.964092
4641.00   0.959853
4641.50   0.955885
4642.00   0.954037
4642.50   0.955821
4643.00   0.963565
4643.50   0.967884
4644.00   0.973603
4644.50   0.979283
4645.00   0.987883
4645.50   0.993432
4646.00   0.999212
4646.50   0.999862
4647.00   0.995415
4647.50   0.984826
4648.00   0.979957
4648.50   0.972477
4649.00   0.971619
4649.50   0.976892
4650.00   0.977230
4650.50   0.974883
4651.00   0.967669
4651.50   0.966673
4652.00   0.970178
4652.50   0.978808
4653.00   0.986281
4653.50   0.987937
4654.00   0.990267
4654.50   0.992428
4655.00   0.998173
4655.50   1.000490
4656.00   1.007220
4656.50   1.017020
4657.00   1.015470
4657.50   1.005010
4658.00   0.988222
4658.50   0.969894
4659.00   0.971871
4659.50   0.983829
4660.00   1.000500
4660.50   1.006340
4661.00   1.001900
4661.50   0.989547
4662.00   0.980864
4662.50   0.977459
4663.00   0.986029
4663.50   0.994084
4664.00   1.006620
4664.50   1.014200
4665.00   1.029730
4665.50   1.026990
4666.00   1.028090
4666.50   1.023580
4667.00   1.018430
4667.50   1.017610
4668.00   1.018350
4668.50   1.018890
4669.00   1.014550
4669.50   1.013250
4670.00   1.011460
4670.50   1.003370
4671.00   0.994762
4671.50   0.995692
4672.00   0.984256
4672.50   0.984356
4673.00   0.985929
4673.50   0.995423
4674.00   0.996522
4674.50   0.996415
4675.00   0.993494
4675.50   0.993009
4676.00   0.987958
4676.50   0.977625
4677.00   0.974173
4677.50   0.977474
4678.00   0.982017
4678.50   0.989263
4679.00   1.000150
4679.50   1.008270
4680.00   1.009330
4680.50   1.012390
4681.00   1.015230
4681.50   1.014320
4682.00   1.017160
4682.50   1.019160
4683.00   1.019420
4683.50   1.015780
4684.00   1.015670
4684.50   1.012800
4685.00   1.007430
4685.50   1.010980
4686.00   1.017940
4686.50   1.021170
4687.00   1.024490
4687.50   1.027310
4688.00   1.028460
4688.50   1.023150
4689.00   1.008920
4689.50   0.995900
4690.00   0.986937
4690.50   0.993898
4691.00   1.008090
4691.50   1.024890
4692.00   1.034530
4692.50   1.035090
4693.00   1.029450
4693.50   1.018440
4694.00   1.015730
4694.50   1.008600
4695.00   1.002470
4695.50   0.999312
4696.00   0.999097
4696.50   0.993331
4697.00   0.988935
4697.50   0.985288
4698.00   0.985074
4698.50   0.979313
4699.00   0.978170
4699.50   0.983438
4700.00   0.990787
4700.50   0.996539
4701.00   0.998908
4701.50   0.995853
4702.00   0.997181
4702.50   0.998672
4703.00   0.997459
4703.50   0.994880
4704.00   0.992320
4704.50   0.995231
4705.00   1.000880
4705.50   1.006050
4706.00   1.011470
4706.50   1.015840
4707.00   1.013280
4707.50   1.008560
4708.00   1.004830
4708.50   1.000290
4709.00   0.994168
4709.50   0.989597
4710.00   0.987298
4710.50   0.987374
4711.00   0.981330
4711.50   0.976043
4712.00   0.965111
4712.50   0.958459
4713.00   0.959645
4713.50   0.961620
4714.00   0.970547
4714.50   0.974126
4715.00   0.977479
4715.50   0.973897
4716.00   0.979590
4716.50   0.975649
4717.00   0.973258
4717.50   0.974125
4718.00   0.973038
4718.50   0.984793
4719.00   1.002060
4719.50   1.011400
4720.00   1.020960
4720.50   1.019980
4721.00   1.011590
4721.50   1.007670
4722.00   1.007980
4722.50   1.005150
4723.00   1.001600
4723.50   0.998211
4724.00   0.984459
4724.50   0.972190
4725.00   0.965303
4725.50   0.956479
4726.00   0.955667
4726.50   0.960711
4727.00   0.967714
4727.50   0.976439
4728.00   0.987809
4728.50   0.998252
4729.00   1.004000
4729.50   1.003750
4730.00   1.005040
4730.50   1.006740
4731.00   1.008940
4731.50   1.011700
4732.00   1.017060
4732.50   1.023330
4733.00   1.022830
4733.50   1.018340
4734.00   1.015840
4734.50   1.009990
4735.00   1.005280
4735.50   1.003990
4736.00   1.003950
4736.50   1.006710
4737.00   1.010970
4737.50   1.015240
4738.00   1.014920
4738.50   1.016470
4739.00   1.016330
4739.50   1.009200
4740.00   1.009580
4740.50   1.009760
4741.00   1.013160
4741.50   1.013940
4742.00   1.014610
4742.50   1.016300
4743.00   1.013650
4743.50   1.009770
4744.00   1.004530
4744.50   0.997233
4745.00   1.002710
4745.50   1.006620
4746.00   1.016340
4746.50   1.020410
4747.00   1.034280
4747.50   1.036800
4748.00   1.025380
4748.50   1.011640
4749.00   0.996320
4749.50   0.988875
4750.00   0.987888
4750.50   0.996266
4751.00   1.005170
4751.50   1.011950
4752.00   1.008670
4752.50   1.007070
4753.00   1.005720
4753.50   1.004930
4754.00   1.009010
4754.50   1.012230
4755.00   1.016620
4755.50   1.006440
4756.00   1.007830
4756.50   1.001190
4757.00   0.997675
4757.50   0.986977
4758.00   0.986656
4758.50   0.981867
4759.00   0.976694
4759.50   0.968570
4760.00   0.969952
4760.50   0.971321
4761.00   0.984991
4761.50   0.987486
4762.00   1.000210
4762.50   1.007020
4763.00   1.009140
4763.50   1.004130
4764.00   0.993336
4764.50   0.980085
4765.00   0.969731
4765.50   0.967148
4766.00   0.965680
4766.50   0.973184
4767.00   0.977528
4767.50   0.989917
4768.00   0.996075
4768.50   1.004740
4769.00   1.005920
4769.50   1.003320
4770.00   0.999016
4770.50   1.003710
4771.00   1.004820
4771.50   1.018400
4772.00   1.022950
4772.50   1.024710
4773.00   1.021050
4773.50   1.015590
4774.00   1.013720
4774.50   1.009860
4775.00   1.010880
4775.50   1.015260
4776.00   1.010210
4776.50   1.008020
4777.00   1.003810
4777.50   1.003190
4778.00   1.004590
4778.50   1.000630
4779.00   0.996465
4779.50   0.991836
4780.00   0.986527
4780.50   0.990311
4781.00   0.986379
4781.50   0.987913
4782.00   0.984609
4782.50   0.979796
4783.00   0.984708
4783.50   0.992611
4784.00   0.996009
4784.50   1.002190
4785.00   1.012170
4785.50   1.026550
4786.00   1.029790
4786.50   1.029000
4787.00   1.020920
4787.50   1.013340
4788.00   1.006710
4788.50   1.001860
4789.00   1.001990
4789.50   1.006170
4790.00   1.010720
4790.50   1.008340
4791.00   1.006230
4791.50   1.008790
4792.00   1.007090
4792.50   1.004700
4793.00   0.999122
4793.50   0.991565
4794.00   0.989033
4794.50   0.988376
4795.00   0.987999
4795.50   0.994317
4796.00   1.002390
4796.50   1.007360
4797.00   1.017370
4797.50   1.012550
4798.00   1.008890
4798.50   1.008560
4799.00   0.999620
4799.50   0.991214
4800.00   0.983543
4800.50   0.982639
4801.00   0.987102
4801.50   0.991557
4802.00   1.000460
4802.50   1.003640
4803.00   1.000300
4803.50   0.996947
4804.00   0.992387
4804.50   0.995041
4805.00   0.994096
4805.50   0.992802
4806.00   0.997318
4806.50   1.005180
4807.00   1.012460
4807.50   1.009010
4808.00   1.000540
4808.50   0.986942
4809.00   0.973454
4809.50   0.977190
4810.00   0.986580
4810.50   0.997779
4811.00   1.008770
4811.50   1.020400
4812.00   1.015810
4812.50   1.003090
4813.00   0.988727
4813.50   0.987239
4814.00   0.978122
4814.50   0.979296
4815.00   0.986190
4815.50   0.998854
4816.00   1.006960
4816.50   1.010290
4817.00   0.997449
4817.50   0.987883
4818.00   0.987576
4818.50   0.993042
4819.00   1.000530
4819.50   1.010660
4820.00   1.011530
4820.50   1.006460
4821.00   0.995356
4821.50   0.987372
4822.00   0.986648
4822.50   0.987000
4823.00   0.993251
4823.50   0.996845
4824.00   0.999305
4824.50   0.995361
4825.00   0.990792
4825.50   0.986389
4826.00   0.983679
4826.50   0.981696
4827.00   0.986236
4827.50   0.987456
4828.00   0.988930
4828.50   0.997877
4829.00   0.993315
4829.50   0.987326
4830.00   0.980244
4830.50   0.974736
4831.00   0.975302
4831.50   0.975502
4832.00   0.974177
4832.50   0.972887
4833.00   0.968415
4833.50   0.964683
4834.00   0.967262
4834.50   0.976171
4835.00   0.978513
4835.50   0.980396
4836.00   0.986780
4836.50   0.986064
4837.00   0.990472
4837.50   0.987870
4838.00   0.990079
4838.50   0.994321
4839.00   0.989471
4839.50   0.986152
4840.00   0.983481
4840.50   0.983235
4841.00   0.981498
4841.50   0.993336
4842.00   0.999424
4842.50   1.000890
4843.00   0.988216
4843.50   0.978632
4844.00   0.967621
4844.50   0.962266
4845.00   0.962879
4845.50   0.966461
4846.00   0.969283
4846.50   0.964429
4847.00   0.950582
4847.50   0.939563
4848.00   0.930130
4848.50   0.931624
4849.00   0.930181
4849.50   0.934123
4850.00   0.941885
4850.50   0.936065
4851.00   0.926382
4851.50   0.927438
4852.00   0.917704
4852.50   0.902374
4853.00   0.894810
4853.50   0.883196
4854.00   0.880624
4854.50   0.879029
4855.00   0.879464
4855.50   0.881276
4856.00   0.877443
4856.50   0.874228
4857.00   0.862600
4857.50   0.834781
4858.00   0.804086
4858.50   0.780988
4859.00   0.754121
4859.50   0.735785
4860.00   0.717250
4860.50   0.706130
4861.00   0.693245
4861.50   0.687027
4862.00   0.674547
4862.50   0.663776
4863.00   0.654199
4863.50   0.649931
4864.00   0.651681
4864.50   0.665102
4865.00   0.684588
4865.50   0.708425
4866.00   0.736035
4866.50   0.763076
4867.00   0.791453
4867.50   0.811516
4868.00   0.827054
4868.50   0.839437
4869.00   0.847654
4869.50   0.854387
4870.00   0.859091
4870.50   0.861981
4871.00   0.870109
4871.50   0.874975
4872.00   0.882905
4872.50   0.890623
4873.00   0.894343
4873.50   0.886424
4874.00   0.884130
4874.50   0.884116
4875.00   0.881416
4875.50   0.882391
4876.00   0.884736
4876.50   0.886680
4877.00   0.888272
4877.50   0.892183
4878.00   0.900444
4878.50   0.906238
4879.00   0.907491
4879.50   0.907326
4880.00   0.907676
4880.50   0.907787
4881.00   0.913246
4881.50   0.910123
4882.00   0.908181
4882.50   0.906419
4883.00   0.904715
4883.50   0.909428
4884.00   0.917999
4884.50   0.917250
4885.00   0.917528
4885.50   0.915880
4886.00   0.912954
4886.50   0.909965
4887.00   0.912902
4887.50   0.925130
4888.00   0.931197
4888.50   0.930971
4889.00   0.931888
4889.50   0.925096
4890.00   0.916835
4890.50   0.909771
4891.00   0.907558
4891.50   0.905666
4892.00   0.904919
4892.50   0.903930
4893.00   0.906868
4893.50   0.909068
4894.00   0.914222
4894.50   0.914118
4895.00   0.910156
4895.50   0.899906
4896.00   0.887743
4896.50   0.883743
4897.00   0.884744
4897.50   0.891885
4898.00   0.900718
4898.50   0.906639
4899.00   0.910277
4899.50   0.914067
