[blue0101.spec.fits] 1 2834 100.00 1.023  3767.574  6824.088 hd338808
 3862.00   2.3176E-13   49.000     2367194.
 4036.00   2.3268E-13   49.000     3999158.
 4167.00   2.3282E-13   49.000     3853827.
 4255.00   2.3381E-13   49.000     4014664.
 4464.00   2.2868E-13   49.000     4455130.
 4566.00   2.3746E-13   49.000     4677156.
 4785.00   2.3276E-13   49.000     5336780.
 5000.00   2.3374E-13   49.000     5586455.
 5263.00   2.5363E-13   49.000     5478463.
 5556.00   2.5653E-13   98.000     9610522.
 5840.00   2.4313E-13   98.000     7676992.
 6056.00   2.3458E-13   98.000     6280335.
 6436.00   2.2153E-13   98.000     3631565.
