[blue0101.spec.fits] 1 2834 100.00 1.023  3767.574  6824.088 hd338808
3816.0 2.1857675336185518e-13 49.0 2868.8938978584397
3862.0 2.3184416174051777e-13 49.0 55673.81935641741
3945.0 2.305295952867929e-13 49.0 83623.95673961012
4000.0 2.326487482965637e-13 49.0 88420.77441093604
4036.0 2.3276538060964436e-13 49.0 87158.99994321719
4065.0 2.315792286658807e-13 49.0 78886.2510264246
4167.0 2.329022595818942e-13 49.0 83324.41511056203
4190.0 2.324837793060514e-13 49.0 87333.90828210901
4255.0 2.3389534260225477e-13 49.0 88378.84787048522
4290.0 2.3222347445920476e-13 49.0 89785.57667041877
4370.0 2.3006885387511387e-13 49.0 88133.47755534951
4464.0 2.287559142215439e-13 49.0 96448.39638760887
4498.0 2.3162306314502324e-13 49.0 107859.67902813379
4566.0 2.3754663821606675e-13 49.0 103767.6360402659
4604.0 2.358034055418196e-13 49.0 109262.02029303135
4678.0 2.3480117612967486e-13 49.0 114035.41782535796
4735.0 2.334429357666511e-13 49.0 114963.52469461897
4785.0 2.328395861528957e-13 49.0 117384.3103700406
4825.0 2.3325237129174033e-13 49.0 111852.3354507996
4914.0 2.3331915700980293e-13 49.0 120393.50399478778
5000.0 2.338194821117958e-13 49.0 123629.92849644103
5067.0 2.3840694045530735e-13 49.0 124680.9136936453
5145.0 2.443711568235967e-13 49.0 121619.6585060817
5206.0 2.499265391670582e-13 49.0 122173.62200787083
5263.0 2.537195677816845e-13 49.0 120396.48707515381
5341.0 2.532652160348187e-13 49.0 117096.94538755144
5440.0 2.5563652394358436e-13 49.0 111594.97330138135
5504.0 2.5672245220391636e-13 49.0 108483.89380098911
5556.0 2.566233847290941e-13 49.0 105433.98623577761
5630.0 2.522341661725559e-13 49.0 101152.99277754445
5710.0 2.497747232443139e-13 49.0 94440.79786315776
5775.0 2.464431355608994e-13 49.0 88651.98076069658
5840.0 2.4321760561915985e-13 49.0 85350.78988266061
5910.0 2.396876962208936e-13 49.0 75831.79575518185
5980.0 2.384615348506208e-13 49.0 73626.57825541456
6056.0 2.3466535122428707e-13 49.0 69048.12204795769
6140.0 2.325326605375655e-13 98.0 62701.6993052941
6220.0 2.286861871089506e-13 98.0 56404.707771517016
6290.0 2.2569368735089656e-13 98.0 49920.32620477901
6365.0 2.245038985205768e-13 98.0 45561.43645351754
6436.0 2.2160963175119134e-13 98.0 40978.31257793923
6473.0 2.2111056223285517e-13 98.0 36004.694016715424
6530.0 2.1927763594251496e-13 98.0 30883.975067916657
6600.0 2.186416176300638e-13 98.0 27124.619348737906
6670.0 2.1605734504640346e-13 98.0 22928.4662068127
6740.0 2.1552661588953824e-13 98.0 18383.09259494231
6790.0 2.1432910694353162e-13 98.0 14377.642871692484
