3850.00000000001  5.017388E-17
3851.0787408352  1.354736E-16
3852.15748167039  1.267204E-16
3853.23622250558  4.204721E-17
3854.31496334077  4.526027E-17
3855.39370417596  1.069438E-16
3856.47244501115  8.843564E-17
3857.55118584634  5.810912E-17
3858.62992668153  6.743186E-17
3859.70866751672  1.010868E-16
3860.78740835191  7.139978E-17
3861.8661491871  2.030200E-17
3862.94489002229  7.596197E-17
3864.02363085748  1.270832E-16
3865.10237169267  1.163933E-16
3866.18111252786  1.298024E-16
3867.25985336305  1.116973E-16
3868.33859419824  9.168863E-17
3869.41733503343  7.886711E-17
3870.49607586862  3.382042E-17
3871.57481670381  4.518186E-17
3872.653557539  7.770002E-17
3873.73229837419  6.122273E-17
3874.81103920937  7.196301E-17
3875.88978004456  1.197124E-16
3876.96852087975  9.787742E-17
3878.04726171494  4.627436E-17
3879.12600255013  7.744449E-17
3880.20474338532  5.868998E-17
3881.28348422051  8.808701E-17
3882.3622250557  1.289758E-16
3883.44096589089  1.543251E-16
3884.51970672608  1.748623E-16
3885.59844756127  1.238926E-16
3886.67718839646  6.318532E-17
3887.75592923165  8.289557E-17
3888.83467006684  6.038851E-17
3889.91341090203  3.533361E-17
3890.99215173722  1.033142E-16
3892.07089257241  1.290367E-16
3893.1496334076  1.410590E-16
3894.22837424279  1.743111E-16
3895.30711507798  1.903734E-16
3896.38585591317  1.510498E-16
3897.46459674836  8.323905E-17
3898.54333758355  5.526027E-17
3899.62207841874  4.638846E-17
3900.70081925393  5.069984E-17
3901.77956008912  1.199140E-16
3902.85830092431  1.603162E-16
3903.9370417595  1.565165E-16
3905.01578259469  1.341819E-16
3906.09452342988  1.101777E-16
3907.17326426507  2.041326E-16
3908.25200510026  2.650957E-16
3909.33074593545  2.515614E-16
3910.40948677064  2.857573E-16
3911.48822760583  3.234711E-16
3912.56696844102  2.838637E-16
3913.64570927621  2.566101E-16
3914.7244501114  2.410700E-16
3915.80319094659  2.900436E-16
3916.88193178178  3.173351E-16
3917.96067261697  2.156121E-16
3919.03941345216  9.602437E-17
3920.11815428735  9.176950E-17
3921.19689512254  1.450860E-16
3922.27563595773  1.474477E-16
3923.35437679292  1.727941E-16
3924.43311762811  2.186838E-16
3925.5118584633  1.964631E-16
3926.59059929849  1.219799E-16
3927.66934013368  5.443718E-17
3928.74808096887  2.220595E-17
3929.82682180406  8.911025E-17
3930.90556263925  9.913204E-17
3931.98430347444  8.508866E-17
3933.06304430963  1.367469E-16
3934.14178514481  1.883789E-16
3935.22052598  2.387464E-16
3936.29926681519  2.532084E-16
3937.37800765038  2.070384E-16
3938.45674848557  2.203594E-16
3939.53548932076  2.517225E-16
3940.61423015595  2.081020E-16
3941.69297099114  1.416923E-16
3942.77171182633  1.245621E-16
3943.85045266152  1.550482E-16
3944.92919349671  1.995579E-16
3946.0079343319  2.035822E-16
3947.08667516709  2.114743E-16
3948.16541600228  1.938671E-16
3949.24415683747  1.794818E-16
3950.32289767266  1.693978E-16
3951.40163850785  1.501210E-16
3952.48037934304  1.239983E-16
3953.55912017823  1.509404E-16
3954.63786101342  2.072817E-16
3955.71660184861  2.190221E-16
3956.7953426838  1.996366E-16
3957.87408351899  1.727898E-16
3958.95282435418  1.605289E-16
3960.03156518937  1.337793E-16
3961.11030602456  1.423844E-16
3962.18904685975  1.739887E-16
3963.26778769494  1.362702E-16
3964.34652853013  1.530191E-16
3965.42526936532  1.507245E-16
3966.50401020051  8.421613E-17
3967.5827510357  7.614025E-17
3968.66149187089  4.967026E-17
3969.74023270608  5.983113E-17
3970.81897354127  1.155493E-16
3971.89771437646  1.341192E-16
3972.97645521165  1.271655E-16
3974.05519604684  1.509068E-16
3975.13393688203  1.936913E-16
3976.21267771722  2.268902E-16
3977.29141855241  2.670089E-16
3978.3701593876  2.017293E-16
3979.44890022279  1.561377E-16
3980.52764105798  2.066724E-16
3981.60638189317  2.049890E-16
3982.68512272836  1.912497E-16
3983.76386356355  2.170643E-16
3984.84260439874  2.148893E-16
3985.92134523393  2.366475E-16
3987.00008606912  2.401558E-16
3988.07882690431  2.215480E-16
3989.1575677395  2.566316E-16
3990.23630857469  2.455440E-16
3991.31504940988  2.160690E-16
3992.39379024507  2.346959E-16
3993.47253108026  2.396930E-16
3994.55127191545  2.459163E-16
3995.63001275064  2.547529E-16
3996.70875358583  2.660518E-16
3997.78749442101  2.618878E-16
3998.8662352562  2.103721E-16
3999.94497609139  1.924617E-16
4001.02371692658  1.809337E-16
4002.10245776177  2.316716E-16
4003.18119859696  2.666249E-16
4004.25993943215  2.335506E-16
4005.33868026734  2.176961E-16
4006.41742110253  2.229448E-16
4007.49616193772  2.161388E-16
4008.57490277291  2.373294E-16
4009.6536436081  2.658978E-16
4010.73238444329  2.651534E-16
4011.81112527848  3.002823E-16
4012.88986611367  3.036366E-16
4013.96860694886  2.740186E-16
4015.04734778405  2.624774E-16
4016.12608861924  2.607659E-16
4017.20482945443  2.691538E-16
4018.28357028962  2.679420E-16
4019.36231112481  2.411463E-16
4020.44105196  2.322342E-16
4021.51979279519  2.659815E-16
4022.59853363038  2.795424E-16
4023.67727446557  2.640492E-16
4024.75601530076  2.447408E-16
4025.83475613595  2.269294E-16
4026.91349697114  2.189512E-16
4027.99223780633  2.371794E-16
4029.07097864152  2.209909E-16
4030.14971947671  1.854525E-16
4031.2284603119  1.621065E-16
4032.30720114709  1.718108E-16
4033.38594198228  1.941152E-16
4034.46468281747  1.975231E-16
4035.54342365266  2.111364E-16
4036.62216448785  2.345956E-16
4037.70090532304  2.852942E-16
4038.77964615823  2.849113E-16
4039.85838699342  2.392978E-16
4040.93712782861  2.357351E-16
4042.0158686638  2.150052E-16
4043.09460949899  1.965105E-16
4044.17335033418  1.819869E-16
4045.25209116937  1.655037E-16
4046.33083200456  1.846400E-16
4047.40957283975  2.106054E-16
4048.48831367494  2.315051E-16
4049.56705451013  2.786985E-16
4050.64579534532  3.025191E-16
4051.72453618051  2.891619E-16
4052.8032770157  2.731539E-16
4053.88201785089  2.741742E-16
4054.96075868608  2.676320E-16
4056.03949952127  2.747206E-16
4057.11824035646  2.939238E-16
4058.19698119164  2.802961E-16
4059.27572202683  2.621024E-16
4060.35446286202  2.699644E-16
4061.43320369721  2.414915E-16
4062.5119445324  2.152537E-16
4063.59068536759  2.596285E-16
4064.66942620278  3.000900E-16
4065.74816703797  3.013216E-16
4066.82690787316  2.839907E-16
4067.90564870835  2.785355E-16
4068.98438954354  2.889623E-16
4070.06313037873  2.765890E-16
4071.14187121392  2.348971E-16
4072.22061204911  1.780081E-16
4073.2993528843  1.693752E-16
4074.37809371949  2.002680E-16
4075.45683455468  1.965995E-16
4076.53557538987  1.892479E-16
4077.61431622506  1.824947E-16
4078.69305706025  1.506346E-16
4079.77179789544  1.707846E-16
4080.85053873063  2.359519E-16
4081.92927956582  2.707569E-16
4083.00802040101  2.984070E-16
4084.0867612362  3.292790E-16
4085.16550207139  3.468025E-16
4086.24424290658  3.411875E-16
4087.32298374177  2.903479E-16
4088.40172457696  2.571461E-16
4089.48046541215  2.454185E-16
4090.55920624734  2.610591E-16
4091.63794708253  2.951808E-16
4092.71668791772  2.897147E-16
4093.79542875291  2.833532E-16
4094.8741695881  2.751378E-16
4095.95291042329  2.584185E-16
4097.03165125848  2.763089E-16
4098.11039209367  2.574778E-16
4099.18913292886  1.988636E-16
4100.26787376405  1.514501E-16
4101.34661459924  1.108503E-16
4102.42535543443  1.451848E-16
4103.50409626962  2.025727E-16
4104.58283710481  2.482185E-16
4105.66157794  2.832910E-16
4106.74031877519  2.861084E-16
4107.81905961038  2.905502E-16
4108.89780044557  2.709364E-16
4109.97654128076  2.582443E-16
4111.05528211595  2.758257E-16
4112.13402295114  2.717104E-16
4113.21276378633  3.013977E-16
4114.29150462152  3.247527E-16
4115.37024545671  2.724881E-16
4116.44898629189  2.669913E-16
4117.52772712709  3.189345E-16
4118.60646796227  3.045470E-16
4119.68520879747  2.802468E-16
4120.76394963265  2.926762E-16
4121.84269046784  2.926504E-16
4122.92143130303  2.884658E-16
4124.00017213822  2.863905E-16
4125.07891297341  2.981012E-16
4126.1576538086  3.042339E-16
4127.23639464379  2.877250E-16
4128.31513547898  2.684417E-16
4129.39387631417  2.842282E-16
4130.47261714936  3.088654E-16
4131.55135798455  3.504235E-16
4132.63009881974  3.524014E-16
4133.70883965493  3.227888E-16
4134.78758049012  3.061325E-16
4135.86632132531  2.861615E-16
4136.9450621605  2.602650E-16
4138.02380299569  2.762692E-16
4139.10254383088  2.986735E-16
4140.18128466607  2.960731E-16
4141.26002550126  2.731889E-16
4142.33876633645  2.761820E-16
4143.41750717164  2.610717E-16
4144.49624800683  2.557537E-16
4145.57498884202  2.777429E-16
4146.65372967721  2.860899E-16
4147.7324705124  2.965196E-16
4148.81121134759  2.990429E-16
4149.88995218278  2.914033E-16
4150.96869301797  2.734332E-16
4152.04743385316  2.849147E-16
4153.12617468835  2.831529E-16
4154.20491552354  2.861512E-16
4155.28365635873  3.048829E-16
4156.36239719392  2.861993E-16
4157.44113802911  2.792369E-16
4158.5198788643  2.954233E-16
4159.59861969949  3.068829E-16
4160.67736053468  3.406364E-16
4161.75610136987  3.539506E-16
4162.83484220506  3.328973E-16
4163.91358304025  3.487626E-16
4164.99232387544  3.429092E-16
4166.07106471063  2.949046E-16
4167.14980554582  2.783144E-16
4168.22854638101  2.894303E-16
4169.3072872162  3.120003E-16
4170.38602805139  3.154779E-16
4171.46476888658  2.884117E-16
4172.54350972177  2.667519E-16
4173.62225055696  2.526147E-16
4174.70099139215  2.563774E-16
4175.77973222733  2.572731E-16
4176.85847306253  2.423397E-16
4177.93721389772  2.672721E-16
4179.01595473291  3.208151E-16
4180.09469556809  3.168224E-16
4181.17343640328  3.054021E-16
4182.25217723847  3.399244E-16
4183.33091807366  3.587438E-16
4184.40965890885  3.101211E-16
4185.48839974404  2.787162E-16
4186.56714057923  2.921416E-16
4187.64588141442  3.165902E-16
4188.72462224961  3.308639E-16
4189.8033630848  3.421423E-16
4190.88210391999  3.389273E-16
4191.96084475518  3.397598E-16
4193.03958559037  3.644965E-16
4194.11832642556  3.564998E-16
4195.19706726075  3.364346E-16
4196.27580809594  3.479750E-16
4197.35454893113  3.355347E-16
4198.43328976632  3.077172E-16
4199.51203060151  3.093230E-16
4200.5907714367  2.928868E-16
4201.66951227189  3.086743E-16
4202.74825310708  3.463176E-16
4203.82699394227  3.493652E-16
4204.90573477746  3.354216E-16
4205.98447561265  3.425230E-16
4207.06321644784  3.569647E-16
4208.14195728303  3.351222E-16
4209.22069811822  3.344431E-16
4210.29943895341  3.632749E-16
4211.3781797886  3.348125E-16
4212.45692062379  2.851661E-16
4213.53566145898  2.488872E-16
4214.61440229417  2.029882E-16
4215.69314312936  2.197342E-16
4216.77188396455  2.753089E-16
4217.85062479974  3.238193E-16
4218.92936563493  3.652297E-16
4220.00810647012  3.950245E-16
4221.08684730531  3.705799E-16
4222.1655881405  3.311775E-16
4223.24432897569  3.020199E-16
4224.32306981088  2.552092E-16
4225.40181064607  1.990597E-16
4226.48055148126  1.811762E-16
4227.55929231645  2.131561E-16
4228.63803315164  2.804601E-16
4229.71677398683  3.326317E-16
4230.79551482202  3.156852E-16
4231.87425565721  2.779315E-16
4232.9529964924  2.623446E-16
4234.03173732759  2.714755E-16
4235.11047816278  2.850194E-16
4236.18921899797  3.070569E-16
4237.26795983316  3.471973E-16
4238.34670066835  3.566093E-16
4239.42544150354  3.615292E-16
4240.50418233872  4.108252E-16
4241.58292317391  4.143675E-16
4242.6616640091  3.640144E-16
4243.74040484429  3.140209E-16
4244.81914567948  2.634166E-16
4245.89788651467  2.273866E-16
4246.97662734986  2.359679E-16
4248.05536818505  2.682426E-16
4249.13410902024  2.939279E-16
4250.21284985543  2.860263E-16
4251.29159069062  2.613216E-16
4252.37033152581  2.491608E-16
4253.449072361  2.674910E-16
4254.52781319619  2.748402E-16
4255.60655403138  2.677216E-16
4256.68529486657  3.125405E-16
4257.76403570176  3.637291E-16
4258.84277653695  3.345293E-16
4259.92151737214  2.927711E-16
4261.00025820733  3.213770E-16
4262.07899904252  3.568626E-16
4263.15773987771  3.506403E-16
4264.2364807129  3.688058E-16
4265.31522154809  4.034061E-16
4266.39396238328  3.970931E-16
4267.47270321847  3.778378E-16
4268.55144405366  3.730953E-16
4269.63018488885  3.236288E-16
4270.70892572404  2.569844E-16
4271.78766655923  2.315043E-16
4272.86640739442  2.007072E-16
4273.94514822961  1.815710E-16
4275.0238890648  2.353095E-16
4276.10262989999  3.225595E-16
4277.18137073518  3.812910E-16
4278.26011157037  4.037702E-16
4279.33885240556  3.660010E-16
4280.41759324075  3.657556E-16
4281.49633407594  3.875331E-16
4282.57507491113  3.694267E-16
4283.65381574632  3.901794E-16
4284.73255658151  4.109446E-16
4285.8112974167  3.693182E-16
4286.89003825189  2.965415E-16
4287.96877908708  2.285164E-16
4289.04751992227  2.028993E-16
4290.12626075746  2.082279E-16
4291.20500159265  2.376277E-16
4292.28374242784  2.466753E-16
4293.36248326303  2.410216E-16
4294.44122409822  2.667159E-16
4295.51996493341  2.916424E-16
4296.5987057686  2.993615E-16
4297.67744660379  3.023011E-16
4298.75618743897  2.489349E-16
4299.83492827416  1.775558E-16
4300.91366910935  1.633199E-16
4301.99240994454  1.899424E-16
4303.07115077973  2.429526E-16
4304.14989161492  2.864013E-16
4305.22863245011  2.784823E-16
4306.3073732853  2.597155E-16
4307.38611412049  2.764272E-16
4308.46485495568  3.102234E-16
4309.54359579087  3.290275E-16
4310.62233662606  2.899051E-16
4311.70107746125  2.329183E-16
4312.77981829644  2.264034E-16
4313.85855913163  2.537622E-16
4314.93729996682  3.099298E-16
4316.01604080201  3.573168E-16
4317.0947816372  3.694114E-16
4318.17352247239  3.777988E-16
4319.25226330758  4.014210E-16
4320.33100414277  3.935617E-16
4321.40974497796  3.734975E-16
4322.48848581315  3.560690E-16
4323.56722664834  2.969845E-16
4324.64596748353  2.754413E-16
4325.72470831872  2.883243E-16
4326.80344915391  3.216874E-16
4327.8821899891  3.786750E-16
4328.96093082429  4.109679E-16
4330.03967165948  4.239309E-16
4331.11841249467  4.656103E-16
4332.19715332986  5.033364E-16
4333.27589416505  4.781440E-16
4334.35463500024  4.345629E-16
4335.43337583543  4.092514E-16
4336.51211667062  3.528456E-16
4337.59085750581  2.497344E-16
4338.669598341  1.663979E-16
4339.74833917619  1.259205E-16
4340.82708001138  1.405417E-16
4341.90582084657  2.008842E-16
4342.98456168176  2.919014E-16
4344.06330251695  3.600549E-16
4345.14204335214  3.911796E-16
4346.22078418733  4.140690E-16
4347.29952502252  4.508171E-16
4348.37826585771  4.622684E-16
4349.4570066929  4.447725E-16
4350.53574752809  4.052943E-16
4351.61448836328  3.725562E-16
4352.69322919847  3.186654E-16
4353.77197003366  3.596998E-16
4354.85071086885  4.516140E-16
4355.92945170404  4.476014E-16
4357.00819253923  4.278885E-16
4358.08693337441  4.557320E-16
4359.1656742096  4.930760E-16
4360.2444150448  4.805440E-16
4361.32315587998  4.708585E-16
4362.40189671517  5.049907E-16
4363.48063755036  5.089050E-16
4364.55937838555  4.889153E-16
4365.63811922074  4.668012E-16
4366.71686005593  4.716955E-16
4367.79560089112  4.997354E-16
4368.87434172631  5.280371E-16
4369.9530825615  5.219045E-16
4371.03182339669  4.903075E-16
4372.11056423188  4.658574E-16
4373.18930506707  4.111154E-16
4374.26804590226  3.615903E-16
4375.34678673745  3.648891E-16
4376.42552757264  4.260029E-16
4377.50426840783  4.695282E-16
4378.58300924302  4.945132E-16
4379.66175007821  4.954956E-16
4380.7404909134  4.492928E-16
4381.81923174859  3.786933E-16
4382.89797258378  2.940660E-16
4383.97671341897  2.716376E-16
4385.05545425416  3.099491E-16
4386.13419508935  3.619404E-16
4387.21293592454  4.306978E-16
4388.29167675973  4.674305E-16
4389.37041759492  4.602291E-16
4390.44915843011  4.527492E-16
4391.5278992653  4.395037E-16
4392.60664010049  4.023002E-16
4393.68538093568  3.417888E-16
4394.76412177087  3.055033E-16
4395.84286260606  3.070651E-16
4396.92160344125  3.427140E-16
4398.00034427644  3.933366E-16
4399.07908511163  4.018842E-16
4400.15782594682  3.849856E-16
4401.23656678201  4.151496E-16
4402.3153076172  4.161116E-16
4403.39404845239  3.856934E-16
4404.47278928758  3.649980E-16
4405.55153012277  3.924115E-16
4406.63027095796  4.848711E-16
4407.70901179315  5.118610E-16
4408.78775262834  4.889082E-16
4409.86649346353  5.252399E-16
4410.94523429872  5.537701E-16
4412.02397513391  5.401870E-16
4413.1027159691  5.083863E-16
4414.18145680429  4.442987E-16
4415.26019763948  3.973023E-16
4416.33893847467  3.877574E-16
4417.41767930986  3.947728E-16
4418.49642014504  4.362069E-16
4419.57516098023  4.868320E-16
4420.65390181542  4.937105E-16
4421.73264265061  5.040664E-16
4422.8113834858  4.976951E-16
4423.89012432099  4.573573E-16
4424.96886515618  4.765750E-16
4426.04760599137  5.134103E-16
4427.12634682656  5.394685E-16
4428.20508766175  5.477544E-16
4429.28382849694  5.587337E-16
4430.36256933213  5.727076E-16
4431.44131016732  5.722133E-16
4432.52005100251  5.519909E-16
4433.5987918377  5.089086E-16
4434.67753267289  4.724002E-16
4435.75627350808  5.055021E-16
4436.83501434327  5.477817E-16
4437.91375517846  5.959831E-16
4438.99249601365  6.050778E-16
4440.07123684884  5.524136E-16
4441.14997768403  4.865042E-16
4442.22871851922  4.232210E-16
4443.30745935441  3.853158E-16
4444.3862001896  3.799977E-16
4445.46494102479  4.386308E-16
4446.54368185998  5.627904E-16
4447.62242269517  6.372598E-16
4448.70116353036  6.035090E-16
4449.77990436555  5.459344E-16
4450.85864520074  5.612518E-16
4451.93738603593  6.260019E-16
4453.01612687112  6.127268E-16
4454.09486770631  5.858058E-16
4455.1736085415  5.768169E-16
4456.25234937669  5.847426E-16
4457.33109021188  6.188470E-16
4458.40983104707  6.167962E-16
4459.48857188226  5.847675E-16
4460.56731271745  6.358183E-16
4461.64605355264  6.735629E-16
4462.72479438783  6.382797E-16
4463.80353522302  5.637967E-16
4464.88227605821  5.002129E-16
4465.9610168934  5.003696E-16
4467.03975772859  4.879357E-16
4468.11849856378  4.168401E-16
4469.19723939897  4.251247E-16
4470.27598023416  4.921065E-16
4471.35472106935  5.647878E-16
4472.43346190454  6.286476E-16
4473.51220273973  6.173638E-16
4474.59094357492  6.304037E-16
4475.6696844101  6.647228E-16
4476.7484252453  6.553413E-16
4477.82716608048  6.698746E-16
4478.90590691567  6.810784E-16
4479.98464775086  6.718591E-16
4481.06338858606  6.407408E-16
4482.14212942124  6.542025E-16
4483.22087025643  7.075760E-16
4484.29961109162  7.261307E-16
4485.37835192681  6.965277E-16
4486.457092762  6.944117E-16
4487.53583359719  6.754923E-16
4488.61457443238  6.351920E-16
4489.69331526757  6.194117E-16
4490.77205610276  6.922953E-16
4491.85079693795  7.231794E-16
4492.92953777314  6.935333E-16
4494.00827860833  6.950716E-16
4495.08701944352  7.203907E-16
4496.16576027871  7.362651E-16
4497.2445011139  6.875716E-16
4498.32324194909  6.180493E-16
4499.40198278428  5.547458E-16
4500.48072361947  4.740195E-16
4501.55946445466  4.256274E-16
4502.63820528985  5.005921E-16
4503.71694612504  6.393966E-16
4504.79568696023  7.564514E-16
4505.87442779542  7.648339E-16
4506.95316863061  6.793427E-16
4508.0319094658  6.717818E-16
4509.11065030099  6.946037E-16
4510.18939113618  6.875028E-16
4511.26813197137  7.127193E-16
4512.34687280656  7.545867E-16
4513.42561364175  7.404755E-16
4514.50435447694  7.305214E-16
4515.58309531213  7.539617E-16
4516.66183614732  7.648138E-16
4517.74057698251  7.546837E-16
4518.8193178177  7.557554E-16
4519.89805865289  6.797596E-16
4520.97679948808  5.990408E-16
4522.05554032327  6.185437E-16
4523.13428115846  6.437893E-16
4524.21302199365  6.634303E-16
4525.29176282884  7.538662E-16
4526.37050366403  7.857281E-16
4527.44924449922  7.935807E-16
4528.52798533441  7.935178E-16
4529.6067261696  7.825836E-16
4530.68546700479  7.219679E-16
4531.76420783998  6.005580E-16
4532.84294867517  4.867173E-16
4533.92168951036  4.626066E-16
4535.00043034555  5.376375E-16
4536.07917118074  6.398131E-16
4537.15791201593  7.146696E-16
4538.23665285112  7.847218E-16
4539.31539368631  8.078962E-16
4540.3941345215  8.015165E-16
4541.47287535668  7.721322E-16
4542.55161619188  7.156448E-16
4543.63035702707  7.090479E-16
4544.70909786225  7.029697E-16
4545.78783869744  6.698777E-16
4546.86657953263  6.126837E-16
4547.94532036782  4.846804E-16
4549.02406120301  4.051581E-16
4550.1028020382  4.168208E-16
4551.18154287339  4.507639E-16
4552.26028370858  4.959806E-16
4553.33902454377  5.465503E-16
4554.41776537896  5.345309E-16
4555.49650621415  5.622982E-16
4556.57524704934  5.903495E-16
4557.65398788453  5.885552E-16
4558.73272871972  6.218964E-16
4559.81146955491  6.202990E-16
4560.8902103901  5.870405E-16
4561.96895122529  5.358796E-16
4563.04769206048  4.989880E-16
4564.12643289567  5.471317E-16
4565.20517373086  6.142493E-16
4566.28391456605  6.750641E-16
4567.36265540124  7.234993E-16
4568.44139623643  7.056548E-16
4569.52013707162  6.531444E-16
4570.59887790681  5.855657E-16
4571.677618742  5.745356E-16
4572.75635957719  6.130414E-16
4573.83510041238  6.887706E-16
4574.91384124757  7.764327E-16
4575.99258208276  8.136005E-16
4577.07132291795  8.282482E-16
4578.15006375314  8.015711E-16
4579.22880458833  7.707790E-16
4580.30754542352  7.679622E-16
4581.38628625871  7.011772E-16
4582.4650270939  5.786534E-16
4583.54376792909  5.024681E-16
4584.62250876428  5.455094E-16
4585.70124959947  6.273042E-16
4586.77999043466  6.441014E-16
4587.85873126985  6.510828E-16
4588.93747210504  6.938968E-16
4590.01621294023  7.101094E-16
4591.09495377542  7.237830E-16
4592.17369461061  7.802429E-16
4593.2524354458  8.123049E-16
4594.33117628099  8.221526E-16
4595.40991711618  8.232271E-16
4596.48865795137  7.868218E-16
4597.56739878656  8.056836E-16
4598.64613962175  8.572236E-16
4599.72488045694  8.741996E-16
4600.80362129213  8.513050E-16
4601.88236212731  8.410642E-16
4602.96110296251  8.811908E-16
4604.03984379769  8.919747E-16
4605.11858463288  8.478160E-16
4606.19732546807  7.989947E-16
4607.27606630326  8.177183E-16
4608.35480713845  8.472322E-16
4609.43354797364  8.931259E-16
4610.51228880883  9.271562E-16
4611.59102964402  9.050268E-16
4612.66977047921  8.769873E-16
4613.7485113144  8.683031E-16
4614.82725214959  8.480956E-16
4615.90599298478  8.300802E-16
4616.98473381997  8.588627E-16
4618.06347465516  8.951680E-16
4619.14221549035  8.782588E-16
4620.22095632554  9.104829E-16
4621.29969716073  9.531365E-16
4622.37843799592  9.392635E-16
4623.45717883111  9.219070E-16
4624.5359196663  9.514795E-16
4625.61466050149  9.570367E-16
4626.69340133668  8.933333E-16
4627.77214217187  8.662144E-16
4628.85088300706  8.806653E-16
4629.92962384225  8.784774E-16
4631.00836467744  8.830747E-16
4632.08710551263  9.201893E-16
4633.16584634782  9.266288E-16
4634.24458718301  8.902114E-16
4635.3233280182  9.120571E-16
4636.40206885339  9.864514E-16
4637.48080968858  9.867684E-16
4638.55955052377  9.479075E-16
4639.63829135896  9.373770E-16
4640.71703219415  9.248423E-16
4641.79577302934  9.483486E-16
4642.87451386453  9.959807E-16
4643.95325469972  9.810204E-16
4645.03199553491  9.636433E-16
4646.1107363701  9.435338E-16
4647.18947720529  9.643602E-16
4648.26821804048  9.870240E-16
4649.34695887567  9.427578E-16
4650.42569971086  9.295731E-16
4651.50444054605  9.606785E-16
4652.58318138124  1.000096E-15
4653.66192221643  1.004306E-15
4654.74066305162  9.808584E-16
4655.81940388681  9.510089E-16
4656.898144722  9.606317E-16
4657.97688555719  1.000605E-15
4659.05562639238  1.023222E-15
4660.13436722757  1.006390E-15
4661.21310806275  9.811386E-16
4662.29184889795  9.882568E-16
4663.37058973313  9.866803E-16
4664.44933056832  9.796232E-16
4665.52807140351  1.001880E-15
4666.6068122387  1.003072E-15
4667.68555307389  9.892776E-16
4668.76429390908  9.752872E-16
4669.84303474427  9.379736E-16
4670.92177557946  9.808056E-16
4672.00051641465  1.023377E-15
4673.07925724984  1.046004E-15
4674.15799808503  1.068941E-15
4675.23673892022  1.046286E-15
4676.31547975541  1.011189E-15
4677.3942205906  1.022745E-15
4678.47296142579  1.062720E-15
4679.55170226098  1.035773E-15
4680.63044309617  9.789709E-16
4681.70918393136  1.011542E-15
4682.78792476655  1.032862E-15
4683.86666560174  1.045565E-15
4684.94540643693  1.068978E-15
4686.02414727212  1.108299E-15
4687.10288810731  1.091748E-15
4688.1816289425  1.046591E-15
4689.26036977769  1.080945E-15
4690.33911061288  1.148418E-15
4691.41785144807  1.138133E-15
4692.49659228326  1.072759E-15
4693.57533311845  1.041325E-15
4694.65407395364  1.016176E-15
4695.73281478883  1.001736E-15
4696.81155562402  1.001595E-15
4697.89029645921  1.025938E-15
4698.9690372944  1.042123E-15
4700.04777812959  1.060573E-15
4701.12651896478  1.057785E-15
4702.20525979997  1.043539E-15
4703.28400063516  1.090008E-15
4704.36274147035  1.118314E-15
4705.44148230554  1.132915E-15
4706.52022314073  1.111741E-15
4707.59896397592  1.062755E-15
4708.67770481111  1.073946E-15
4709.7564456463  1.133716E-15
4710.83518648149  1.178778E-15
4711.91392731668  1.200899E-15
4712.99266815187  1.193100E-15
4714.07140898706  1.157086E-15
4715.15014982225  1.069777E-15
4716.22889065744  1.063840E-15
4717.30763149263  1.077080E-15
4718.38637232781  1.103499E-15
4719.46511316301  1.175973E-15
4720.5438539982  1.157719E-15
4721.62259483338  1.096068E-15
4722.70133566857  1.118482E-15
4723.78007650377  1.132130E-15
4724.85881733895  1.113443E-15
4725.93755817414  1.080935E-15
4727.01629900933  1.117206E-15
4728.09503984452  1.181823E-15
4729.17378067971  1.165314E-15
4730.2525215149  1.121772E-15
4731.33126235009  1.132588E-15
4732.41000318528  1.188402E-15
4733.48874402047  1.202092E-15
4734.56748485566  1.195467E-15
4735.64622569085  1.211346E-15
4736.72496652604  1.203432E-15
4737.80370736123  1.137446E-15
4738.88244819642  1.115892E-15
4739.96118903161  1.149356E-15
4741.0399298668  1.126714E-15
4742.11867070199  1.145997E-15
4743.19741153718  1.237071E-15
4744.27615237237  1.235733E-15
4745.35489320756  1.216956E-15
4746.43363404275  1.211781E-15
4747.51237487794  1.176370E-15
4748.59111571313  1.187668E-15
4749.66985654832  1.186151E-15
4750.74859738351  1.158210E-15
4751.8273382187  1.164802E-15
4752.90607905389  1.218885E-15
4753.98481988908  1.260766E-15
4755.06356072427  1.227055E-15
4756.14230155946  1.186123E-15
4757.22104239465  1.175417E-15
4758.29978322984  1.171633E-15
4759.37852406503  1.193003E-15
4760.45726490022  1.227679E-15
4761.53600573541  1.186621E-15
4762.6147465706  1.158156E-15
4763.69348740579  1.136974E-15
4764.77222824098  1.090744E-15
4765.85096907617  1.100432E-15
4766.92970991136  1.140117E-15
4768.00845074655  1.155794E-15
4769.08719158174  1.194530E-15
4770.16593241693  1.235264E-15
4771.24467325212  1.231610E-15
4772.32341408731  1.219359E-15
4773.4021549225  1.231490E-15
4774.48089575769  1.261209E-15
4775.55963659288  1.227632E-15
4776.63837742807  1.232283E-15
4777.71711826326  1.285854E-15
4778.79585909844  1.292207E-15
4779.87459993364  1.237699E-15
4780.95334076883  1.200143E-15
4782.03208160401  1.172061E-15
4783.1108224392  1.232061E-15
4784.18956327439  1.320086E-15
4785.26830410958  1.287372E-15
4786.34704494477  1.268694E-15
4787.42578577996  1.292085E-15
4788.50452661515  1.244144E-15
4789.58326745034  1.194939E-15
4790.66200828553  1.248006E-15
4791.74074912072  1.316288E-15
4792.81948995591  1.334667E-15
4793.8982307911  1.319576E-15
4794.97697162629  1.298324E-15
4796.05571246148  1.339089E-15
4797.13445329667  1.321400E-15
4798.21319413186  1.324135E-15
4799.29193496705  1.311287E-15
4800.37067580224  1.279469E-15
4801.44941663743  1.320912E-15
4802.52815747262  1.325635E-15
4803.60689830781  1.253245E-15
4804.685639143  1.213352E-15
4805.76437997819  1.277871E-15
4806.84312081338  1.311128E-15
4807.92186164857  1.266439E-15
4809.00060248376  1.276587E-15
4810.07934331895  1.268748E-15
4811.15808415414  1.320693E-15
4812.23682498933  1.393672E-15
4813.31556582452  1.435375E-15
4814.39430665971  1.439429E-15
4815.4730474949  1.460039E-15
4816.55178833009  1.394810E-15
4817.63052916528  1.385414E-15
4818.70927000047  1.442618E-15
4819.78801083566  1.480091E-15
4820.86675167085  1.445921E-15
4821.94549250604  1.372186E-15
4823.02423334123  1.304064E-15
4824.10297417642  1.298348E-15
4825.18171501161  1.361879E-15
4826.2604558468  1.419575E-15
4827.33919668199  1.379387E-15
4828.41793751718  1.377353E-15
4829.49667835237  1.411042E-15
4830.57541918756  1.442210E-15
4831.65416002275  1.422936E-15
4832.73290085794  1.451435E-15
4833.81164169313  1.499212E-15
4834.89038252832  1.445770E-15
4835.96912336351  1.398854E-15
4837.0478641987  1.397828E-15
4838.12660503389  1.415619E-15
4839.20534586908  1.440011E-15
4840.28408670427  1.460599E-15
4841.36282753945  1.471257E-15
4842.44156837464  1.480637E-15
4843.52030920983  1.470173E-15
4844.59905004502  1.482657E-15
4845.67779088022  1.457771E-15
4846.7565317154  1.443165E-15
4847.83527255059  1.427119E-15
4848.91401338578  1.412477E-15
4849.99275422097  1.454246E-15
4851.07149505616  1.484754E-15
4852.15023589135  1.479021E-15
4853.22897672654  1.482150E-15
4854.30771756173  1.483616E-15
4855.38645839692  1.415522E-15
4856.46519923211  1.336631E-15
4857.5439400673  1.215816E-15
4858.62268090249  9.277757E-16
4859.70142173768  6.115908E-16
4860.78016257287  4.900108E-16
4861.85890340806  6.740798E-16
4862.93764424325  1.072487E-15
4864.01638507844  1.390257E-15
4865.09512591363  1.502900E-15
4866.17386674882  1.586150E-15
4867.25260758401  1.602864E-15
4868.3313484192  1.536599E-15
4869.41008925439  1.497642E-15
4870.48883008958  1.557754E-15
4871.56757092477  1.535512E-15
4872.64631175996  1.495242E-15
4873.72505259515  1.544235E-15
4874.80379343034  1.506324E-15
4875.88253426553  1.462411E-15
4876.96127510072  1.508773E-15
4878.04001593591  1.484341E-15
4879.1187567711  1.539212E-15
4880.19749760629  1.554258E-15
4881.27623844148  1.493517E-15
4882.35497927667  1.494758E-15
4883.43372011186  1.489285E-15
4884.51246094705  1.498195E-15
4885.59120178224  1.535381E-15
4886.66994261743  1.491871E-15
4887.74868345262  1.488339E-15
4888.82742428781  1.546409E-15
4889.906165123  1.570969E-15
4890.98490595819  1.599865E-15
4892.06364679338  1.673230E-15
4893.14238762857  1.651001E-15
4894.22112846376  1.615134E-15
4895.29986929895  1.605989E-15
4896.37861013414  1.549254E-15
4897.45735096933  1.590851E-15
4898.53609180452  1.609944E-15
4899.61483263971  1.558865E-15
4900.69357347489  1.578637E-15
4901.77231431009  1.600645E-15
4902.85105514528  1.676808E-15
4903.92979598046  1.706875E-15
4905.00853681565  1.685678E-15
4906.08727765084  1.653142E-15
4907.16601848603  1.623893E-15
4908.24475932122  1.629048E-15
4909.32350015641  1.607264E-15
4910.4022409916  1.606595E-15
4911.48098182679  1.601395E-15
4912.55972266198  1.573970E-15
4913.63846349717  1.629483E-15
4914.71720433236  1.663946E-15
4915.79594516755  1.679130E-15
4916.87468600274  1.634568E-15
4917.95342683793  1.605887E-15
4919.03216767312  1.637614E-15
4920.11090850831  1.564546E-15
4921.1896493435  1.364198E-15
4922.26839017869  1.069919E-15
4923.34713101388  9.084963E-16
4924.42587184907  9.865367E-16
4925.50461268426  1.254738E-15
4926.58335351945  1.557638E-15
4927.66209435464  1.704748E-15
4928.74083518983  1.735869E-15
4929.81957602502  1.696825E-15
4930.89831686021  1.662067E-15
4931.9770576954  1.556373E-15
4933.05579853059  1.495504E-15
4934.13453936578  1.477487E-15
4935.21328020097  1.477401E-15
4936.29202103616  1.604630E-15
4937.37076187135  1.730066E-15
4938.44950270654  1.712730E-15
4939.52824354173  1.696137E-15
4940.60698437692  1.826146E-15
4941.68572521211  1.866564E-15
4942.7644660473  1.822538E-15
4943.84320688249  1.811369E-15
4944.92194771768  1.760011E-15
4946.00068855287  1.773417E-15
4947.07942938806  1.798734E-15
4948.15817022325  1.787592E-15
4949.23691105844  1.822830E-15
4950.31565189363  1.790754E-15
4951.39439272882  1.786829E-15
4952.47313356401  1.764927E-15
4953.5518743992  1.779183E-15
4954.63061523439  1.738262E-15
4955.70935606958  1.691051E-15
4956.78809690477  1.680271E-15
4957.86683773996  1.710729E-15
4958.94557857515  1.749168E-15
4960.02431941034  1.785419E-15
4961.10306024552  1.794734E-15
4962.18180108072  1.836781E-15
4963.2605419159  1.850613E-15
4964.33928275109  1.775399E-15
4965.41802358628  1.745786E-15
4966.49676442147  1.817156E-15
4967.57550525666  1.818263E-15
4968.65424609185  1.827226E-15
4969.73298692704  1.891195E-15
4970.81172776223  1.884181E-15
4971.89046859742  1.817341E-15
4972.96920943261  1.816413E-15
4974.0479502678  1.844574E-15
4975.12669110299  1.852938E-15
4976.20543193818  1.876763E-15
4977.28417277337  1.851833E-15
4978.36291360856  1.771384E-15
4979.44165444375  1.723759E-15
4980.52039527894  1.660247E-15
4981.59913611413  1.655117E-15
4982.67787694932  1.654893E-15
4983.75661778451  1.690456E-15
4984.8353586197  1.783172E-15
4985.91409945489  1.810574E-15
4986.99284029008  1.804882E-15
4988.07158112527  1.778534E-15
4989.15032196046  1.758697E-15
4990.22906279565  1.682601E-15
4991.30780363084  1.737875E-15
4992.38654446603  1.906119E-15
4993.46528530122  2.033737E-15
4994.54402613641  2.023652E-15
4995.6227669716  1.912993E-15
4996.70150780679  1.835947E-15
4997.78024864198  1.784124E-15
4998.85898947717  1.818117E-15
4999.93773031236  1.870696E-15
5001.01647114755  1.870791E-15
5002.09521198274  1.841522E-15
5003.17395281793  1.846470E-15
5004.25269365312  1.968519E-15
5005.33143448831  1.972212E-15
5006.4101753235  1.930152E-15
5007.48891615869  1.931233E-15
5008.56765699388  1.904276E-15
5009.64639782907  1.898187E-15
5010.72513866426  1.955935E-15
5011.80387949945  2.001619E-15
5012.88262033464  1.914600E-15
5013.96136116983  1.871152E-15
5015.04010200502  1.744600E-15
5016.11884284021  1.364200E-15
5017.1975836754  9.556013E-16
5018.27632451059  8.625829E-16
5019.35506534578  1.149217E-15
5020.43380618097  1.497791E-15
5021.51254701616  1.778609E-15
5022.59128785135  1.894425E-15
5023.67002868654  1.923435E-15
5024.74876952173  1.982007E-15
5025.82751035692  2.002665E-15
5026.90625119211  1.981376E-15
5027.9849920273  2.021494E-15
5029.06373286248  2.022920E-15
5030.14247369767  1.988293E-15
5031.22121453287  1.970066E-15
5032.29995536805  1.963539E-15
5033.37869620324  1.936899E-15
5034.45743703843  1.996597E-15
5035.53617787362  2.077347E-15
5036.61491870881  2.043168E-15
5037.693659544  1.983908E-15
5038.77240037919  2.027110E-15
5039.85114121438  2.078929E-15
5040.92988204957  2.078082E-15
5042.00862288476  2.143495E-15
5043.08736371995  2.195707E-15
5044.16610455514  2.167464E-15
5045.24484539033  2.141715E-15
5046.32358622552  2.101104E-15
5047.40232706071  2.010640E-15
5048.4810678959  2.003248E-15
5049.55980873109  2.149078E-15
5050.63854956628  2.280200E-15
5051.71729040147  2.303418E-15
5052.79603123666  2.278143E-15
5053.87477207185  2.280288E-15
5054.95351290704  2.194819E-15
5056.03225374223  2.101401E-15
5057.11099457742  2.071681E-15
5058.18973541261  2.123382E-15
5059.2684762478  2.128835E-15
5060.34721708299  2.168021E-15
5061.42595791818  2.220574E-15
5062.50469875337  2.213808E-15
5063.58343958856  2.156117E-15
5064.66218042375  2.174932E-15
5065.74092125894  2.237908E-15
5066.81966209413  2.183354E-15
5067.89840292932  2.176019E-15
5068.97714376451  2.204399E-15
5070.0558845997  2.235810E-15
5071.13462543489  2.223440E-15
5072.21336627008  2.208328E-15
5073.29210710527  2.200272E-15
5074.37084794046  2.188788E-15
5075.44958877565  2.199665E-15
5076.52832961084  2.258563E-15
5077.60707044603  2.286355E-15
5078.68581128122  2.431854E-15
5079.76455211641  2.533064E-15
5080.8432929516  2.428966E-15
5081.92203378679  2.364321E-15
5083.00077462198  2.412445E-15
5084.07951545717  2.437895E-15
5085.15825629236  2.388787E-15
5086.23699712754  2.295896E-15
5087.31573796274  2.214038E-15
5088.39447879793  2.226097E-15
5089.47321963311  2.291419E-15
5090.55196046831  2.368482E-15
5091.63070130349  2.371283E-15
5092.70944213868  2.263302E-15
5093.78818297387  2.262654E-15
5094.86692380906  2.281920E-15
5095.94566464425  2.324050E-15
5097.02440547944  2.279468E-15
5098.10314631463  2.312567E-15
5099.18188714982  2.363418E-15
5100.26062798501  2.352445E-15
5101.3393688202  2.418733E-15
5102.41810965539  2.450425E-15
5103.49685049058  2.387662E-15
5104.57559132577  2.374285E-15
5105.65433216096  2.449908E-15
5106.73307299615  2.521950E-15
5107.81181383134  2.509678E-15
5108.89055466653  2.438751E-15
5109.96929550172  2.434190E-15
5111.04803633691  2.526959E-15
5112.1267771721  2.551186E-15
5113.20551800729  2.427826E-15
5114.28425884248  2.349435E-15
5115.36299967767  2.365103E-15
5116.44174051286  2.302526E-15
5117.52048134805  2.299157E-15
5118.59922218324  2.385216E-15
5119.67796301843  2.315157E-15
5120.75670385362  2.297697E-15
5121.83544468881  2.442344E-15
5122.914185524  2.548890E-15
5123.99292635919  2.573179E-15
5125.07166719438  2.528478E-15
5126.15040802957  2.416007E-15
5127.22914886476  2.335222E-15
5128.30788969995  2.349778E-15
5129.38663053514  2.376240E-15
5130.46537137033  2.474608E-15
5131.54411220552  2.635097E-15
5132.62285304071  2.656028E-15
5133.7015938759  2.567480E-15
5134.78033471109  2.541260E-15
5135.85907554628  2.478547E-15
5136.93781638147  2.458291E-15
5138.01655721666  2.502544E-15
5139.09529805185  2.517223E-15
5140.17403888704  2.485319E-15
5141.25277972223  2.497456E-15
5142.33152055742  2.520212E-15
5143.41026139261  2.571754E-15
5144.4890022278  2.551030E-15
5145.56774306299  2.501484E-15
5146.64648389817  2.462513E-15
5147.72522473337  2.356316E-15
5148.80396556855  2.409279E-15
5149.88270640374  2.568551E-15
5150.96144723893  2.649252E-15
5152.04018807412  2.646304E-15
5153.11892890931  2.506123E-15
5154.1976697445  2.474930E-15
5155.27641057969  2.469746E-15
5156.35515141488  2.563423E-15
5157.43389225007  2.707434E-15
5158.51263308526  2.670950E-15
5159.59137392045  2.625221E-15
5160.67011475564  2.590523E-15
5161.74885559083  2.526600E-15
5162.82759642602  2.420678E-15
5163.90633726121  2.235543E-15
5164.9850780964  1.818959E-15
5166.06381893159  1.300188E-15
5167.14255976678  8.979540E-16
5168.22130060197  7.775991E-16
5169.30004143716  9.137085E-16
5170.37878227235  1.150686E-15
5171.45752310754  1.340267E-15
5172.53626394273  1.616054E-15
5173.61500477792  2.019550E-15
5174.69374561311  2.413651E-15
5175.7724864483  2.486724E-15
5176.85122728349  2.571292E-15
5177.92996811868  2.702029E-15
5179.00870895387  2.700208E-15
5180.08744978906  2.399844E-15
5181.16619062425  1.948549E-15
5182.24493145944  1.496353E-15
5183.32367229463  1.341835E-15
5184.40241312982  1.712690E-15
5185.48115396501  2.127580E-15
5186.5598948002  2.264976E-15
5187.63863563539  2.228810E-15
5188.71737647058  2.257804E-15
5189.79611730577  2.466918E-15
5190.87485814096  2.608703E-15
5191.95359897615  2.582632E-15
5193.03233981134  2.701528E-15
5194.11108064653  2.792408E-15
5195.18982148172  2.662302E-15
5196.26856231691  2.508517E-15
5197.3473031521  2.418363E-15
5198.42604398729  2.572956E-15
5199.50478482248  2.748968E-15
5200.58352565767  2.763608E-15
5201.66226649286  2.619236E-15
5202.74100732805  2.325544E-15
5203.81974816323  2.049215E-15
5204.89848899843  1.846887E-15
5205.97722983361  1.789030E-15
5207.05597066881  1.867247E-15
5208.13471150399  2.007239E-15
5209.21345233918  2.360197E-15
5210.29219317437  2.785427E-15
5211.37093400956  2.878293E-15
5212.44967484475  2.836819E-15
5213.52841567995  2.895027E-15
5214.60715651513  2.977213E-15
5215.68589735032  2.954488E-15
5216.76463818551  2.940192E-15
5217.8433790207  2.973329E-15
5218.92211985589  2.957208E-15
5220.00086069108  2.936210E-15
5221.07960152627  2.942216E-15
5222.15834236146  2.913729E-15
5223.23708319665  2.854249E-15
5224.31582403184  2.639880E-15
5225.39456486703  2.417802E-15
5226.47330570222  2.347949E-15
5227.55204653741  2.489338E-15
5228.6307873726  2.731503E-15
5229.70952820779  2.822097E-15
5230.78826904298  2.809609E-15
5231.86700987817  2.682912E-15
5232.94575071336  2.552934E-15
5234.02449154855  2.529916E-15
5235.10323238374  2.575427E-15
5236.18197321893  2.684118E-15
5237.26071405412  2.794877E-15
5238.33945488931  2.831564E-15
5239.4181957245  2.883635E-15
5240.49693655969  2.801330E-15
5241.57567739488  2.870586E-15
5242.65441823007  2.946465E-15
5243.73315906526  2.890796E-15
5244.81189990045  2.802479E-15
5245.89064073564  2.870205E-15
5246.96938157083  3.003681E-15
5248.04812240602  2.919528E-15
5249.12686324121  2.925675E-15
5250.2056040764  2.953573E-15
5251.28434491159  3.020096E-15
5252.36308574678  2.997196E-15
5253.44182658197  3.047370E-15
5254.52056741716  3.048399E-15
5255.59930825235  3.048800E-15
5256.67804908754  3.117255E-15
5257.75678992273  3.118838E-15
5258.83553075792  3.143656E-15
5259.91427159311  3.153273E-15
5260.9930124283  3.172715E-15
5262.07175326349  3.085297E-15
5263.15049409867  3.075673E-15
5264.22923493387  2.990079E-15
5265.30797576906  2.885619E-15
5266.38671660425  2.829051E-15
5267.46545743943  2.708187E-15
5268.54419827462  2.504632E-15
5269.62293910981  2.649666E-15
5270.70167994501  2.937921E-15
5271.78042078019  3.107814E-15
5272.85916161538  3.001589E-15
5273.93790245057  2.770085E-15
5275.01664328576  2.603749E-15
5276.09538412095  2.631325E-15
5277.17412495614  2.717260E-15
5278.25286579133  2.856975E-15
5279.33160662652  2.959330E-15
5280.41034746171  3.008510E-15
5281.4890882969  3.110277E-15
5282.56782913209  3.207836E-15
5283.64656996728  3.253028E-15
5284.72531080247  3.369870E-15
5285.80405163766  3.389740E-15
5286.88279247285  3.248822E-15
5287.96153330804  3.119868E-15
5289.04027414323  3.122714E-15
5290.11901497842  3.213874E-15
5291.19775581361  3.220787E-15
5292.2764966488  3.147229E-15
5293.35523748399  3.077340E-15
5294.43397831918  3.097756E-15
5295.51271915437  3.105247E-15
5296.59145998956  3.101978E-15
5297.67020082475  3.175667E-15
5298.74894165994  3.185265E-15
5299.82768249513  3.202805E-15
5300.90642333032  3.258054E-15
5301.98516416551  3.259929E-15
5303.0639050007  3.233127E-15
5304.14264583589  3.178131E-15
5305.22138667108  3.180833E-15
5306.30012750627  3.220567E-15
5307.37886834146  3.302237E-15
5308.45760917665  3.382533E-15
5309.53635001184  3.353738E-15
5310.61509084703  3.348895E-15
5311.69383168222  3.294343E-15
5312.77257251741  3.227515E-15
5313.8513133526  2.882288E-15
5314.93005418779  2.447837E-15
5316.00879502298  2.394686E-15
5317.08753585817  2.595306E-15
5318.16627669336  2.870525E-15
5319.24501752855  3.165419E-15
5320.32375836374  3.442071E-15
5321.40249919893  3.354987E-15
5322.48124003412  3.338857E-15
5323.55998086931  3.413090E-15
5324.63872170449  3.353469E-15
5325.71746253969  3.192571E-15
5326.79620337487  3.101301E-15
5327.87494421007  3.109848E-15
5328.95368504525  3.250500E-15
5330.03242588045  3.396858E-15
5331.11116671563  3.493477E-15
5332.18990755082  3.575539E-15
5333.26864838601  3.604417E-15
5334.3473892212  3.486341E-15
5335.42613005639  3.322674E-15
5336.50487089158  3.291812E-15
5337.58361172677  3.331103E-15
5338.66235256196  3.526403E-15
5339.74109339715  3.629741E-15
5340.81983423234  3.714474E-15
5341.89857506753  3.700385E-15
5342.97731590272  3.591741E-15
5344.05605673791  3.445152E-15
5345.1347975731  3.374386E-15
5346.21353840829  3.412548E-15
5347.29227924348  3.463087E-15
5348.37102007867  3.443317E-15
5349.44976091386  3.415744E-15
5350.52850174905  3.483912E-15
5351.60724258424  3.519516E-15
5352.68598341943  3.447058E-15
5353.76472425462  3.345102E-15
5354.84346508981  3.385276E-15
5355.922205925  3.545194E-15
5357.00094676019  3.622442E-15
5358.07968759538  3.530411E-15
5359.15842843057  3.428431E-15
5360.23716926576  3.407899E-15
5361.31591010095  3.356261E-15
5362.39465093614  3.398637E-15
5363.47339177133  3.492503E-15
5364.55213260652  3.628080E-15
5365.63087344171  3.617890E-15
5366.7096142769  3.541077E-15
5367.78835511209  3.514114E-15
5368.86709594728  3.350420E-15
5369.94583678247  3.258525E-15
5371.02457761766  3.367144E-15
5372.10331845285  3.478602E-15
5373.18205928804  3.541024E-15
5374.26080012323  3.601890E-15
5375.33954095842  3.615218E-15
5376.41828179361  3.538499E-15
5377.4970226288  3.552021E-15
5378.57576346399  3.554770E-15
5379.65450429918  3.514318E-15
5380.73324513437  3.558145E-15
5381.81198596956  3.574713E-15
5382.89072680475  3.597606E-15
5383.96946763994  3.621670E-15
5385.04820847513  3.676386E-15
5386.12694931032  3.658789E-15
5387.20569014551  3.592960E-15
5388.2844309807  3.639106E-15
5389.36317181589  3.664883E-15
5390.44191265108  3.658470E-15
5391.52065348627  3.704913E-15
5392.59939432145  3.721709E-15
5393.67813515664  3.811543E-15
5394.75687599184  3.980579E-15
5395.83561682702  3.950467E-15
5396.91435766221  4.025762E-15
5397.9930984974  3.951638E-15
5399.0718393326  3.813536E-15
5400.15058016778  3.676349E-15
5401.22932100297  3.556465E-15
5402.30806183816  3.537791E-15
5403.38680267335  3.509449E-15
5404.46554350854  3.500949E-15
5405.54428434373  3.580168E-15
5406.62302517892  3.680621E-15
5407.70176601411  3.682096E-15
5408.7805068493  3.726333E-15
5409.85924768449  3.749328E-15
5410.93798851968  3.693297E-15
5412.01672935487  3.670594E-15
5413.09547019006  3.766205E-15
5414.17421102525  3.752322E-15
5415.25295186044  3.672132E-15
5416.33169269563  3.592371E-15
5417.41043353082  3.663861E-15
5418.48917436601  3.763203E-15
5419.5679152012  3.715427E-15
5420.64665603639  3.869802E-15
5421.72539687158  3.871784E-15
5422.80413770677  3.757132E-15
5423.88287854196  3.826209E-15
5424.96161937715  4.026566E-15
5426.04036021234  4.006304E-15
5427.11910104753  3.853653E-15
5428.19784188272  3.743903E-15
5429.27658271791  3.899712E-15
5430.3553235531  4.125442E-15
5431.43406438829  4.069857E-15
5432.51280522348  4.045304E-15
5433.59154605867  4.122993E-15
5434.67028689386  4.067087E-15
5435.74902772905  3.937284E-15
5436.82776856424  3.896930E-15
5437.90650939943  3.868516E-15
5438.98525023462  3.969565E-15
5440.06399106981  3.945081E-15
5441.142731905  3.833134E-15
5442.22147274019  3.806178E-15
5443.30021357538  3.884821E-15
5444.37895441057  3.667975E-15
5445.45769524576  3.467496E-15
5446.53643608095  3.707667E-15
5447.61517691614  3.983350E-15
5448.69391775133  4.039753E-15
5449.77265858651  4.002725E-15
5450.85139942171  4.019947E-15
5451.9301402569  4.027190E-15
5453.00888109208  4.043269E-15
5454.08762192727  4.058282E-15
5455.16636276246  4.109411E-15
5456.24510359766  4.192545E-15
5457.32384443284  4.181920E-15
5458.40258526803  4.186066E-15
5459.48132610322  4.083731E-15
5460.56006693841  4.041326E-15
5461.6388077736  4.097893E-15
5462.71754860879  4.064080E-15
5463.79628944398  4.133888E-15
5464.87503027917  4.077942E-15
5465.95377111436  4.092429E-15
5467.03251194955  4.257374E-15
5468.11125278474  4.335680E-15
5469.18999361993  4.253957E-15
5470.26873445512  4.322656E-15
5471.34747529031  4.343658E-15
5472.4262161255  4.265366E-15
5473.50495696069  4.199062E-15
5474.58369779588  4.294012E-15
5475.66243863107  4.338535E-15
5476.74117946626  4.352729E-15
5477.81992030145  4.324355E-15
5478.89866113664  4.205941E-15
5479.97740197183  4.241344E-15
5481.05614280702  4.303823E-15
5482.13488364221  4.415054E-15
5483.2136244774  4.332316E-15
5484.29236531259  4.230300E-15
5485.37110614778  4.152388E-15
5486.44984698297  4.120219E-15
5487.52858781816  4.196525E-15
5488.60732865335  4.238195E-15
5489.68606948854  4.342368E-15
5490.76481032373  4.413576E-15
5491.84355115892  4.432739E-15
5492.92229199411  4.313445E-15
5494.0010328293  4.269583E-15
5495.07977366449  4.301964E-15
5496.15851449968  4.421943E-15
5497.23725533487  4.549722E-15
5498.31599617006  4.667176E-15
5499.39473700525  4.693770E-15
5500.47347784044  4.774939E-15
5501.55221867563  4.784017E-15
5502.63095951082  4.773975E-15
5503.70970034601  4.522386E-15
5504.7884411812  4.437417E-15
5505.86718201639  4.596920E-15
5506.94592285158  4.670422E-15
5508.02466368677  4.634810E-15
5509.10340452196  4.551881E-15
5510.18214535714  4.522383E-15
5511.26088619233  4.572945E-15
5512.33962702753  4.536751E-15
5513.41836786272  4.502962E-15
5514.4971086979  4.638467E-15
5515.57584953309  4.708802E-15
5516.65459036828  4.618311E-15
5517.73333120347  4.487165E-15
5518.81207203866  4.499758E-15
5519.89081287385  4.657522E-15
5520.96955370904  4.673305E-15
5522.04829454423  4.532630E-15
5523.12703537942  4.462646E-15
5524.20577621461  4.445017E-15
5525.2845170498  4.499046E-15
5526.36325788499  4.462782E-15
5527.44199872018  4.358405E-15
5528.52073955537  4.367125E-15
5529.59948039056  4.346437E-15
5530.67822122575  4.370648E-15
5531.75696206094  4.437565E-15
5532.83570289613  4.397141E-15
5533.91444373132  4.502047E-15
5534.99318456651  4.746669E-15
5536.0719254017  4.680726E-15
5537.15066623689  4.557561E-15
5538.22940707208  4.522026E-15
5539.30814790727  4.626264E-15
5540.38688874246  4.595927E-15
5541.46562957765  4.486102E-15
5542.54437041284  4.514371E-15
5543.62311124803  4.504027E-15
5544.70185208322  4.477287E-15
5545.78059291841  4.505555E-15
5546.8593337536  4.622662E-15
5547.93807458879  4.702252E-15
5549.01681542398  4.666448E-15
5550.09555625917  4.722254E-15
5551.17429709436  4.611276E-15
5552.25303792955  4.688007E-15
5553.33177876474  4.732387E-15
5554.41051959993  4.597526E-15
5555.48926043512  4.621161E-15
5556.56800127031  4.658268E-15
5557.6467421055  4.720733E-15
5558.72548294069  4.805021E-15
5559.80422377588  4.808220E-15
5560.88296461107  4.840383E-15
5561.96170544626  4.740509E-15
5563.04044628145  4.610070E-15
5564.11918711664  4.607828E-15
5565.19792795183  4.693720E-15
5566.27666878702  4.689874E-15
5567.3554096222  4.807269E-15
5568.43415045739  4.773037E-15
5569.51289129259  4.722495E-15
5570.59163212778  4.775314E-15
5571.67037296296  4.689359E-15
5572.74911379816  4.648228E-15
5573.82785463334  4.709755E-15
5574.90659546853  4.771706E-15
5575.98533630372  4.829834E-15
5577.06407713891  4.966371E-15
5578.1428179741  4.961894E-15
5579.22155880929  4.809725E-15
5580.30029964448  4.704488E-15
5581.37904047967  4.722048E-15
5582.45778131486  4.726629E-15
5583.53652215005  4.742724E-15
5584.61526298524  4.806559E-15
5585.69400382043  4.991497E-15
5586.77274465562  4.978482E-15
5587.85148549081  4.843947E-15
5588.930226326  4.726889E-15
5590.00896716119  4.739707E-15
5591.08770799638  4.769066E-15
5592.16644883157  4.815161E-15
5593.24518966676  4.888502E-15
5594.32393050195  4.791702E-15
5595.40267133714  4.720630E-15
5596.48141217233  4.765005E-15
5597.56015300752  4.839596E-15
5598.63889384271  4.941306E-15
5599.7176346779  4.935237E-15
5600.79637551309  4.812803E-15
5601.87511634828  4.764211E-15
5602.95385718347  4.895184E-15
5604.03259801866  5.000556E-15
5605.11133885385  5.029132E-15
5606.19007968904  5.068850E-15
5607.26882052423  5.075387E-15
5608.34756135942  4.970612E-15
5609.42630219461  4.895407E-15
5610.5050430298  5.029954E-15
5611.58378386499  5.143198E-15
5612.66252470018  5.169309E-15
5613.74126553537  5.035963E-15
5614.82000637056  4.910535E-15
5615.89874720575  4.991713E-15
5616.97748804094  5.092243E-15
5618.05622887613  5.024346E-15
5619.13496971132  4.965020E-15
5620.21371054651  4.916635E-15
5621.2924513817  4.881187E-15
5622.37119221689  4.973741E-15
5623.44993305208  5.087646E-15
5624.52867388727  5.083702E-15
5625.60741472246  4.997100E-15
5626.68615555765  5.103421E-15
5627.76489639284  5.174567E-15
5628.84363722803  5.197564E-15
5629.92237806322  5.150446E-15
5631.00111889841  5.074277E-15
5632.07985973359  5.092383E-15
5633.15860056878  5.124170E-15
5634.23734140397  5.117001E-15
5635.31608223916  5.083822E-15
5636.39482307435  5.189346E-15
5637.47356390954  5.104431E-15
5638.55230474473  5.116842E-15
5639.63104557992  5.057051E-15
5640.70978641511  5.058913E-15
5641.7885272503  5.185058E-15
5642.86726808549  5.161538E-15
5643.94600892068  5.155871E-15
5645.02474975587  5.161209E-15
5646.10349059106  5.003687E-15
5647.18223142625  5.106985E-15
5648.26097226144  5.141036E-15
5649.33971309663  5.088249E-15
5650.41845393182  5.158415E-15
5651.49719476701  5.189393E-15
5652.5759356022  5.201869E-15
5653.65467643739  5.143978E-15
5654.73341727258  5.079099E-15
5655.81215810777  5.082459E-15
5656.89089894296  5.112623E-15
5657.96963977815  5.124272E-15
5659.04838061334  5.237242E-15
5660.12712144853  5.289499E-15
5661.20586228372  5.184145E-15
5662.28460311891  5.204851E-15
5663.3633439541  5.148836E-15
5664.44208478929  5.133268E-15
5665.52082562448  5.139851E-15
5666.59956645967  5.242210E-15
5667.67830729486  5.286110E-15
5668.75704813005  5.255302E-15
5669.83578896524  5.334221E-15
5670.91452980043  5.376753E-15
5671.99327063562  5.434331E-15
5673.07201147081  5.290162E-15
5674.150752306  5.214802E-15
5675.22949314119  5.409614E-15
5676.30823397638  5.415959E-15
5677.38697481157  5.307622E-15
5678.46571564676  5.233350E-15
5679.54445648195  5.235739E-15
5680.62319731714  5.388676E-15
5681.70193815233  5.375329E-15
5682.78067898752  5.198632E-15
5683.85941982271  5.259969E-15
5684.9381606579  5.381092E-15
5686.01690149309  5.403293E-15
5687.09564232828  5.366467E-15
5688.17438316347  5.233872E-15
5689.25312399866  5.243305E-15
5690.33186483385  5.304598E-15
5691.41060566903  5.383261E-15
5692.48934650422  5.421659E-15
5693.56808733941  5.270521E-15
5694.6468281746  5.362221E-15
5695.72556900979  5.421369E-15
5696.80430984498  5.441581E-15
5697.88305068017  5.481512E-15
5698.96179151536  5.539399E-15
5700.04053235055  5.621977E-15
5701.11927318574  5.645996E-15
5702.19801402093  5.686617E-15
5703.27675485612  5.635422E-15
5704.35549569131  5.546328E-15
5705.4342365265  5.380576E-15
5706.51297736169  5.381617E-15
5707.59171819688  5.609128E-15
5708.67045903207  5.891220E-15
5709.74919986726  5.891223E-15
5710.82794070245  5.817757E-15
5711.90668153764  5.686236E-15
5712.98542237283  5.719281E-15
5714.06416320802  5.650581E-15
5715.14290404321  5.643271E-15
5716.2216448784  5.635393E-15
5717.30038571359  5.584390E-15
5718.37912654878  5.650362E-15
5719.45786738397  5.619530E-15
5720.53660821916  5.650154E-15
5721.61534905435  5.798710E-15
5722.69408988954  5.694495E-15
5723.77283072473  5.684903E-15
5724.85157155992  5.629385E-15
5725.93031239511  5.599558E-15
5727.0090532303  5.715772E-15
5728.08779406549  5.852542E-15
5729.16653490068  5.886395E-15
5730.24527573587  5.861679E-15
5731.32401657106  5.838348E-15
5732.40275740625  5.741744E-15
5733.48149824144  5.617408E-15
5734.56023907663  5.668405E-15
5735.63897991182  5.819708E-15
5736.71772074701  5.878227E-15
5737.7964615822  5.882153E-15
5738.87520241739  5.844997E-15
5739.95394325258  5.856218E-15
5741.03268408777  5.810616E-15
5742.11142492296  5.811206E-15
5743.19016575815  5.768200E-15
5744.26890659334  5.723584E-15
5745.34764742853  5.807217E-15
5746.42638826372  5.789164E-15
5747.50512909891  5.735524E-15
5748.58386993409  5.863703E-15
5749.66261076929  5.858362E-15
5750.74135160447  5.711076E-15
5751.82009243966  5.696953E-15
5752.89883327485  5.779366E-15
5753.97757411004  5.963787E-15
5755.05631494523  5.972916E-15
5756.13505578042  5.953919E-15
5757.21379661561  6.055060E-15
5758.29253745081  5.944461E-15
5759.37127828599  5.972888E-15
5760.45001912118  6.167415E-15
5761.52875995637  6.212707E-15
5762.60750079156  6.284350E-15
5763.68624162675  6.395976E-15
5764.76498246194  6.398572E-15
5765.84372329713  6.260534E-15
5766.92246413232  6.133873E-15
5768.00120496751  6.152247E-15
5769.0799458027  6.192811E-15
5770.15868663789  6.252294E-15
5771.23742747308  6.245933E-15
5772.31616830827  6.133783E-15
5773.39490914346  6.117972E-15
5774.47364997865  6.270638E-15
5775.55239081384  6.389442E-15
5776.63113164903  6.275808E-15
5777.70987248422  6.062160E-15
5778.78861331941  5.800876E-15
5779.8673541546  5.677502E-15
5780.94609498979  5.749169E-15
5782.02483582498  5.847409E-15
5783.10357666017  6.044505E-15
5784.18231749536  6.026052E-15
5785.26105833055  6.016445E-15
5786.33979916574  6.229179E-15
5787.41854000093  6.297946E-15
5788.49728083612  6.295888E-15
5789.57602167131  6.251328E-15
5790.6547625065  6.402199E-15
5791.73350334169  6.386262E-15
5792.81224417688  6.128995E-15
5793.89098501207  6.126431E-15
5794.96972584726  6.175580E-15
5796.04846668245  6.061958E-15
5797.12720751764  5.928856E-15
5798.20594835283  6.003706E-15
5799.28468918802  5.998156E-15
5800.36343002321  6.300049E-15
5801.4421708584  6.225854E-15
5802.52091169359  6.192330E-15
5803.59965252878  6.450865E-15
5804.67839336397  6.455935E-15
5805.75713419916  6.173796E-15
5806.83587503435  6.190713E-15
5807.91461586953  6.342561E-15
5808.99335670473  6.348733E-15
5810.07209753991  6.415926E-15
5811.1508383751  6.545833E-15
5812.22957921029  6.812642E-15
5813.30832004548  6.886590E-15
5814.38706088068  6.650711E-15
5815.46580171587  6.682173E-15
5816.54454255105  6.775865E-15
5817.62328338624  6.622580E-15
5818.70202422143  6.734164E-15
5819.78076505662  6.819341E-15
5820.85950589181  6.607341E-15
5821.938246727  6.642151E-15
5823.01698756219  6.717545E-15
5824.09572839738  6.679077E-15
5825.17446923257  6.823244E-15
5826.25321006776  6.742542E-15
5827.33195090295  6.718320E-15
5828.41069173814  6.754333E-15
5829.48943257333  6.766806E-15
5830.56817340852  6.875842E-15
5831.64691424371  6.843722E-15
5832.7256550789  6.717000E-15
5833.80439591409  6.703639E-15
5834.88313674928  6.714349E-15
5835.96187758447  6.681742E-15
5837.04061841966  6.683070E-15
5838.11935925485  6.733957E-15
5839.19810009004  6.750634E-15
5840.27684092523  6.701690E-15
5841.35558176042  6.729533E-15
5842.43432259561  6.711904E-15
5843.5130634308  6.690654E-15
5844.59180426599  6.725604E-15
5845.67054510118  6.705805E-15
5846.74928593637  6.650886E-15
5847.82802677156  6.611255E-15
5848.90676760675  6.682212E-15
5849.98550844194  6.620983E-15
5851.06424927713  6.578332E-15
5852.14299011232  6.517258E-15
5853.22173094751  6.439207E-15
5854.3004717827  6.374981E-15
5855.37921261789  6.480090E-15
5856.45795345308  6.423445E-15
5857.53669428827  6.450595E-15
5858.61543512346  6.588601E-15
5859.69417595865  6.713669E-15
5860.77291679384  6.786938E-15
5861.85165762903  6.703611E-15
5862.93039846422  6.844185E-15
5864.00913929941  6.993569E-15
5865.08788013459  6.863163E-15
5866.16662096979  6.882562E-15
5867.24536180497  7.136027E-15
5868.32410264017  7.093114E-15
5869.40284347535  7.067885E-15
5870.48158431055  6.982854E-15
5871.56032514574  6.901147E-15
5872.63906598093  6.709814E-15
5873.71780681611  6.526371E-15
5874.7965476513  6.260955E-15
5875.87528848649  6.087803E-15
5876.95402932168  6.006533E-15
5878.03277015687  6.199324E-15
5879.11151099206  6.522169E-15
5880.19025182725  6.764399E-15
5881.26899266244  6.705704E-15
5882.34773349763  6.787603E-15
5883.42647433282  6.967052E-15
5884.50521516801  6.765178E-15
5885.5839560032  5.637024E-15
5886.66269683839  3.654214E-15
5887.74143767358  1.839131E-15
5888.82017850877  1.133541E-15
5889.89891934396  1.714395E-15
5890.97766017915  2.756884E-15
5892.05640101434  2.990243E-15
5893.13514184953  2.031701E-15
5894.21388268472  1.161715E-15
5895.29262351991  1.336037E-15
5896.3713643551  2.583338E-15
5897.45010519029  4.201526E-15
5898.52884602548  5.526740E-15
5899.60758686067  5.967614E-15
5900.68632769586  6.315320E-15
5901.76506853105  6.675528E-15
5902.84380936624  6.804168E-15
5903.92255020143  6.828374E-15
5905.00129103662  6.833221E-15
5906.08003187181  6.866977E-15
5907.158772707  7.006539E-15
5908.23751354219  7.004521E-15
5909.31625437738  7.047269E-15
5910.39499521257  6.966122E-15
5911.47373604776  7.020492E-15
5912.55247688295  7.067703E-15
5913.63121771814  7.080157E-15
5914.70995855333  7.126971E-15
5915.78869938852  6.935343E-15
5916.86744022371  7.021676E-15
5917.9461810589  7.125599E-15
5919.02492189409  6.977796E-15
5920.10366272928  7.004117E-15
5921.18240356447  7.295934E-15
5922.26114439966  7.453047E-15
5923.33988523485  7.206058E-15
5924.41862607003  7.056380E-15
5925.49736690523  7.167326E-15
5926.57610774041  7.177074E-15
5927.65484857561  7.127202E-15
5928.7335894108  7.146201E-15
5929.81233024599  7.191017E-15
5930.89107108117  7.288183E-15
5931.96981191637  7.173949E-15
5933.04855275155  7.194935E-15
5934.12729358674  7.378053E-15
5935.20603442193  7.426867E-15
5936.28477525712  7.459362E-15
5937.36351609231  7.445403E-15
5938.4422569275  7.438410E-15
5939.52099776269  7.310925E-15
5940.59973859788  7.183573E-15
5941.67847943307  7.121556E-15
5942.75722026826  7.214880E-15
5943.83596110345  7.180118E-15
5944.91470193864  7.268459E-15
5945.99344277383  7.175950E-15
5947.07218360902  7.312224E-15
5948.15092444421  7.432986E-15
5949.2296652794  7.353183E-15
5950.30840611459  7.472742E-15
5951.38714694978  7.345990E-15
5952.46588778497  7.304350E-15
5953.54462862016  7.487444E-15
5954.62336945535  7.574487E-15
5955.70211029054  7.664922E-15
5956.78085112573  7.685654E-15
5957.85959196092  7.502131E-15
5958.93833279611  7.625587E-15
5960.0170736313  7.541030E-15
5961.09581446649  7.557662E-15
5962.17455530168  7.765507E-15
5963.25329613687  7.580471E-15
5964.33203697206  7.603112E-15
5965.41077780725  7.597968E-15
5966.48951864244  7.602379E-15
5967.56825947763  7.567759E-15
5968.64700031282  7.457819E-15
5969.72574114801  7.632543E-15
5970.8044819832  7.689878E-15
5971.88322281839  7.693464E-15
5972.96196365358  7.803665E-15
5974.04070448877  7.543128E-15
5975.11944532396  7.579874E-15
5976.19818615915  7.620654E-15
5977.27692699434  7.658608E-15
5978.35566782953  7.767932E-15
5979.43440866472  7.839124E-15
5980.51314949991  7.744662E-15
5981.5918903351  7.898954E-15
5982.67063117029  7.651260E-15
5983.74937200548  7.460537E-15
5984.82811284067  7.618690E-15
5985.90685367586  7.597188E-15
5986.98559451105  7.699177E-15
5988.06433534624  7.780206E-15
5989.14307618143  7.939871E-15
5990.22181701662  8.174742E-15
5991.30055785181  8.409479E-15
5992.37929868699  8.351500E-15
5993.45803952219  8.127912E-15
5994.53678035738  7.942665E-15
5995.61552119256  7.906198E-15
5996.69426202775  7.914805E-15
5997.77300286294  7.879931E-15
5998.85174369814  7.869799E-15
5999.93048453332  7.963455E-15
6001.00922536852  8.068388E-15
6002.0879662037  8.104859E-15
6003.16670703889  8.035260E-15
6004.24544787408  8.116851E-15
6005.32418870927  7.969440E-15
6006.40292954446  7.889875E-15
6007.48167037965  8.031161E-15
6008.56041121484  8.056739E-15
6009.63915205003  8.113011E-15
6010.71789288522  8.057411E-15
6011.79663372041  7.973233E-15
6012.8753745556  8.034942E-15
6013.95411539079  8.039906E-15
6015.03285622598  8.320269E-15
6016.11159706117  8.354222E-15
6017.19033789636  8.127278E-15
6018.26907873155  8.179212E-15
6019.34781956674  8.112237E-15
6020.42656040193  8.181218E-15
6021.50530123712  8.281492E-15
6022.58404207231  8.287538E-15
6023.6627829075  8.322901E-15
6024.74152374269  8.344216E-15
6025.82026457788  8.322177E-15
6026.89900541307  8.274857E-15
6027.97774624826  8.166078E-15
6029.05648708345  8.189500E-15
6030.13522791864  8.244948E-15
6031.21396875383  8.192636E-15
6032.29270958902  8.046409E-15
6033.37145042421  8.180926E-15
6034.4501912594  8.327571E-15
6035.52893209459  8.208356E-15
6036.60767292978  8.189427E-15
6037.68641376497  8.256051E-15
6038.76515460016  8.358070E-15
6039.84389543535  8.316798E-15
6040.92263627054  8.292266E-15
6042.00137710573  8.383966E-15
6043.08011794092  8.552275E-15
6044.15885877611  8.365589E-15
6045.2375996113  8.281163E-15
6046.31634044649  8.349817E-15
6047.39508128168  8.502176E-15
6048.47382211687  8.586361E-15
6049.55256295206  8.339149E-15
6050.63130378725  8.105019E-15
6051.71004462244  8.336504E-15
6052.78878545763  8.386707E-15
6053.86752629281  8.436992E-15
6054.946267128  8.436308E-15
6056.0250079632  8.397452E-15
6057.10374879838  8.411888E-15
6058.18248963358  8.514308E-15
6059.26123046876  8.552614E-15
6060.33997130395  8.621744E-15
6061.41871213914  8.669735E-15
6062.49745297433  8.686498E-15
6063.57619380952  8.703281E-15
6064.65493464471  8.920001E-15
6065.7336754799  9.051309E-15
6066.81241631509  8.969014E-15
6067.89115715028  8.684645E-15
6068.96989798547  8.762007E-15
6070.04863882066  8.513681E-15
6071.12737965585  8.403985E-15
6072.20612049104  8.560313E-15
6073.28486132623  8.767403E-15
6074.36360216142  8.755746E-15
6075.44234299661  8.670630E-15
6076.5210838318  8.711182E-15
6077.59982466699  8.751648E-15
6078.67856550218  8.761661E-15
6079.75730633737  8.641673E-15
6080.83604717256  8.778515E-15
6081.91478800775  8.839006E-15
6082.99352884294  9.088580E-15
6084.07226967813  9.148583E-15
6085.15101051332  8.983264E-15
6086.22975134851  8.904179E-15
6087.3084921837  8.872175E-15
6088.38723301889  8.939229E-15
6089.46597385408  8.984276E-15
6090.54471468927  9.002264E-15
6091.62345552446  8.987202E-15
6092.70219635965  9.017320E-15
6093.78093719484  8.814047E-15
6094.85967803003  8.859618E-15
6095.93841886522  8.954510E-15
6097.01715970041  8.854033E-15
6098.0959005356  8.750575E-15
6099.17464137079  8.731513E-15
6100.25338220598  8.746473E-15
6101.33212304117  8.877793E-15
6102.41086387636  9.095066E-15
6103.48960471155  9.078995E-15
6104.56834554674  9.048526E-15
6105.64708638193  9.204483E-15
6106.72582721712  9.314612E-15
6107.80456805231  9.607832E-15
6108.8833088875  9.540651E-15
6109.96204972269  9.171934E-15
6111.04079055787  9.156951E-15
6112.11953139306  9.032134E-15
6113.19827222826  9.172913E-15
6114.27701306345  9.212628E-15
6115.35575389864  9.099488E-15
6116.43449473382  9.196581E-15
6117.51323556902  9.339645E-15
6118.5919764042  9.606221E-15
6119.67071723939  9.428192E-15
6120.74945807458  9.149915E-15
6121.82819890977  9.129908E-15
6122.90693974496  9.232713E-15
6123.98568058015  9.421082E-15
6125.06442141534  9.564810E-15
6126.14316225053  9.487855E-15
6127.22190308572  9.272144E-15
6128.30064392091  9.186119E-15
6129.3793847561  9.210659E-15
6130.45812559129  9.414312E-15
6131.53686642648  9.498265E-15
6132.61560726167  9.498944E-15
6133.69434809686  9.350204E-15
6134.77308893205  9.559792E-15
6135.85182976724  1.050930E-14
6136.93057060243  1.123272E-14
6138.00931143762  1.103954E-14
6139.08805227281  1.028411E-14
6140.166793108  9.571825E-15
6141.24553394319  9.217721E-15
6142.32427477838  9.381074E-15
6143.40301561357  9.385470E-15
6144.48175644876  9.187703E-15
6145.56049728395  9.128599E-15
6146.63923811914  9.279403E-15
6147.71797895433  9.404736E-15
6148.79671978952  9.524858E-15
6149.87546062471  9.841749E-15
6150.9542014599  9.885588E-15
6152.03294229509  9.693548E-15
6153.11168313028  9.449875E-15
6154.19042396547  9.462498E-15
6155.26916480066  9.596040E-15
6156.34790563585  9.500011E-15
6157.42664647104  9.710203E-15
6158.50538730623  9.873899E-15
6159.58412814142  1.000627E-14
6160.66286897661  9.896053E-15
6161.7416098118  9.738527E-15
6162.82035064699  9.607344E-15
6163.89909148218  9.837569E-15
6164.97783231737  1.013894E-14
6166.05657315256  9.973629E-15
6167.13531398775  9.837401E-15
6168.21405482294  9.934798E-15
6169.29279565813  9.929910E-15
6170.37153649332  9.930159E-15
6171.45027732851  9.982074E-15
6172.5290181637  1.003407E-14
6173.60775899889  9.980464E-15
6174.68649983408  9.894336E-15
6175.76524066927  9.752749E-15
6176.84398150446  9.604848E-15
6177.92272233965  9.760319E-15
6179.00146317483  9.738373E-15
6180.08020401003  9.814649E-15
6181.15894484521  9.875622E-15
6182.2376856804  9.893042E-15
6183.31642651559  1.004624E-14
6184.39516735078  9.839250E-15
6185.47390818597  9.839162E-15
6186.55264902116  9.919313E-15
6187.63138985635  9.954050E-15
6188.71013069154  1.036167E-14
6189.78887152673  1.062435E-14
6190.86761236192  1.116675E-14
6191.94635319711  1.139597E-14
6193.0250940323  1.074894E-14
6194.10383486749  1.011408E-14
6195.18257570268  1.000701E-14
6196.26131653787  1.010002E-14
6197.34005737306  1.013536E-14
6198.41879820825  1.053600E-14
6199.49753904344  1.058286E-14
6200.57627987863  1.055214E-14
6201.65502071382  1.032294E-14
6202.73376154901  1.017677E-14
6203.8125023842  1.002590E-14
6204.89124321939  9.967457E-15
6205.96998405458  1.026088E-14
6207.04872488977  1.023480E-14
6208.12746572496  1.042741E-14
6209.20620656015  1.048162E-14
6210.28494739534  1.045964E-14
6211.36368823053  1.030020E-14
6212.44242906572  1.068956E-14
6213.52116990091  1.105351E-14
6214.5999107361  1.104443E-14
6215.67865157129  1.108539E-14
6216.75739240648  1.096136E-14
6217.83613324167  1.088984E-14
6218.91487407686  1.092578E-14
6219.99361491205  1.107465E-14
6221.07235574724  1.073062E-14
6222.15109658243  1.046257E-14
6223.22983741762  1.080830E-14
6224.30857825281  1.097316E-14
6225.387319088  1.070557E-14
6226.46605992319  1.040965E-14
6227.54480075838  1.072399E-14
6228.62354159357  1.090145E-14
6229.70228242876  1.112537E-14
6230.78102326395  1.133089E-14
6231.85976409914  1.118989E-14
6232.93850493433  1.086898E-14
6234.01724576952  1.082198E-14
6235.09598660471  1.073354E-14
6236.1747274399  1.035857E-14
6237.25346827509  1.033012E-14
6238.33220911027  1.077131E-14
6239.41094994546  1.109144E-14
6240.48969078065  1.129015E-14
6241.56843161585  1.111463E-14
6242.64717245103  1.099304E-14
6243.72591328622  1.066732E-14
6244.80465412141  1.052814E-14
6245.8833949566  1.053308E-14
6246.96213579179  1.059934E-14
6248.04087662698  1.083646E-14
6249.11961746217  1.098173E-14
6250.19835829736  1.128882E-14
6251.27709913255  1.153175E-14
6252.35583996774  1.192349E-14
6253.43458080293  1.220511E-14
6254.51332163812  1.178408E-14
6255.59206247331  1.139168E-14
6256.6708033085  1.128093E-14
6257.74954414369  1.135183E-14
6258.82828497888  1.164154E-14
6259.90702581407  1.131673E-14
6260.98576664926  1.097799E-14
6262.06450748445  1.100129E-14
6263.14324831964  1.106848E-14
6264.22198915483  1.135754E-14
6265.30072999002  1.147239E-14
6266.37947082521  1.128851E-14
6267.4582116604  1.135786E-14
6268.53695249559  1.139992E-14
6269.61569333078  1.103589E-14
6270.69443416597  1.110052E-14
6271.77317500116  1.123223E-14
6272.85191583635  1.085680E-14
6273.93065667154  1.085660E-14
6275.00939750673  1.116868E-14
6276.08813834192  1.087461E-14
6277.16687917711  1.014885E-14
6278.2456200123  9.936410E-15
6279.32436084749  1.041865E-14
6280.40310168268  1.089667E-14
6281.48184251787  1.072782E-14
6282.56058335306  1.005360E-14
6283.63932418825  9.942152E-15
6284.71806502344  1.016737E-14
6285.79680585863  1.019540E-14
6286.87554669382  1.037916E-14
6287.95428752901  1.052097E-14
6289.0330283642  1.051041E-14
6290.11176919939  1.070128E-14
6291.19051003458  1.086335E-14
6292.26925086977  1.098594E-14
6293.34799170496  1.107412E-14
6294.42673254015  1.104975E-14
6295.50547337534  1.135460E-14
6296.58421421052  1.224282E-14
6297.66295504571  1.313509E-14
6298.74169588091  1.343664E-14
6299.82043671609  1.331722E-14
6300.89917755129  1.292323E-14
6301.97791838647  1.204290E-14
6303.05665922166  1.153077E-14
6304.13540005685  1.130800E-14
6305.21414089204  1.107904E-14
6306.29288172723  1.110949E-14
6307.37162256242  1.128428E-14
6308.45036339761  1.105601E-14
6309.5291042328  1.096912E-14
6310.60784506799  1.092313E-14
6311.68658590318  1.104240E-14
6312.76532673837  1.126450E-14
6313.84406757356  1.150875E-14
6314.92280840875  1.161009E-14
6316.00154924394  1.148840E-14
6317.08029007913  1.172520E-14
6318.15903091432  1.146863E-14
6319.23777174951  1.105942E-14
6320.3165125847  1.112156E-14
6321.39525341989  1.120022E-14
6322.47399425508  1.152771E-14
6323.55273509027  1.157468E-14
6324.63147592546  1.135371E-14
6325.71021676065  1.133306E-14
6326.78895759584  1.135881E-14
6327.86769843103  1.150706E-14
6328.94643926622  1.173350E-14
6330.02518010141  1.160519E-14
6331.1039209366  1.130348E-14
6332.18266177179  1.112669E-14
6333.26140260698  1.131093E-14
6334.34014344217  1.163894E-14
6335.41888427736  1.212133E-14
6336.49762511255  1.217092E-14
6337.57636594774  1.185619E-14
6338.65510678293  1.143126E-14
6339.73384761812  1.129376E-14
6340.81258845331  1.127660E-14
6341.8913292885  1.125558E-14
6342.97007012369  1.117821E-14
6344.04881095888  1.128371E-14
6345.12755179407  1.151405E-14
6346.20629262926  1.146819E-14
6347.28503346445  1.129566E-14
6348.36377429964  1.091742E-14
6349.44251513483  1.090876E-14
6350.52125597002  1.098056E-14
6351.59999680521  1.098458E-14
6352.6787376404  1.116537E-14
6353.75747847558  1.123558E-14
6354.83621931078  1.157203E-14
6355.91496014597  1.148978E-14
6356.99370098115  1.136091E-14
6358.07244181635  1.169534E-14
6359.15118265153  1.204080E-14
6360.22992348673  1.207148E-14
6361.30866432191  1.191020E-14
6362.3874051571  1.201461E-14
6363.46614599229  1.192669E-14
6364.54488682748  1.166942E-14
6365.62362766267  1.141457E-14
6366.70236849786  1.124023E-14
6367.78110933305  1.114782E-14
6368.85985016824  1.153070E-14
6369.93859100343  1.191852E-14
6371.01733183862  1.160754E-14
6372.09607267381  1.122104E-14
6373.174813509  1.116148E-14
6374.25355434419  1.120858E-14
6375.33229517938  1.105348E-14
6376.41103601457  1.118971E-14
6377.48977684976  1.104167E-14
6378.56851768495  1.099196E-14
6379.64725852014  1.111464E-14
6380.72599935533  1.117025E-14
6381.80474019052  1.137950E-14
6382.88348102571  1.146306E-14
6383.9622218609  1.154649E-14
6385.04096269609  1.155086E-14
6386.11970353128  1.148845E-14
6387.19844436647  1.150584E-14
6388.27718520166  1.174287E-14
6389.35592603685  1.167169E-14
6390.43466687204  1.168986E-14
6391.51340770723  1.180666E-14
6392.59214854242  1.208104E-14
6393.67088937761  1.229420E-14
6394.7496302128  1.222588E-14
6395.82837104799  1.199367E-14
6396.90711188318  1.150996E-14
6397.98585271837  1.174614E-14
6399.06459355356  1.251778E-14
6400.14333438875  1.280261E-14
6401.22207522394  1.224170E-14
6402.30081605913  1.199673E-14
6403.37955689432  1.170823E-14
6404.45829772951  1.174609E-14
6405.5370385647  1.178979E-14
6406.61577939989  1.171014E-14
6407.69452023508  1.174124E-14
6408.77326107027  1.184295E-14
6409.85200190546  1.208831E-14
6410.93074274064  1.217434E-14
6412.00948357584  1.207042E-14
6413.08822441103  1.182531E-14
6414.16696524622  1.184629E-14
6415.24570608141  1.165592E-14
6416.3244469166  1.172049E-14
6417.40318775179  1.177517E-14
6418.48192858697  1.183923E-14
6419.56066942217  1.193405E-14
6420.63941025735  1.275249E-14
6421.71815109254  1.242061E-14
6422.79689192774  1.191961E-14
6423.87563276292  1.179860E-14
6424.95437359811  1.166742E-14
6426.0331144333  1.204522E-14
6427.11185526849  1.160802E-14
6428.19059610368  1.159653E-14
6429.26933693887  1.203037E-14
6430.34807777406  1.277223E-14
6431.42681860925  1.388462E-14
6432.50555944444  1.410450E-14
6433.58430027963  1.349957E-14
6434.66304111482  1.286317E-14
6435.74178195001  1.255491E-14
6436.8205227852  1.210635E-14
6437.89926362039  1.197377E-14
6438.97800445558  1.185480E-14
6440.05674529077  1.140804E-14
6441.13548612596  1.155188E-14
6442.21422696115  1.174610E-14
6443.29296779634  1.179827E-14
6444.37170863153  1.175603E-14
6445.45044946672  1.182347E-14
6446.52919030191  1.186145E-14
6447.6079311371  1.189881E-14
6448.68667197229  1.181172E-14
6449.76541280748  1.202375E-14
6450.84415364267  1.209419E-14
6451.92289447786  1.195083E-14
6453.00163531305  1.137825E-14
6454.08037614824  1.081722E-14
6455.15911698343  1.046691E-14
6456.23785781862  1.098159E-14
6457.31659865381  1.142699E-14
6458.395339489  1.169003E-14
6459.47408032419  1.165767E-14
6460.55282115938  1.164598E-14
6461.63156199457  1.194863E-14
6462.71030282976  1.207286E-14
6463.78904366495  1.172563E-14
6464.86778450014  1.168145E-14
6465.94652533533  1.183990E-14
6467.02526617052  1.188023E-14
6468.10400700571  1.194906E-14
6469.1827478409  1.174815E-14
6470.26148867609  1.162968E-14
6471.34022951128  1.185648E-14
6472.41897034647  1.150371E-14
6473.49771118166  1.160607E-14
6474.57645201685  1.180378E-14
6475.65519285203  1.194373E-14
6476.73393368723  1.185776E-14
6477.81267452241  1.220189E-14
6478.8914153576  1.199980E-14
6479.9701561928  1.197300E-14
6481.04889702798  1.211331E-14
6482.12763786317  1.262966E-14
6483.20637869836  1.232835E-14
6484.28511953356  1.206278E-14
6485.36386036874  1.197782E-14
6486.44260120393  1.198729E-14
6487.52134203912  1.232168E-14
6488.60008287431  1.231719E-14
6489.6788237095  1.223680E-14
6490.75756454469  1.218821E-14
6491.83630537988  1.187254E-14
6492.91504621507  1.165891E-14
6493.99378705026  1.202212E-14
6495.07252788545  1.247070E-14
6496.15126872064  1.222545E-14
6497.23000955583  1.242922E-14
6498.30875039102  1.291820E-14
6499.38749122621  1.287783E-14
6500.4662320614  1.262633E-14
6501.54497289659  1.245541E-14
6502.62371373178  1.277401E-14
6503.70245456697  1.251708E-14
6504.78119540216  1.225695E-14
6505.85993623735  1.218257E-14
6506.93867707254  1.215084E-14
6508.01741790773  1.235886E-14
6509.09615874292  1.252526E-14
6510.17489957811  1.272018E-14
6511.2536404133  1.229562E-14
6512.33238124849  1.207613E-14
6513.41112208368  1.224872E-14
6514.48986291887  1.331801E-14
6515.56860375406  1.473275E-14
6516.64734458925  1.478932E-14
6517.72608542444  1.393560E-14
6518.80482625963  1.285981E-14
6519.88356709482  1.231875E-14
6520.96230793001  1.219535E-14
6522.0410487652  1.195656E-14
6523.11978960039  1.223627E-14
6524.19853043558  1.255909E-14
6525.27727127077  1.241146E-14
6526.35601210596  1.233997E-14
6527.43475294115  1.226838E-14
6528.51349377634  1.230251E-14
6529.59223461153  1.228489E-14
6530.67097544672  1.274218E-14
6531.74971628191  1.267011E-14
6532.8284571171  1.286616E-14
6533.90719795229  1.276335E-14
6534.98593878747  1.249828E-14
6536.06467962266  1.247448E-14
6537.14342045786  1.275530E-14
6538.22216129305  1.287925E-14
6539.30090212823  1.256096E-14
6540.37964296342  1.246115E-14
6541.45838379862  1.279737E-14
6542.5371246338  1.278830E-14
6543.61586546899  1.310832E-14
6544.69460630418  1.351804E-14
6545.77334713937  1.393931E-14
6546.85208797456  1.401101E-14
6547.93082880975  1.379640E-14
6549.00956964494  1.368713E-14
6550.08831048013  1.396749E-14
6551.16705131532  1.431626E-14
6552.24579215051  1.433566E-14
6553.3245329857  1.451762E-14
6554.40327382089  1.506435E-14
6555.48201465608  1.536148E-14
6556.56075549127  1.581296E-14
6557.63949632646  1.596484E-14
6558.71823716165  1.355039E-14
6559.79697799684  8.502761E-15
6560.87571883203  5.020137E-15
6561.95445966722  7.078955E-15
6563.03320050241  1.586167E-14
6564.1119413376  2.577084E-14
6565.19068217279  3.067895E-14
6566.26942300798  2.917748E-14
6567.34816384317  2.428655E-14
6568.42690467836  2.032664E-14
6569.50564551355  1.742688E-14
6570.58438634874  1.642670E-14
6571.66312718393  1.598459E-14
6572.74186801912  1.604689E-14
6573.82060885431  1.593802E-14
6574.8993496895  1.560937E-14
6575.97809052469  1.533969E-14
6577.05683135988  1.493729E-14
6578.13557219507  1.470073E-14
6579.21431303026  1.476008E-14
6580.29305386545  1.453148E-14
6581.37179470064  1.439902E-14
6582.45053553583  1.390773E-14
6583.52927637102  1.370230E-14
6584.60801720621  1.389447E-14
6585.6867580414  1.367684E-14
6586.76549887659  1.405875E-14
6587.84423971178  1.406524E-14
6588.92298054697  1.398239E-14
6590.00172138216  1.391019E-14
6591.08046221735  1.449804E-14
6592.15920305254  1.610916E-14
6593.23794388772  1.642542E-14
6594.31668472292  1.594657E-14
6595.39542555811  1.486960E-14
6596.47416639329  1.415957E-14
6597.55290722848  1.407293E-14
6598.63164806368  1.456930E-14
6599.71038889886  1.459686E-14
6600.78912973405  1.430290E-14
6601.86787056924  1.376444E-14
6602.94661140444  1.387341E-14
6604.02535223962  1.423241E-14
6605.10409307481  1.448165E-14
6606.18283391  1.413727E-14
6607.26157474519  1.440382E-14
6608.34031558038  1.474761E-14
6609.41905641557  1.478834E-14
6610.49779725076  1.485457E-14
6611.57653808595  1.454520E-14
6612.65527892114  1.391099E-14
6613.73401975633  1.375781E-14
6614.81276059152  1.368747E-14
6615.89150142671  1.393665E-14
6616.9702422619  1.437522E-14
6618.04898309709  1.426635E-14
6619.12772393228  1.424860E-14
6620.20646476747  1.435439E-14
6621.28520560266  1.434930E-14
6622.36394643785  1.396914E-14
6623.44268727304  1.407274E-14
6624.52142810823  1.469391E-14
6625.60016894342  1.497370E-14
6626.67890977861  1.462902E-14
6627.7576506138  1.433732E-14
6628.83639144899  1.429139E-14
6629.91513228418  1.442887E-14
6630.99387311937  1.451714E-14
6632.07261395456  1.451988E-14
6633.15135478975  1.477518E-14
6634.23009562494  1.472472E-14
6635.30883646013  1.438013E-14
6636.38757729532  1.449532E-14
6637.46631813051  1.461155E-14
6638.5450589657  1.455323E-14
6639.62379980089  1.503669E-14
6640.70254063608  1.484212E-14
6641.78128147127  1.479460E-14
6642.86002230646  1.515694E-14
6643.93876314165  1.538146E-14
6645.01750397684  1.504932E-14
6646.09624481203  1.443235E-14
6647.17498564722  1.458916E-14
6648.25372648241  1.447746E-14
6649.3324673176  1.430274E-14
6650.41120815279  1.432466E-14
6651.48994898798  1.432875E-14
6652.56868982317  1.400697E-14
6653.64743065835  1.418416E-14
6654.72617149355  1.417096E-14
6655.80491232874  1.383117E-14
6656.88365316393  1.412696E-14
6657.96239399911  1.418899E-14
6659.0411348343  1.392111E-14
6660.1198756695  1.382670E-14
6661.19861650468  1.392142E-14
6662.27735733987  1.417023E-14
6663.35609817506  1.443150E-14
6664.43483901025  1.465809E-14
6665.51357984544  1.449856E-14
6666.59232068063  1.445687E-14
6667.67106151582  1.445806E-14
6668.74980235101  1.438839E-14
6669.8285431862  1.418965E-14
6670.90728402139  1.406910E-14
6671.98602485658  1.416406E-14
6673.06476569177  1.431174E-14
6674.14350652696  1.436953E-14
6675.22224736215  1.453644E-14
6676.30098819734  1.452933E-14
6677.37972903253  1.549327E-14
6678.45846986772  1.586145E-14
6679.53721070291  1.488827E-14
6680.6159515381  1.437624E-14
6681.69469237329  1.453056E-14
6682.77343320848  1.418973E-14
6683.85217404367  1.423800E-14
6684.93091487886  1.453685E-14
6686.00965571405  1.424589E-14
6687.08839654924  1.427642E-14
6688.16713738443  1.407874E-14
6689.24587821962  1.419283E-14
6690.32461905481  1.434443E-14
6691.40335989  1.434579E-14
6692.48210072519  1.422430E-14
6693.56084156038  1.450327E-14
6694.63958239557  1.436188E-14
6695.71832323076  1.414169E-14
6696.79706406595  1.421294E-14
6697.87580490114  1.415331E-14
6698.95454573633  1.398216E-14
6700.03328657152  1.483716E-14
6701.11202740671  1.430523E-14
6702.1907682419  1.383940E-14
6703.26950907709  1.449259E-14
6704.34824991228  1.407375E-14
6705.42699074747  1.293456E-14
6706.50573158266  1.288899E-14
6707.58447241785  1.375237E-14
6708.66321325304  1.397528E-14
6709.74195408823  1.385003E-14
6710.82069492342  1.414300E-14
6711.89943575861  1.422412E-14
6712.9781765938  1.434225E-14
6714.05691742899  1.449701E-14
6715.13565826417  1.448388E-14
6716.21439909937  1.403374E-14
6717.29313993456  1.357649E-14
6718.37188076974  1.332062E-14
6719.45062160494  1.335232E-14
6720.52936244012  1.374751E-14
6721.60810327531  1.385165E-14
6722.6868441105  1.366831E-14
6723.76558494569  1.394174E-14
6724.84432578088  1.359149E-14
6725.92306661607  1.364106E-14
6727.00180745126  1.410893E-14
6728.08054828645  1.450899E-14
6729.15928912164  1.449325E-14
6730.23802995683  1.405010E-14
6731.31677079202  1.356472E-14
6732.39551162721  1.336201E-14
6733.4742524624  1.331456E-14
6734.55299329759  1.341488E-14
6735.63173413278  1.359912E-14
6736.71047496797  1.345725E-14
6737.78921580316  1.345431E-14
6738.86795663835  1.423572E-14
6739.94669747354  1.368991E-14
6741.02543830873  1.362218E-14
6742.10417914392  1.367613E-14
6743.18291997911  1.420390E-14
6744.2616608143  1.415914E-14
6745.34040164949  1.375800E-14
6746.41914248468  1.345322E-14
6747.49788331987  1.379080E-14
6748.57662415506  1.383708E-14
6749.65536499025  1.392488E-14
6750.73410582544  1.402652E-14
6751.81284666063  1.386624E-14
6752.89158749582  1.368313E-14
6753.97032833101  1.327806E-14
6755.0490691662  1.370557E-14
6756.12781000139  1.361124E-14
6757.20655083658  1.358970E-14
6758.28529167177  1.402085E-14
6759.36403250696  1.371029E-14
6760.44277334215  1.317536E-14
6761.52151417734  1.311928E-14
6762.60025501253  1.330110E-14
6763.67899584772  1.337892E-14
6764.75773668291  1.350695E-14
6765.8364775181  1.346036E-14
6766.91521835329  1.384585E-14
6767.99395918848  1.423283E-14
6769.07270002367  1.380851E-14
6770.15144085886  1.328308E-14
6771.23018169405  1.307128E-14
6772.30892252923  1.331522E-14
6773.38766336443  1.343551E-14
6774.46640419962  1.327810E-14
6775.54514503481  1.312725E-14
6776.62388587  1.269151E-14
6777.70262670518  1.286886E-14
6778.78136754037  1.319614E-14
6779.86010837556  1.320721E-14
6780.93884921075  1.310718E-14
6782.01759004594  1.288018E-14
6783.09633088113  1.280059E-14
6784.17507171633  1.260609E-14
6785.25381255151  1.264001E-14
6786.3325533867  1.292233E-14
6787.41129422189  1.310164E-14
6788.49003505708  1.296999E-14
6789.56877589227  1.258698E-14
6790.64751672746  1.252725E-14
6791.72625756265  1.271489E-14
6792.80499839784  1.250013E-14
6793.88373923303  1.259674E-14
6794.96248006822  1.310569E-14
6796.04122090341  1.245223E-14
6797.1199617386  1.253886E-14
6798.19870257379  1.284178E-14
6799.27744340898  1.278816E-14
6800.35618424417  1.296961E-14
6801.43492507936  1.297227E-14
6802.51366591455  1.240996E-14
6803.59240674974  1.225387E-14
6804.67114758493  1.271127E-14
6805.74988842012  1.256874E-14
6806.82862925531  1.213983E-14
6807.9073700905  1.293599E-14
6808.98611092569  1.267960E-14
6810.06485176088  1.219386E-14
6811.14359259607  1.228648E-14
6812.22233343126  1.237118E-14
6813.30107426645  1.246036E-14
6814.37981510164  1.235354E-14
6815.45855593683  1.244342E-14
6816.53729677202  1.237769E-14
6817.61603760721  1.310467E-14
6818.6947784424  1.310827E-14
6819.77351927759  1.298379E-14
6820.85226011278  1.279851E-14
6821.93100094797  1.262663E-14
6823.00974178316  1.279163E-14
6824.08848261835  1.299758E-14
