3767.5045808135  4.893112E-11
3768.58310089112  9.109218E-11
3769.66162096873  9.355475E-11
3770.74014104634  7.394357E-11
3771.81866112395  5.671386E-11
3772.89718120156  4.536276E-11
3773.97570127917  3.665583E-11
3775.05422135679  2.365499E-11
3776.1327414344  1.584974E-11
3777.21126151201  1.343256E-11
3778.28978158962  8.641246E-12
3779.36830166723  6.962741E-12
3780.44682174484  5.247564E-12
3781.52534182245  4.143640E-12
3782.60386190007  3.377137E-12
3783.68238197768  2.227833E-12
3784.76090205529  1.609516E-12
3785.8394221329  1.656960E-12
3786.91794221051  8.599530E-13
3787.99646228812  4.027759E-13
3789.07498236573  3.595613E-13
3790.15350244335  3.599609E-13
3791.23202252096  2.791115E-13
3792.31054259857  2.276501E-13
3793.38906267618  1.684571E-13
3794.46758275379  1.162450E-13
3795.5461028314  1.062265E-13
3796.62462290901  1.123679E-13
3797.70314298663  6.058438E-14
3798.78166306424  3.644750E-14
3799.86018314185  4.669802E-14
3800.93870321946  4.845008E-14
3802.01722329707  4.494302E-14
3803.09574337468  5.185290E-14
3804.17426345229  3.595823E-14
3805.25278352991  3.473823E-14
3806.33130360752  2.981521E-14
3807.40982368513  2.273858E-14
3808.48834376274  1.847500E-14
3809.56686384035  1.437752E-14
3810.64538391796  1.398547E-14
3811.72390399558  1.661916E-14
3812.80242407319  1.285786E-14
3813.8809441508  9.570192E-15
3814.95946422841  6.618794E-15
3816.03798430602  5.244028E-15
3817.11650438363  2.563112E-15
3818.19502446125  3.856680E-15
3819.27354453886  3.546658E-15
3820.35206461647  2.372857E-15
3821.43058469408  1.791908E-15
3822.50910477169  1.598524E-15
3823.5876248493  1.430385E-15
3824.66614492691  7.604582E-16
3825.74466500453  1.021462E-15
3826.82318508214  1.097345E-15
3827.90170515975  8.692028E-16
3828.98022523736  8.690585E-16
3830.05874531497  1.237981E-15
3831.13726539258  1.414774E-15
3832.21578547019  9.161029E-16
3833.29430554781  7.036354E-16
3834.37282562542  6.983227E-16
3835.45134570303  4.229391E-16
3836.52986578064  7.986895E-16
3837.60838585825  7.604675E-16
3838.68690593586  5.364748E-16
3839.76542601348  6.043391E-16
3840.84394609109  3.933071E-16
3841.9224661687  3.979126E-16
3843.00098624631  4.055904E-16
3844.07950632392  4.127858E-16
3845.15802640153  5.314424E-16
3846.23654647914  4.714928E-16
3847.31506655676  3.751599E-16
3848.39358663437  5.077766E-16
3849.47210671198  3.442811E-16
3850.55062678959  2.737268E-16
3851.6291468672  2.497958E-16
3852.70766694481  2.264283E-16
3853.78618702242  3.472285E-16
3854.86470710004  1.920982E-16
3855.94322717765  1.628423E-16
3857.02174725526  2.888184E-16
3858.10026733287  1.486153E-16
3859.17878741048  1.411685E-16
3860.25730748809  1.126941E-16
3861.33582756571  1.720617E-16
3862.41434764332  2.416560E-16
3863.49286772093  2.183386E-16
3864.57138779854  2.699639E-16
3865.64990787615  2.540818E-16
3866.72842795376  2.500160E-16
3867.80694803137  2.903584E-16
3868.88546810899  2.204912E-16
3869.9639881866  1.764981E-16
3871.04250826421  1.971311E-16
3872.12102834182  2.686834E-16
3873.19954841943  2.802448E-16
3874.27806849704  2.843616E-16
3875.35658857465  3.226294E-16
3876.43510865227  3.334226E-16
3877.51362872988  3.102984E-16
3878.59214880749  2.445738E-16
3879.6706688851  3.080861E-16
3880.74918896271  3.518060E-16
3881.82770904032  2.603701E-16
3882.90622911794  2.975870E-16
3883.98474919555  4.068954E-16
3885.06326927316  4.375966E-16
3886.14178935077  3.774366E-16
3887.22030942838  3.909957E-16
3888.29882950599  3.959350E-16
3889.3773495836  3.964983E-16
3890.45586966122  5.515343E-16
3891.53438973883  6.970500E-16
3892.61290981644  6.818588E-16
3893.69142989405  6.996588E-16
3894.76994997166  6.253523E-16
3895.84847004927  6.160194E-16
3896.92699012688  6.749015E-16
3898.0055102045  6.242881E-16
3899.08403028211  5.504413E-16
3900.16255035972  4.620418E-16
3901.24107043733  5.433267E-16
3902.31959051494  5.734530E-16
3903.39811059255  5.803646E-16
3904.47663067017  6.464610E-16
3905.55515074778  4.773567E-16
3906.63367082539  4.561213E-16
3907.712190903  5.367687E-16
3908.79071098061  6.329449E-16
3909.86923105822  6.599917E-16
3910.94775113583  5.862925E-16
3912.02627121345  6.375197E-16
3913.10479129106  6.589214E-16
3914.18331136867  6.463530E-16
3915.26183144628  6.920593E-16
3916.34035152389  6.753537E-16
3917.4188716015  6.199275E-16
3918.49739167912  5.645969E-16
3919.57591175673  4.745599E-16
3920.65443183434  3.915477E-16
3921.73295191195  3.985430E-16
3922.81147198956  3.996285E-16
3923.88999206717  4.813872E-16
3924.96851214478  4.472706E-16
3926.04703222239  4.108912E-16
3927.12555230001  4.535967E-16
3928.20407237762  3.746144E-16
3929.28259245523  2.883613E-16
3930.36111253284  2.746317E-16
3931.43963261045  1.390162E-16
3932.51815268806  1.449849E-16
3933.59667276568  1.360548E-16
3934.67519284329  1.553474E-16
3935.7537129209  1.197487E-16
3936.83223299851  1.844039E-16
3937.91075307612  2.815969E-16
3938.98927315373  3.423080E-16
3940.06779323134  4.117251E-16
3941.14631330896  4.783060E-16
3942.22483338657  5.263281E-16
3943.30335346418  4.783074E-16
3944.38187354179  5.025543E-16
3945.4603936194  5.238120E-16
3946.53891369701  7.249140E-16
3947.61743377463  8.292357E-16
3948.69595385224  8.299130E-16
3949.77447392985  9.549372E-16
3950.85299400746  1.079780E-15
3951.93151408507  1.057231E-15
3953.01003416268  1.148159E-15
3954.08855424029  1.176749E-15
3955.16707431791  1.235908E-15
3956.24559439552  1.215744E-15
3957.32411447313  1.154521E-15
3958.40263455074  1.072595E-15
3959.48115462835  1.096166E-15
3960.55967470596  1.016988E-15
3961.63819478358  7.832135E-16
3962.71671486119  5.902026E-16
3963.7952349388  5.057894E-16
3964.87375501641  5.084887E-16
3965.95227509402  4.117302E-16
3967.03079517163  3.673322E-16
3968.10931524924  2.761361E-16
3969.18783532686  2.038379E-16
3970.26635540447  2.222879E-16
3971.34487548208  3.232424E-16
3972.42339555969  4.376983E-16
3973.5019156373  5.720750E-16
3974.58043571491  7.956985E-16
3975.65895579252  1.019358E-15
3976.73747587014  1.100850E-15
3977.81599594775  1.306120E-15
3978.89451602536  1.499345E-15
3979.97303610297  1.510422E-15
3981.05155618058  1.613768E-15
3982.13007625819  1.641930E-15
3983.2085963358  1.633887E-15
3984.28711641342  1.555329E-15
3985.36563649103  1.645669E-15
3986.44415656864  1.811800E-15
3987.52267664625  2.011161E-15
3988.60119672386  2.046594E-15
3989.67971680147  1.923088E-15
3990.75823687909  1.879598E-15
3991.8367569567  1.843989E-15
3992.91527703431  1.875832E-15
3993.99379711192  2.164554E-15
3995.07231718953  2.073042E-15
3996.15083726714  1.781835E-15
3997.22935734475  1.802688E-15
3998.30787742237  1.878994E-15
3999.38639749998  2.110937E-15
4000.46491757759  2.292125E-15
4001.5434376552  2.426112E-15
4002.62195773281  2.505437E-15
4003.70047781042  2.543594E-15
4004.77899788803  2.401425E-15
4005.85751796565  2.184501E-15
4006.93603804326  2.106031E-15
4008.01455812087  2.023419E-15
4009.09307819848  2.157647E-15
4010.17159827609  2.558970E-15
4011.2501183537  2.594262E-15
4012.32863843132  2.585436E-15
4013.40715850893  2.578286E-15
4014.48567858654  2.588640E-15
4015.56419866415  2.770852E-15
4016.64271874176  2.847131E-15
4017.72123881937  2.769118E-15
4018.79975889698  3.030020E-15
4019.8782789746  2.877375E-15
4020.95679905221  2.668224E-15
4022.03531912982  2.756160E-15
4023.11383920743  2.717859E-15
4024.19235928504  2.637387E-15
4025.27087936265  2.537935E-15
4026.34939944027  2.489006E-15
4027.42791951787  2.668803E-15
4028.50643959549  2.876418E-15
4029.5849596731  2.858559E-15
4030.66347975071  2.419249E-15
4031.74199982832  1.885517E-15
4032.82051990593  1.571377E-15
4033.89903998354  1.591147E-15
4034.97756006116  1.601689E-15
4036.05608013877  1.964973E-15
4037.13460021638  2.549444E-15
4038.21312029399  2.664692E-15
4039.2916403716  2.698805E-15
4040.37016044921  2.708116E-15
4041.44868052683  2.721957E-15
4042.52720060444  2.725447E-15
4043.60572068205  2.550746E-15
4044.68424075966  2.080726E-15
4045.76276083727  1.820389E-15
4046.84128091488  1.706714E-15
4047.9198009925  2.040783E-15
4048.99832107011  2.350164E-15
4050.07684114772  2.667821E-15
4051.15536122533  2.747835E-15
4052.23388130294  2.698963E-15
4053.31240138055  2.853888E-15
4054.39092145816  2.651742E-15
4055.46944153578  2.542580E-15
4056.54796161339  2.340579E-15
4057.626481691  2.176475E-15
4058.70500176861  2.013712E-15
4059.78352184622  2.035846E-15
4060.86204192383  2.228159E-15
4061.94056200144  2.453527E-15
4063.01908207906  2.069286E-15
4064.09760215667  1.645629E-15
4065.17612223428  1.687657E-15
4066.25464231189  1.928933E-15
4067.3331623895  2.004137E-15
4068.41168246711  2.281732E-15
4069.49020254472  2.552767E-15
4070.56872262234  2.522476E-15
4071.64724269995  2.300958E-15
4072.72576277756  2.133084E-15
4073.80428285517  2.181630E-15
4074.88280293278  2.514664E-15
4075.96132301039  2.389145E-15
4077.03984308801  2.224756E-15
4078.11836316562  2.119827E-15
4079.19688324323  2.231686E-15
4080.27540332084  2.592624E-15
4081.35392339845  3.044580E-15
4082.43244347606  3.293181E-15
4083.51096355367  3.138659E-15
4084.58948363129  2.974532E-15
4085.6680037089  2.948694E-15
4086.74652378651  3.036948E-15
4087.82504386412  3.414283E-15
4088.90356394173  3.566708E-15
4089.98208401934  3.529901E-15
4091.06060409695  3.414905E-15
4092.13912417457  3.210724E-15
4093.21764425218  3.258698E-15
4094.29616432979  3.345422E-15
4095.3746844074  3.044193E-15
4096.45320448501  2.855950E-15
4097.53172456262  2.641593E-15
4098.61024464024  2.616398E-15
4099.68876471785  2.795709E-15
4100.76728479546  2.619855E-15
4101.84580487307  2.558270E-15
4102.92432495068  2.758353E-15
4104.00284502829  2.863533E-15
4105.08136510591  3.004854E-15
4106.15988518352  3.116547E-15
4107.23840526113  3.324874E-15
4108.31692533874  3.588207E-15
4109.39544541635  3.427500E-15
4110.47396549396  3.334891E-15
4111.55248557157  3.058214E-15
4112.63100564918  2.885187E-15
4113.7095257268  2.898780E-15
4114.78804580441  3.000540E-15
4115.86656588202  3.217707E-15
4116.94508595963  3.232235E-15
4118.02360603724  3.164915E-15
4119.10212611485  3.002769E-15
4120.18064619246  2.869218E-15
4121.25916627008  2.945807E-15
4122.33768634769  2.833971E-15
4123.4162064253  2.810551E-15
4124.49472650291  3.039558E-15
4125.57324658052  3.364728E-15
4126.65176665813  3.308867E-15
4127.73028673575  3.123668E-15
4128.80880681336  3.121676E-15
4129.88732689097  2.972348E-15
4130.96584696858  2.740422E-15
4132.04436704619  2.644329E-15
4133.1228871238  2.498994E-15
4134.20140720142  2.436286E-15
4135.27992727903  2.558950E-15
4136.35844735664  2.901745E-15
4137.43696743425  2.993653E-15
4138.51548751186  3.179002E-15
4139.59400758947  3.152015E-15
4140.67252766708  3.317394E-15
4141.7510477447  3.089691E-15
4142.82956782231  2.620030E-15
4143.90808789992  2.214492E-15
4144.98660797753  2.135241E-15
4146.06512805514  2.365931E-15
4147.14364813275  2.704022E-15
4148.22216821037  2.784629E-15
4149.30068828798  2.715155E-15
4150.37920836559  2.631074E-15
4151.4577284432  2.464981E-15
4152.53624852081  2.497280E-15
4153.61476859842  2.399589E-15
4154.69328867603  2.419036E-15
4155.77180875365  2.452001E-15
4156.85032883126  2.451623E-15
4157.92884890887  2.598972E-15
4159.00736898648  2.948661E-15
4160.08588906409  3.112011E-15
4161.1644091417  3.277654E-15
4162.24292921931  3.465728E-15
4163.32144929693  3.421754E-15
4164.39996937454  3.340896E-15
4165.47848945215  3.224413E-15
4166.55700952976  3.061461E-15
4167.63552960737  2.903282E-15
4168.71404968498  2.903048E-15
4169.79256976259  3.165794E-15
4170.87108984021  3.257909E-15
4171.94960991782  3.060375E-15
4173.02812999543  2.698941E-15
4174.10665007304  2.654936E-15
4175.18517015065  2.629839E-15
4176.26369022826  2.608675E-15
4177.34221030588  2.688988E-15
4178.42073038349  2.800014E-15
4179.4992504611  2.889661E-15
4180.57777053871  2.805775E-15
4181.65629061632  2.811052E-15
4182.73481069393  2.925849E-15
4183.81333077154  3.107416E-15
4184.89185084916  3.704733E-15
4185.97037092677  3.718787E-15
4187.04889100438  3.438995E-15
4188.12741108199  3.358353E-15
4189.2059311596  3.410912E-15
4190.28445123721  3.395508E-15
4191.36297131483  3.527665E-15
4192.44149139244  3.554453E-15
4193.52001147005  3.643251E-15
4194.59853154766  3.645541E-15
4195.67705162527  3.309117E-15
4196.75557170288  3.178960E-15
4197.83409178049  2.923928E-15
4198.91261185811  2.925624E-15
4199.99113193572  2.985644E-15
4201.06965201333  2.943811E-15
4202.14817209094  2.863603E-15
4203.22669216855  2.930232E-15
4204.30521224616  3.224504E-15
4205.38373232377  3.455534E-15
4206.46225240138  3.834187E-15
4207.540772479  4.044518E-15
4208.61929255661  3.958506E-15
4209.69781263422  3.825100E-15
4210.77633271183  3.884965E-15
4211.85485278944  3.714371E-15
4212.93337286705  3.570379E-15
4214.01189294467  3.352528E-15
4215.09041302228  3.123952E-15
4216.16893309989  3.102486E-15
4217.2474531775  3.728381E-15
4218.32597325511  4.479108E-15
4219.40449333272  4.928191E-15
4220.48301341034  5.231194E-15
4221.56153348795  5.204962E-15
4222.64005356556  4.779037E-15
4223.71857364317  4.189183E-15
4224.79709372078  3.295821E-15
4225.87561379839  2.329941E-15
4226.954133876  1.652429E-15
4228.03265395362  1.701220E-15
4229.11117403123  2.346790E-15
4230.18969410884  3.316790E-15
4231.26821418645  4.064776E-15
4232.34673426406  4.466962E-15
4233.42525434167  4.394257E-15
4234.50377441928  4.131722E-15
4235.5822944969  4.174231E-15
4236.66081457451  4.126701E-15
4237.73933465212  3.944859E-15
4238.81785472973  3.878647E-15
4239.89637480734  4.112560E-15
4240.97489488495  4.393412E-15
4242.05341496256  4.700095E-15
4243.13193504018  4.891242E-15
4244.21045511779  5.305606E-15
4245.2889751954  5.908151E-15
4246.36749527301  5.844388E-15
4247.44601535062  5.486613E-15
4248.52453542823  5.040628E-15
4249.60305550585  4.371336E-15
4250.68157558346  3.603131E-15
4251.76009566107  3.609364E-15
4252.83861573868  3.708494E-15
4253.91713581629  3.501938E-15
4254.9956558939  3.420974E-15
4256.07417597151  3.719184E-15
4257.15269604913  4.323650E-15
4258.23121612674  4.695103E-15
4259.30973620435  4.607083E-15
4260.38825628196  3.936117E-15
4261.46677635957  3.690584E-15
4262.54529643718  4.287284E-15
4263.6238165148  4.931504E-15
4264.70233659241  5.492841E-15
4265.78085667002  6.067981E-15
4266.85937674763  5.908662E-15
4267.93789682524  5.445449E-15
4269.01641690285  4.828685E-15
4270.09493698046  4.156731E-15
4271.17345705808  3.417800E-15
4272.25197713569  2.907242E-15
4273.3304972133  2.840813E-15
4274.40901729091  2.853400E-15
4275.48753736852  2.922224E-15
4276.56605744613  3.494490E-15
4277.64457752374  4.374970E-15
4278.72309760136  5.083594E-15
4279.80161767897  5.181831E-15
4280.88013775658  5.088182E-15
4281.95865783419  4.599254E-15
4283.0371779118  4.515796E-15
4284.11569798941  4.508077E-15
4285.19421806702  4.674665E-15
4286.27273814464  4.625437E-15
4287.35125822225  4.406173E-15
4288.42977829986  4.171885E-15
4289.50829837747  3.874116E-15
4290.58681845508  3.627998E-15
4291.66533853269  3.493023E-15
4292.7438586103  3.765750E-15
4293.82237868792  4.286913E-15
4294.90089876553  4.509933E-15
4295.97941884314  4.477865E-15
4297.05793892075  4.325551E-15
4298.13645899836  4.053470E-15
4299.21497907597  3.452898E-15
4300.29349915359  2.994201E-15
4301.3720192312  2.974895E-15
4302.45053930881  2.907287E-15
4303.52905938642  3.091312E-15
4304.60757946403  3.240134E-15
4305.68609954164  3.157785E-15
4306.76461961926  3.007888E-15
4307.84313969687  2.494975E-15
4308.92165977448  2.213758E-15
4310.00017985209  2.394570E-15
4311.0786999297  2.756848E-15
4312.15722000731  3.370673E-15
4313.23574008492  3.961283E-15
4314.31426016254  4.277973E-15
4315.39278024015  5.042777E-15
4316.47130031776  6.038014E-15
4317.54982039537  6.933555E-15
4318.62834047298  7.419613E-15
4319.70686055059  6.930588E-15
4320.7853806282  6.549359E-15
4321.86390070582  6.396372E-15
4322.94242078343  5.860444E-15
4324.02094086104  4.977464E-15
4325.09946093865  3.935335E-15
4326.17798101626  3.297183E-15
4327.25650109387  3.792074E-15
4328.33502117149  4.980212E-15
4329.4135412491  6.102770E-15
4330.49206132671  6.465745E-15
4331.57058140432  6.350267E-15
4332.64910148193  6.551678E-15
4333.72762155954  6.927032E-15
4334.80614163715  7.382219E-15
4335.88466171477  7.557781E-15
4336.96318179238  6.844726E-15
4338.04170186999  6.026161E-15
4339.1202219476  5.308345E-15
4340.19874202521  4.742493E-15
4341.27726210282  4.871768E-15
4342.35578218044  5.710461E-15
4343.43430225805  5.947463E-15
4344.51282233566  6.295068E-15
4345.59134241327  6.823640E-15
4346.66986249088  6.764555E-15
4347.74838256849  6.880537E-15
4348.8269026461  7.392515E-15
4349.90542272372  7.492822E-15
4350.98394280133  6.904287E-15
4352.06246287894  5.936358E-15
4353.14098295655  5.317453E-15
4354.21950303416  5.582784E-15
4355.29802311177  6.108198E-15
4356.37654318938  6.708805E-15
4357.455063267  7.182501E-15
4358.53358334461  7.603138E-15
4359.61210342222  7.620733E-15
4360.69062349983  7.304678E-15
4361.76914357744  7.191751E-15
4362.84766365505  7.077453E-15
4363.92618373267  7.366597E-15
4365.00470381028  7.611767E-15
4366.08322388789  7.855345E-15
4367.1617439655  7.491317E-15
4368.24026404311  6.909025E-15
4369.31878412072  6.619579E-15
4370.39730419833  6.840940E-15
4371.47582427595  6.568334E-15
4372.55434435356  6.486830E-15
4373.63286443117  6.227417E-15
4374.71138450878  5.661337E-15
4375.78990458639  5.340417E-15
4376.868424664  5.683168E-15
4377.94694474161  6.233401E-15
4379.02546481923  6.989705E-15
4380.10398489684  6.695948E-15
4381.18250497445  6.294771E-15
4382.26102505206  5.539578E-15
4383.33954512967  4.050593E-15
4384.41806520728  3.134316E-15
4385.49658528489  3.552151E-15
4386.57510536251  4.552225E-15
4387.65362544012  5.258379E-15
4388.73214551773  5.628662E-15
4389.81066559534  5.452660E-15
4390.88918567295  5.382520E-15
4391.96770575056  5.545976E-15
4393.04622582818  5.638418E-15
4394.12474590579  5.818266E-15
4395.2032659834  5.974104E-15
4396.28178606101  6.357301E-15
4397.36030613862  6.793325E-15
4398.43882621623  7.411805E-15
4399.51734629384  7.099512E-15
4400.59586637146  6.780394E-15
4401.67438644907  6.586546E-15
4402.75290652668  6.546847E-15
4403.83142660429  6.000976E-15
4404.9099466819  4.875937E-15
4405.98846675951  4.207309E-15
4407.06698683712  4.339795E-15
4408.14550691474  4.674103E-15
4409.22402699235  5.360414E-15
4410.30254706996  6.051003E-15
4411.38106714757  6.901801E-15
4412.45958722518  7.400210E-15
4413.53810730279  7.438210E-15
4414.61662738041  6.840622E-15
4415.69514745802  5.963117E-15
4416.77366753563  5.725383E-15
4417.85218761324  6.344297E-15
4418.93070769085  7.115455E-15
4420.00922776846  7.692249E-15
4421.08774784608  7.739338E-15
4422.16626792369  7.022378E-15
4423.2447880013  6.514711E-15
4424.32330807891  6.649604E-15
4425.40182815652  6.733017E-15
4426.48034823413  6.788399E-15
4427.55886831174  6.874693E-15
4428.63738838935  6.978737E-15
4429.71590846697  6.751589E-15
4430.79442854458  6.670177E-15
4431.87294862219  6.801118E-15
4432.9514686998  6.799104E-15
4434.02998877741  6.473336E-15
4435.10850885502  6.002277E-15
4436.18702893263  5.711616E-15
4437.26554901025  5.906282E-15
4438.34406908786  6.746422E-15
4439.42258916547  7.596537E-15
4440.50110924308  7.680464E-15
4441.57962932069  7.128955E-15
4442.6581493983  6.490109E-15
4443.73666947592  6.203796E-15
4444.81518955353  6.618571E-15
4445.89370963114  7.347713E-15
4446.97222970875  7.792307E-15
4448.05074978636  8.246748E-15
4449.12926986397  8.141740E-15
4450.20778994159  7.791039E-15
4451.2863100192  7.626234E-15
4452.36483009681  7.501282E-15
4453.44335017442  7.199722E-15
4454.52187025203  6.689389E-15
4455.60039032964  6.354773E-15
4456.67891040725  6.174237E-15
4457.75743048487  6.073774E-15
4458.83595056248  5.966910E-15
4459.91447064009  5.700197E-15
4460.9929907177  5.484393E-15
4462.07151079531  5.251578E-15
4463.15003087292  5.791085E-15
4464.22855095054  6.354959E-15
4465.30707102815  6.685125E-15
4466.38559110576  6.874240E-15
4467.46411118337  6.940409E-15
4468.54263126098  6.841929E-15
4469.62115133859  6.945325E-15
4470.6996714162  6.984102E-15
4471.77819149381  6.833661E-15
4472.85671157143  7.463876E-15
4473.93523164904  7.666304E-15
4475.01375172665  7.757964E-15
4476.09227180426  7.995587E-15
4477.17079188187  8.323940E-15
4478.24931195948  8.822923E-15
4479.3278320371  8.443277E-15
4480.40635211471  7.768759E-15
4481.48487219232  6.919505E-15
4482.56339226993  6.756952E-15
4483.64191234754  7.448261E-15
4484.72043242515  8.195432E-15
4485.79895250276  8.677687E-15
4486.87747258038  8.842576E-15
4487.95599265799  8.735618E-15
4489.0345127356  7.971393E-15
4490.11303281321  7.298436E-15
4491.19155289082  7.008522E-15
4492.27007296843  7.495713E-15
4493.34859304605  7.732800E-15
4494.42711312366  6.957724E-15
4495.50563320127  6.241211E-15
4496.58415327888  6.258606E-15
4497.66267335649  6.675547E-15
4498.7411934341  7.465241E-15
4499.81971351171  8.103728E-15
4500.89823358933  8.006099E-15
4501.97675366694  7.909406E-15
4503.05527374455  7.977281E-15
4504.13379382216  8.442368E-15
4505.21231389977  9.033456E-15
4506.29083397738  8.760586E-15
4507.36935405499  8.158423E-15
4508.44787413261  7.898227E-15
4509.52639421022  8.018044E-15
4510.60491428783  8.211090E-15
4511.68343436544  8.124520E-15
4512.76195444305  7.580841E-15
4513.84047452066  7.142483E-15
4514.91899459828  6.975116E-15
4515.99751467589  6.957772E-15
4517.0760347535  6.767585E-15
4518.15455483111  6.539889E-15
4519.23307490872  6.787592E-15
4520.31159498633  7.074471E-15
4521.39011506394  7.254393E-15
4522.46863514156  7.150677E-15
4523.54715521917  6.995383E-15
4524.62567529678  6.548621E-15
4525.70419537439  6.282799E-15
4526.782715452  5.867253E-15
4527.86123552961  5.081835E-15
4528.93975560722  4.819044E-15
4530.01827568484  4.850335E-15
4531.09679576245  5.022371E-15
4532.17531584006  5.555767E-15
4533.25383591767  5.725397E-15
4534.33235599528  5.635895E-15
4535.41087607289  5.376372E-15
4536.48939615051  5.614774E-15
4537.56791622812  6.205651E-15
4538.64643630573  6.793408E-15
4539.72495638334  6.737823E-15
4540.80347646095  6.321655E-15
4541.88199653856  6.308771E-15
4542.96051661617  6.460646E-15
4544.03903669379  6.772525E-15
4545.1175567714  6.820818E-15
4546.19607684901  6.690003E-15
4547.27459692662  6.668938E-15
4548.35311700423  6.762181E-15
4549.43163708184  6.994865E-15
4550.51015715945  6.840701E-15
4551.58867723706  7.131815E-15
4552.66719731468  7.170820E-15
4553.74571739229  7.206118E-15
4554.8242374699  7.076675E-15
4555.90275754751  7.185848E-15
4556.98127762512  7.755265E-15
4558.05979770273  8.402653E-15
4559.13831778035  8.880571E-15
4560.21683785796  8.863360E-15
4561.29535793557  8.788212E-15
4562.37387801318  8.834815E-15
4563.45239809079  8.734168E-15
4564.5309181684  8.014686E-15
4565.60943824602  7.405845E-15
4566.68795832363  7.693051E-15
4567.76647840124  8.741554E-15
4568.84499847885  9.289966E-15
4569.92351855646  9.242079E-15
4571.00203863407  8.823986E-15
4572.08055871168  8.245196E-15
4573.1590787893  8.594279E-15
4574.23759886691  9.117404E-15
4575.31611894452  9.150073E-15
4576.39463902213  8.904469E-15
4577.47315909974  8.809951E-15
4578.55167917735  8.525225E-15
4579.63019925497  8.120998E-15
4580.70871933258  7.687317E-15
4581.78723941019  7.979098E-15
4582.8657594878  8.169665E-15
4583.94427956541  8.413688E-15
4585.02279964302  8.640454E-15
4586.10131972063  8.203316E-15
4587.17983979825  7.976349E-15
4588.25835987586  8.696937E-15
4589.33687995347  9.385675E-15
4590.41540003108  9.858287E-15
4591.49392010869  9.361180E-15
4592.5724401863  8.969087E-15
4593.65096026391  8.910769E-15
4594.72948034153  8.407857E-15
4595.80800041914  8.233654E-15
4596.88652049675  8.162181E-15
4597.96504057436  8.229152E-15
4599.04356065197  8.429878E-15
4600.12208072958  8.633476E-15
4601.20060080719  8.620142E-15
4602.27912088481  8.585188E-15
4603.35764096242  8.473966E-15
4604.43616104003  8.518410E-15
4605.51468111764  8.305253E-15
4606.59320119525  8.351289E-15
4607.67172127286  9.096140E-15
4608.75024135048  1.000543E-14
4609.82876142809  1.063193E-14
4610.9072815057  1.025759E-14
4611.98580158331  9.929552E-15
4613.06432166092  9.681220E-15
4614.14284173853  9.334024E-15
4615.22136181615  9.604919E-15
4616.29988189376  9.930302E-15
4617.37840197137  1.050805E-14
4618.45692204898  1.056764E-14
4619.53544212659  1.015057E-14
4620.6139622042  1.009612E-14
4621.69248228181  1.022172E-14
4622.77100235943  1.016736E-14
4623.84952243704  1.016772E-14
4624.92804251465  1.014481E-14
4626.00656259226  9.878097E-15
4627.08508266987  1.005034E-14
4628.16360274748  1.006369E-14
4629.24212282509  9.870303E-15
4630.32064290271  9.972955E-15
4631.39916298032  1.014712E-14
4632.47768305793  1.025516E-14
4633.55620313554  9.819244E-15
4634.63472321315  9.407809E-15
4635.71324329076  9.270051E-15
4636.79176336837  9.261309E-15
4637.87028344599  9.267757E-15
4638.9488035236  8.643108E-15
4640.02732360121  8.340273E-15
4641.10584367882  8.173682E-15
4642.18436375643  8.420463E-15
4643.26288383404  8.861373E-15
4644.34140391165  8.884839E-15
4645.41992398927  8.057879E-15
4646.49844406688  7.428602E-15
4647.57696414449  6.956907E-15
4648.6554842221  7.116374E-15
4649.73400429971  7.593088E-15
4650.81252437732  8.330782E-15
4651.89104445494  9.049651E-15
4652.96956453255  9.474691E-15
4654.04808461016  9.226792E-15
4655.12660468777  8.949555E-15
4656.20512476538  8.407650E-15
4657.28364484299  8.306273E-15
4658.3621649206  8.780299E-15
4659.44068499822  9.759669E-15
4660.51920507583  1.036244E-14
4661.59772515344  1.037688E-14
4662.67624523105  9.546557E-15
4663.75476530866  8.887400E-15
4664.83328538627  8.545073E-15
4665.91180546389  8.240762E-15
4666.9903255415  7.370889E-15
4668.06884561911  6.940297E-15
4669.14736569672  7.006134E-15
4670.22588577433  7.671084E-15
4671.30440585194  8.440245E-15
4672.38292592955  8.854259E-15
4673.46144600717  8.734793E-15
4674.53996608478  8.473299E-15
4675.61848616239  8.440845E-15
4676.69700624  8.711060E-15
4677.77552631761  8.734418E-15
4678.85404639522  8.638275E-15
4679.93256647283  8.193686E-15
4681.01108655045  7.927645E-15
4682.08960662806  7.979387E-15
4683.16812670567  8.096067E-15
4684.24664678328  8.215785E-15
4685.32516686089  8.471889E-15
4686.4036869385  8.584818E-15
4687.48220701612  8.376268E-15
4688.56072709373  7.946757E-15
4689.63924717134  8.189654E-15
4690.71776724895  8.131090E-15
4691.79628732656  7.979719E-15
4692.87480740417  7.911732E-15
4693.95332748178  7.826208E-15
4695.0318475594  8.113902E-15
4696.11036763701  8.514930E-15
4697.18888771462  8.504937E-15
4698.26740779223  8.133691E-15
4699.34592786984  7.542866E-15
4700.42444794745  7.560561E-15
4701.50296802506  7.551321E-15
4702.58148810268  7.375600E-15
4703.66000818029  7.666333E-15
4704.7385282579  7.773474E-15
4705.81704833551  7.977707E-15
4706.89556841312  7.911505E-15
4707.97408849073  7.501202E-15
4709.05260856835  7.698375E-15
4710.13112864596  7.884077E-15
4711.20964872357  8.120531E-15
4712.28816880118  8.595463E-15
4713.36668887879  8.385788E-15
4714.4452089564  7.672252E-15
4715.52372903401  7.575113E-15
4716.60224911163  7.988457E-15
4717.68076918924  8.828425E-15
4718.75928926685  9.486279E-15
4719.83780934446  9.877852E-15
4720.91632942207  1.000130E-14
4721.99484949968  9.873006E-15
4723.07336957729  9.662426E-15
4724.15188965491  9.683017E-15
4725.23040973252  1.011826E-14
4726.30892981013  9.787461E-15
4727.38744988774  9.075577E-15
4728.46596996535  7.909932E-15
4729.54449004296  7.568314E-15
4730.62301012058  7.562646E-15
4731.70153019819  7.822051E-15
4732.7800502758  8.405144E-15
4733.85857035341  8.500386E-15
4734.93709043102  8.716223E-15
4736.01561050863  8.753133E-15
4737.09413058624  8.485379E-15
4738.17265066386  8.969365E-15
4739.25117074147  9.580605E-15
4740.32969081908  9.797265E-15
4741.40821089669  9.813678E-15
4742.4867309743  9.892079E-15
4743.56525105191  9.695726E-15
4744.64377112952  9.859068E-15
4745.72229120714  9.765676E-15
4746.80081128475  9.822304E-15
4747.87933136236  1.002773E-14
4748.95785143997  1.046699E-14
4750.03637151758  1.042373E-14
4751.11489159519  1.019412E-14
4752.1934116728  9.772552E-15
4753.27193175042  9.626363E-15
4754.35045182803  9.638074E-15
4755.42897190564  9.484983E-15
4756.50749198325  9.424261E-15
4757.58601206086  9.646453E-15
4758.66453213847  9.639410E-15
4759.74305221609  9.877976E-15
4760.8215722937  1.021693E-14
4761.90009237131  9.898978E-15
4762.97861244892  9.520085E-15
4764.05713252653  9.211163E-15
4765.13565260414  9.089519E-15
4766.21417268176  8.617582E-15
4767.29269275937  8.484276E-15
4768.37121283698  8.816193E-15
4769.44973291459  9.717831E-15
4770.5282529922  1.018116E-14
4771.60677306981  1.001642E-14
4772.68529314742  9.844524E-15
4773.76381322503  1.003900E-14
4774.84233330265  1.042870E-14
4775.92085338026  1.079101E-14
4776.99937345787  1.098423E-14
4778.07789353548  1.106933E-14
4779.15641361309  1.105775E-14
4780.23493369071  1.081858E-14
4781.31345376832  1.061100E-14
4782.39197384593  1.023487E-14
4783.47049392354  9.668095E-15
4784.54901400115  9.616283E-15
4785.62753407876  9.674724E-15
4786.70605415637  9.776021E-15
4787.78457423399  9.807628E-15
4788.8630943116  9.959169E-15
4789.94161438921  1.002799E-14
4791.02013446682  9.884189E-15
4792.09865454443  1.006953E-14
4793.17717462204  1.060205E-14
4794.25569469965  1.119634E-14
4795.33421477727  1.165395E-14
4796.41273485488  1.160633E-14
4797.49125493249  1.138430E-14
4798.5697750101  1.076220E-14
4799.64829508771  1.032040E-14
4800.72681516532  1.035588E-14
4801.80533524293  1.059868E-14
4802.88385532055  1.129314E-14
4803.96237539816  1.159874E-14
4805.04089547577  1.142523E-14
4806.11941555338  1.084785E-14
4807.19793563099  1.042103E-14
4808.2764557086  1.030520E-14
4809.35497578622  1.024171E-14
4810.43349586383  1.066263E-14
4811.51201594144  1.095967E-14
4812.59053601905  1.087851E-14
4813.66905609666  1.083642E-14
4814.74757617427  1.082279E-14
4815.82609625188  1.084621E-14
4816.90461632949  1.101387E-14
4817.98313640711  1.145010E-14
4819.06165648472  1.184981E-14
4820.14017656233  1.193763E-14
4821.21869663994  1.186381E-14
4822.29721671755  1.177122E-14
4823.37573679516  1.115583E-14
4824.45425687278  1.035310E-14
4825.53277695039  1.062895E-14
4826.611297028  1.091736E-14
4827.68981710561  1.084908E-14
4828.76833718322  1.090004E-14
4829.84685726083  1.086327E-14
4830.92537733844  1.092980E-14
4832.00389741606  1.051381E-14
4833.08241749367  1.018850E-14
4834.16093757128  1.054221E-14
4835.23945764889  1.110182E-14
4836.3179777265  1.125791E-14
4837.39649780411  1.126719E-14
4838.47501788173  1.115831E-14
4839.55353795934  1.073117E-14
4840.63205803695  1.066579E-14
4841.71057811456  1.050406E-14
4842.78909819217  1.046206E-14
4843.86761826978  1.042211E-14
4844.94613834739  1.081062E-14
4846.02465842501  1.140877E-14
4847.10317850262  1.138969E-14
4848.18169858023  1.112499E-14
4849.26021865784  1.112249E-14
4850.33873873545  1.102527E-14
4851.41725881306  1.120077E-14
4852.49577889067  1.153619E-14
4853.57429896829  1.133001E-14
4854.6528190459  1.049295E-14
4855.73133912351  9.814914E-15
4856.80985920112  9.806161E-15
4857.88837927873  1.023749E-14
4858.96689935634  1.042525E-14
4860.04541943396  1.005910E-14
4861.12393951157  9.105143E-15
4862.20245958918  8.593735E-15
4863.28097966679  9.169854E-15
4864.3594997444  9.661048E-15
4865.43801982201  1.015939E-14
4866.51653989962  1.041475E-14
4867.59505997724  1.036110E-14
4868.67358005485  1.065371E-14
4869.75210013246  1.068015E-14
4870.83062021007  1.014532E-14
4871.90914028768  9.056198E-15
4872.98766036529  8.906439E-15
4874.06618044291  9.468105E-15
4875.14470052052  1.003343E-14
4876.22322059813  1.049362E-14
4877.30174067574  1.114649E-14
4878.38026075335  1.122899E-14
4879.45878083096  1.177231E-14
4880.53730090857  1.174772E-14
4881.61582098619  1.104647E-14
4882.6943410638  1.066005E-14
4883.77286114141  1.064968E-14
4884.85138121902  1.064952E-14
4885.92990129663  9.856392E-15
4887.00842137424  9.390915E-15
4888.08694145185  9.729103E-15
4889.16546152947  1.022099E-14
4890.24398160708  9.940475E-15
4891.32250168469  9.336622E-15
4892.4010217623  9.176966E-15
4893.47954183991  1.016170E-14
4894.55806191752  1.145624E-14
4895.63658199514  1.225678E-14
4896.71510207275  1.276721E-14
4897.79362215036  1.277583E-14
4898.87214222797  1.254301E-14
4899.95066230558  1.164953E-14
4901.02918238319  1.145994E-14
4902.1077024608  1.141221E-14
4903.18622253842  1.120783E-14
4904.26474261603  1.115487E-14
4905.34326269364  1.172343E-14
4906.42178277125  1.238033E-14
4907.50030284886  1.206241E-14
4908.57882292647  1.164990E-14
4909.65734300408  1.084493E-14
4910.7358630817  1.047410E-14
4911.81438315931  1.039991E-14
4912.89290323692  1.069784E-14
4913.97142331453  1.128225E-14
4915.04994339214  1.175675E-14
4916.12846346975  1.209105E-14
4917.20698354736  1.201426E-14
4918.28550362498  1.112567E-14
4919.36402370259  9.636886E-15
4920.4425437802  8.438119E-15
4921.52106385781  8.289786E-15
4922.59958393542  9.339092E-15
4923.67810401303  1.029911E-14
4924.75662409065  1.025460E-14
4925.83514416826  1.053223E-14
4926.91366424587  1.089180E-14
4927.99218432348  1.149939E-14
4929.07070440109  1.221358E-14
4930.1492244787  1.256939E-14
4931.22774455631  1.272083E-14
4932.30626463393  1.248661E-14
4933.38478471154  1.177113E-14
4934.46330478915  1.141430E-14
4935.54182486676  1.153679E-14
4936.62034494437  1.149652E-14
4937.69886502198  1.054364E-14
4938.77738509959  9.474796E-15
4939.85590517721  9.492617E-15
4940.93442525482  1.009249E-14
4942.01294533243  1.094750E-14
4943.09146541004  1.197700E-14
4944.16998548765  1.253753E-14
4945.24850556526  1.239215E-14
4946.32702564287  1.221798E-14
4947.40554572049  1.215840E-14
4948.4840657981  1.219570E-14
4949.56258587571  1.240469E-14
4950.64110595332  1.242800E-14
4951.71962603093  1.278647E-14
4952.79814610854  1.291016E-14
4953.87666618616  1.241727E-14
4954.95518626377  1.250872E-14
4956.03370634138  1.242390E-14
4957.11222641899  1.094308E-14
4958.1907464966  9.832122E-15
4959.26926657421  1.018150E-14
4960.34778665183  1.133130E-14
4961.42630672944  1.229047E-14
4962.50482680705  1.259614E-14
4963.58334688466  1.294735E-14
4964.66186696227  1.265421E-14
4965.74038703988  1.147451E-14
4966.81890711749  1.075452E-14
4967.89742719511  1.079117E-14
4968.97594727272  1.102921E-14
4970.05446735033  1.120754E-14
4971.13298742794  1.166845E-14
4972.21150750555  1.225187E-14
4973.29002758316  1.263601E-14
4974.36854766077  1.287720E-14
4975.44706773839  1.266971E-14
4976.525587816  1.220051E-14
4977.60410789361  1.209798E-14
4978.68262797122  1.161476E-14
4979.76114804883  1.093937E-14
4980.83966812644  1.092324E-14
4981.91818820406  1.065374E-14
4982.99670828167  9.888103E-15
4984.07522835928  9.376470E-15
4985.15374843689  9.830973E-15
4986.2322685145  1.031031E-14
4987.31078859211  1.100597E-14
4988.38930866972  1.159057E-14
4989.46782874734  1.147229E-14
4990.54634882495  1.153773E-14
4991.62486890256  1.135794E-14
4992.70338898017  1.150291E-14
4993.78190905778  1.135095E-14
4994.86042913539  1.096768E-14
4995.938949213  1.133641E-14
4997.01746929062  1.142725E-14
4998.09598936823  1.150184E-14
4999.17450944584  1.131342E-14
5000.25302952345  1.069096E-14
5001.33154960106  1.009852E-14
5002.41006967867  1.006581E-14
5003.48858975629  1.019635E-14
5004.5671098339  9.924450E-15
5005.64562991151  9.499327E-15
5006.72414998912  8.933752E-15
5007.80267006673  9.363079E-15
5008.88119014434  1.023171E-14
5009.95971022195  1.083323E-14
5011.03823029957  1.065683E-14
5012.11675037718  1.033103E-14
5013.19527045479  9.640775E-15
5014.2737905324  8.842458E-15
5015.35231061001  9.097677E-15
5016.43083068762  9.531919E-15
5017.50935076524  9.846877E-15
5018.58787084285  9.841481E-15
5019.66639092046  9.940943E-15
5020.74491099807  9.920636E-15
5021.82343107568  9.813263E-15
5022.90195115329  9.686046E-15
5023.98047123091  1.006110E-14
5025.05899130852  1.029848E-14
5026.13751138613  1.047643E-14
5027.21603146374  1.040121E-14
5028.29455154135  1.015713E-14
5029.37307161896  9.955365E-15
5030.45159169657  1.068629E-14
5031.53011177418  1.138855E-14
5032.6086318518  1.170501E-14
5033.68715192941  1.223751E-14
5034.76567200702  1.223474E-14
5035.84419208463  1.113510E-14
5036.92271216224  1.043176E-14
5038.00123223985  1.038756E-14
5039.07975231746  1.025686E-14
5040.15827239508  9.413441E-15
5041.23679247269  7.917954E-15
5042.3153125503  8.040475E-15
5043.39383262791  8.950094E-15
5044.47235270552  1.055870E-14
5045.55087278314  1.153527E-14
5046.62939286074  1.209415E-14
5047.70791293836  1.195521E-14
5048.78643301597  1.100820E-14
5049.86495309358  9.967741E-15
5050.94347317119  9.798864E-15
5052.0219932488  9.945929E-15
5053.10051332642  1.006022E-14
5054.17903340403  1.058295E-14
5055.25755348164  1.104228E-14
5056.33607355925  1.142502E-14
5057.41459363686  1.151829E-14
5058.49311371447  1.143735E-14
5059.57163379208  1.177219E-14
5060.65015386969  1.220889E-14
5061.72867394731  1.221038E-14
5062.80719402492  1.214308E-14
5063.88571410253  1.161285E-14
5064.96423418014  1.062367E-14
5066.04275425775  1.014447E-14
5067.12127433536  1.026325E-14
5068.19979441297  1.015209E-14
5069.27831449059  1.026328E-14
5070.3568345682  1.052817E-14
5071.43535464581  1.070941E-14
5072.51387472342  1.044661E-14
5073.59239480103  1.022165E-14
5074.67091487864  1.070895E-14
5075.74943495626  1.094503E-14
5076.82795503387  1.078130E-14
5077.90647511148  1.054379E-14
5078.98499518909  1.014070E-14
5080.0635152667  9.311405E-15
5081.14203534431  8.802777E-15
5082.22055542193  9.032244E-15
5083.29907549954  9.391418E-15
5084.37759557715  9.482507E-15
5085.45611565476  9.864703E-15
5086.53463573237  1.040595E-14
5087.61315580998  1.077047E-14
5088.69167588759  1.090696E-14
5089.77019596521  1.100052E-14
5090.84871604282  1.121939E-14
5091.92723612043  1.124730E-14
5093.00575619804  1.172689E-14
5094.08427627565  1.176264E-14
5095.16279635326  1.157524E-14
5096.24131643088  1.089243E-14
5097.31983650849  1.053742E-14
5098.3983565861  1.003173E-14
5099.47687666371  9.524845E-15
5100.55539674132  9.644509E-15
5101.63391681893  1.049225E-14
5102.71243689654  1.135268E-14
5103.79095697416  1.107771E-14
5104.86947705177  1.072424E-14
5105.94799712938  1.073128E-14
5107.02651720699  1.042883E-14
5108.1050372846  9.920978E-15
5109.18355736221  9.887726E-15
5110.26207743982  9.779559E-15
5111.34059751744  1.014961E-14
5112.41911759505  1.068294E-14
5113.49763767266  1.068379E-14
5114.57615775027  1.116004E-14
5115.65467782788  1.183322E-14
5116.73319790549  1.196608E-14
5117.8117179831  1.224288E-14
5118.89023806072  1.244659E-14
5119.96875813833  1.215347E-14
5121.04727821594  1.167337E-14
5122.12579829355  1.129041E-14
5123.20431837116  1.048945E-14
5124.28283844877  9.696234E-15
5125.36135852639  9.386997E-15
5126.439878604  9.582998E-15
5127.51839868161  9.966205E-15
5128.59691875922  9.566537E-15
5129.67543883683  9.513681E-15
5130.75395891444  9.868822E-15
5131.83247899205  1.059086E-14
5132.91099906967  1.140879E-14
5133.98951914728  1.168203E-14
5135.06803922489  1.174841E-14
5136.1465593025  1.175287E-14
5137.22507938011  1.164835E-14
5138.30359945772  1.112249E-14
5139.38211953533  1.041647E-14
5140.46063961295  1.054562E-14
5141.53915969056  1.083339E-14
5142.61767976817  1.078259E-14
5143.69619984578  1.066016E-14
5144.77471992339  1.065632E-14
5145.853240001  1.063656E-14
5146.93176007861  1.022179E-14
5148.01028015623  1.016759E-14
5149.08880023384  1.018119E-14
5150.16732031145  1.024918E-14
5151.24584038906  1.042002E-14
5152.32436046667  1.036389E-14
5153.40288054428  1.030902E-14
5154.4814006219  1.017075E-14
5155.55992069951  1.057958E-14
5156.63844077712  1.117054E-14
5157.71696085473  1.199275E-14
5158.79548093234  1.219001E-14
5159.87400100995  1.189277E-14
5160.95252108756  1.171579E-14
5162.03104116518  1.147607E-14
5163.10956124279  1.095885E-14
5164.1880813204  1.000511E-14
5165.26660139801  9.083831E-15
5166.34512147562  8.025013E-15
5167.42364155323  7.085264E-15
5168.50216163085  6.991127E-15
5169.58068170846  8.010109E-15
5170.65920178607  8.944637E-15
5171.73772186368  8.436474E-15
5172.81624194129  7.155598E-15
5173.8947620189  6.953324E-15
5174.97328209651  8.668495E-15
5176.05180217413  1.040492E-14
5177.13032225174  1.122708E-14
5178.20884232935  1.152069E-14
5179.28736240696  1.182887E-14
5180.36588248457  1.161994E-14
5181.44440256218  1.055409E-14
5182.52292263979  8.939554E-15
5183.60144271741  7.059411E-15
5184.67996279502  6.731558E-15
5185.75848287263  8.507597E-15
5186.83700295024  1.102248E-14
5187.91552302785  1.239259E-14
5188.99404310546  1.287061E-14
5190.07256318308  1.338111E-14
5191.15108326069  1.305160E-14
5192.2296033383  1.179842E-14
5193.30812341591  1.088614E-14
5194.38664349352  1.110724E-14
5195.46516357113  1.125281E-14
5196.54368364875  1.150925E-14
5197.62220372636  1.268039E-14
5198.70072380397  1.351192E-14
5199.77924388158  1.345617E-14
5200.85776395919  1.333255E-14
5201.9362840368  1.328091E-14
5203.01480411441  1.285400E-14
5204.09332419203  1.229240E-14
5205.17184426964  1.088913E-14
5206.25036434725  9.983748E-15
5207.32888442486  9.516531E-15
5208.40740450247  9.124652E-15
5209.48592458008  8.823170E-15
5210.56444465769  9.934783E-15
5211.64296473531  1.099258E-14
5212.72148481292  1.249192E-14
5213.80000489053  1.338591E-14
5214.87852496814  1.367398E-14
5215.95704504575  1.307956E-14
5217.03556512336  1.288201E-14
5218.11408520098  1.313299E-14
5219.19260527859  1.394192E-14
5220.2711253562  1.412840E-14
5221.34964543381  1.469381E-14
5222.42816551142  1.459216E-14
5223.50668558903  1.372944E-14
5224.58520566664  1.213405E-14
5225.66372574426  1.087929E-14
5226.74224582187  1.014038E-14
5227.82076589948  1.029345E-14
5228.89928597709  1.141687E-14
5229.9778060547  1.309513E-14
5231.05632613231  1.414281E-14
5232.13484620992  1.398892E-14
5233.21336628753  1.309672E-14
5234.29188636515  1.260121E-14
5235.37040644276  1.277026E-14
5236.44892652037  1.353264E-14
5237.52744659798  1.419599E-14
5238.60596667559  1.468732E-14
5239.6844867532  1.453883E-14
5240.76300683082  1.440105E-14
5241.84152690843  1.475030E-14
5242.92004698604  1.473395E-14
5243.99856706365  1.501304E-14
5245.07708714126  1.541202E-14
5246.15560721887  1.463971E-14
5247.23412729648  1.328179E-14
5248.3126473741  1.261290E-14
5249.39116745171  1.266071E-14
5250.46968752932  1.253507E-14
5251.54820760693  1.215508E-14
5252.62672768454  1.268504E-14
5253.70524776215  1.352765E-14
5254.78376783977  1.316204E-14
5255.86228791738  1.288464E-14
5256.94080799499  1.385930E-14
5258.0193280726  1.500404E-14
5259.09784815021  1.549944E-14
5260.17636822782  1.543193E-14
5261.25488830543  1.480631E-14
5262.33340838304  1.353243E-14
5263.41192846066  1.227735E-14
5264.49044853827  1.100405E-14
5265.56896861588  9.972613E-15
5266.64748869349  9.906719E-15
5267.7260087711  1.083818E-14
5268.80452884871  1.080702E-14
5269.88304892633  9.366276E-15
5270.96156900394  9.181420E-15
5272.04008908155  1.069494E-14
5273.11860915916  1.250039E-14
5274.19712923677  1.313205E-14
5275.27564931438  1.296547E-14
5276.354169392  1.289085E-14
5277.43268946961  1.410296E-14
5278.51120954722  1.505099E-14
5279.58972962483  1.513575E-14
5280.66824970244  1.484571E-14
5281.74676978005  1.402430E-14
5282.82528985767  1.329594E-14
5283.90380993528  1.303854E-14
5284.98233001289  1.331194E-14
5286.0608500905  1.501522E-14
5287.13937016811  1.591194E-14
5288.21789024572  1.596783E-14
5289.29641032333  1.577793E-14
5290.37493040095  1.597006E-14
5291.45345047856  1.646113E-14
5292.53197055617  1.656646E-14
5293.61049063378  1.585764E-14
5294.68901071139  1.538036E-14
5295.767530789  1.481960E-14
5296.84605086661  1.387698E-14
5297.92457094423  1.259862E-14
5299.00309102184  1.229843E-14
5300.08161109945  1.313816E-14
5301.16013117706  1.373414E-14
5302.23865125467  1.373496E-14
5303.31717133228  1.461737E-14
5304.39569140989  1.550864E-14
5305.47421148751  1.636668E-14
5306.55273156512  1.664610E-14
5307.63125164273  1.635521E-14
5308.70977172034  1.643320E-14
5309.78829179795  1.655774E-14
5310.86681187556  1.684651E-14
5311.94533195318  1.666571E-14
5313.02385203079  1.618680E-14
5314.1023721084  1.590860E-14
5315.18089218601  1.589244E-14
5316.25941226362  1.588457E-14
5317.33793234123  1.554908E-14
5318.41645241884  1.549032E-14
5319.49497249646  1.526246E-14
5320.57349257407  1.542977E-14
5321.65201265168  1.585176E-14
5322.73053272929  1.554088E-14
5323.8090528069  1.465169E-14
5324.88757288451  1.404062E-14
5325.96609296212  1.406848E-14
5327.04461303974  1.295647E-14
5328.12313311735  1.116029E-14
5329.20165319496  1.040771E-14
5330.28017327257  1.148202E-14
5331.35869335018  1.344246E-14
5332.43721342779  1.443609E-14
5333.5157335054  1.464484E-14
5334.59425358302  1.516030E-14
5335.67277366063  1.594674E-14
5336.75129373824  1.604678E-14
5337.82981381585  1.588226E-14
5338.90833389346  1.569372E-14
5339.98685397107  1.466459E-14
5341.06537404869  1.336899E-14
5342.1438941263  1.369224E-14
5343.22241420391  1.474637E-14
5344.30093428152  1.546552E-14
5345.37945435913  1.536657E-14
5346.45797443674  1.495701E-14
5347.53649451435  1.483480E-14
5348.61501459197  1.456604E-14
5349.69353466958  1.413724E-14
5350.77205474719  1.489232E-14
5351.8505748248  1.540895E-14
5352.92909490241  1.586269E-14
5354.00761498002  1.656262E-14
5355.08613505763  1.708905E-14
5356.16465513525  1.743193E-14
5357.24317521286  1.755863E-14
5358.32169529047  1.761746E-14
5359.40021536808  1.763226E-14
5360.47873544569  1.719332E-14
5361.5572555233  1.675002E-14
5362.63577560092  1.637473E-14
5363.71429567853  1.616350E-14
5364.79281575614  1.575708E-14
5365.87133583375  1.547406E-14
5366.94985591136  1.538910E-14
5368.02837598897  1.560591E-14
5369.10689606659  1.521614E-14
5370.1854161442  1.402354E-14
5371.26393622181  1.284659E-14
5372.34245629942  1.262178E-14
5373.42097637703  1.414322E-14
5374.49949645464  1.568102E-14
5375.57801653225  1.659816E-14
5376.65653660987  1.647993E-14
5377.73505668748  1.594934E-14
5378.81357676509  1.635655E-14
5379.8920968427  1.670592E-14
5380.97061692031  1.644328E-14
5382.04913699792  1.592758E-14
5383.12765707553  1.577492E-14
5384.20617715314  1.592029E-14
5385.28469723076  1.596684E-14
5386.36321730837  1.608160E-14
5387.44173738598  1.612390E-14
5388.52025746359  1.583142E-14
5389.5987775412  1.498119E-14
5390.67729761882  1.414510E-14
5391.75581769643  1.423712E-14
5392.83433777404  1.436609E-14
5393.91285785165  1.463245E-14
5394.99137792926  1.463351E-14
5396.06989800687  1.417532E-14
5397.14841808448  1.308474E-14
5398.2269381621  1.288000E-14
5399.30545823971  1.388855E-14
5400.38397831732  1.493044E-14
5401.46249839493  1.526193E-14
5402.54101847254  1.495827E-14
5403.61953855015  1.465984E-14
5404.69805862776  1.347083E-14
5405.77657870537  1.209467E-14
5406.85509878299  1.216549E-14
5407.9336188606  1.305157E-14
5409.01213893821  1.359141E-14
5410.09065901582  1.351488E-14
5411.16917909343  1.395029E-14
5412.24769917105  1.492570E-14
5413.32621924866  1.555729E-14
5414.40473932627  1.598598E-14
5415.48325940388  1.623161E-14
5416.56177948149  1.654455E-14
5417.6402995591  1.695097E-14
5418.71881963671  1.699796E-14
5419.79733971433  1.639844E-14
5420.87585979194  1.591006E-14
5421.95437986955  1.597815E-14
5423.03289994716  1.627323E-14
5424.11142002477  1.581270E-14
5425.18994010238  1.547363E-14
5426.26846017999  1.622642E-14
5427.34698025761  1.687666E-14
5428.42550033522  1.655999E-14
5429.50402041283  1.505452E-14
5430.58254049044  1.411067E-14
5431.66106056805  1.435076E-14
5432.73958064566  1.472420E-14
5433.81810072327  1.457124E-14
5434.89662080089  1.393468E-14
5435.9751408785  1.374817E-14
5437.05366095611  1.425831E-14
5438.13218103372  1.524305E-14
5439.21070111133  1.597594E-14
5440.28922118894  1.704728E-14
5441.36774126656  1.762400E-14
5442.44626134417  1.738267E-14
5443.52478142178  1.745650E-14
5444.60330149939  1.741883E-14
5445.681821577  1.578064E-14
5446.76034165461  1.416921E-14
5447.83886173222  1.361140E-14
5448.91738180984  1.472901E-14
5449.99590188745  1.606067E-14
5451.07442196506  1.698838E-14
5452.15294204267  1.676801E-14
5453.23146212028  1.628643E-14
5454.30998219789  1.580120E-14
5455.38850227551  1.433199E-14
5456.46702235312  1.397791E-14
5457.54554243073  1.482351E-14
5458.62406250834  1.679179E-14
5459.70258258595  1.793201E-14
5460.78110266356  1.797425E-14
5461.85962274117  1.741323E-14
5462.93814281878  1.667102E-14
5464.0166628964  1.582771E-14
5465.09518297401  1.603898E-14
5466.17370305162  1.657581E-14
5467.25222312923  1.666207E-14
5468.33074320684  1.669691E-14
5469.40926328445  1.646179E-14
5470.48778336207  1.600200E-14
5471.56630343968  1.591425E-14
5472.64482351729  1.592130E-14
5473.7233435949  1.547890E-14
5474.80186367251  1.530671E-14
5475.88038375012  1.496970E-14
5476.95890382773  1.401175E-14
5478.03742390535  1.387526E-14
5479.11594398296  1.508225E-14
5480.19446406057  1.582975E-14
5481.27298413818  1.521092E-14
5482.35150421579  1.454695E-14
5483.4300242934  1.487194E-14
5484.50854437102  1.574887E-14
5485.58706444863  1.663576E-14
5486.66558452624  1.652136E-14
5487.74410460385  1.565991E-14
5488.82262468146  1.559296E-14
5489.90114475907  1.555742E-14
5490.97966483668  1.580339E-14
5492.0581849143  1.625734E-14
5493.13670499191  1.624473E-14
5494.21522506952  1.632314E-14
5495.29374514713  1.606318E-14
5496.37226522474  1.597504E-14
5497.45078530235  1.584387E-14
5498.52930537996  1.592474E-14
5499.60782545758  1.645364E-14
5500.68634553519  1.684533E-14
5501.7648656128  1.646369E-14
5502.84338569041  1.596383E-14
5503.92190576802  1.543423E-14
5505.00042584563  1.566584E-14
5506.07894592324  1.552305E-14
5507.15746600086  1.507913E-14
5508.23598607847  1.569007E-14
5509.31450615608  1.633122E-14
5510.39302623369  1.617210E-14
5511.4715463113  1.570300E-14
5512.55006638892  1.498245E-14
5513.62858646653  1.458857E-14
5514.70710654414  1.470559E-14
5515.78562662175  1.480829E-14
5516.86414669936  1.541114E-14
5517.94266677697  1.589975E-14
5519.02118685458  1.687328E-14
5520.09970693219  1.702644E-14
5521.17822700981  1.698928E-14
5522.25674708742  1.689850E-14
5523.33526716503  1.695942E-14
5524.41378724264  1.671045E-14
5525.49230732025  1.700885E-14
5526.57082739786  1.664477E-14
5527.64934747548  1.582139E-14
5528.72786755309  1.514865E-14
5529.8063876307  1.523036E-14
5530.88490770831  1.558316E-14
5531.96342778592  1.616406E-14
5533.04194786353  1.631397E-14
5534.12046794114  1.593084E-14
5535.19898801876  1.596171E-14
5536.27750809637  1.597649E-14
5537.35602817398  1.602640E-14
5538.43454825159  1.596007E-14
5539.5130683292  1.603256E-14
5540.59158840681  1.636377E-14
5541.67010848443  1.668925E-14
5542.74862856204  1.686449E-14
5543.82714863965  1.665657E-14
5544.90566871726  1.677442E-14
5545.98418879487  1.660954E-14
5547.06270887248  1.632259E-14
5548.14122895009  1.691257E-14
5549.21974902771  1.755640E-14
5550.29826910532  1.762632E-14
5551.37678918293  1.770784E-14
5552.45530926054  1.732053E-14
5553.53382933815  1.695053E-14
5554.61234941576  1.652744E-14
5555.69086949337  1.631338E-14
5556.76938957099  1.685304E-14
5557.8479096486  1.687022E-14
5558.92642972621  1.660409E-14
5560.00494980382  1.648493E-14
5561.08346988143  1.658995E-14
5562.16198995904  1.641068E-14
5563.24051003666  1.597876E-14
5564.31903011427  1.619780E-14
5565.39755019188  1.618080E-14
5566.47607026949  1.566427E-14
5567.5545903471  1.536703E-14
5568.63311042471  1.563437E-14
5569.71163050232  1.589674E-14
5570.79015057994  1.612582E-14
5571.86867065755  1.628048E-14
5572.94719073516  1.628843E-14
5574.02571081277  1.602740E-14
5575.10423089038  1.668738E-14
5576.18275096799  1.704407E-14
5577.26127104561  1.786245E-14
5578.33979112321  1.817916E-14
5579.41831120083  1.750384E-14
5580.49683127844  1.741384E-14
5581.57535135605  1.652399E-14
5582.65387143366  1.627637E-14
5583.73239151127  1.596225E-14
5584.81091158888  1.561674E-14
5585.8894316665  1.523396E-14
5586.96795174411  1.415217E-14
5588.04647182172  1.366975E-14
5589.12499189933  1.399240E-14
5590.20351197694  1.419959E-14
5591.28203205455  1.460899E-14
5592.36055213217  1.502444E-14
5593.43907220978  1.522852E-14
5594.51759228739  1.516880E-14
5595.596112365  1.574033E-14
5596.67463244261  1.687961E-14
5597.75315252022  1.700234E-14
5598.83167259783  1.625159E-14
5599.91019267545  1.601729E-14
5600.98871275306  1.573386E-14
5602.06723283067  1.488221E-14
5603.14575290828  1.482534E-14
5604.22427298589  1.532712E-14
5605.3027930635  1.639980E-14
5606.38131314111  1.748620E-14
5607.45983321873  1.796561E-14
5608.53835329634  1.772427E-14
5609.61687337395  1.767480E-14
5610.69539345156  1.751129E-14
5611.77391352917  1.766335E-14
5612.85243360678  1.822267E-14
5613.9309536844  1.770866E-14
5615.00947376201  1.608262E-14
5616.08799383962  1.468056E-14
5617.16651391723  1.472739E-14
5618.24503399484  1.583830E-14
5619.32355407245  1.601297E-14
5620.40207415006  1.590096E-14
5621.48059422768  1.620611E-14
5622.55911430529  1.677810E-14
5623.6376343829  1.622538E-14
5624.71615446051  1.513366E-14
5625.79467453812  1.475896E-14
5626.87319461573  1.491881E-14
5627.95171469335  1.554644E-14
5629.03023477096  1.625121E-14
5630.10875484857  1.697300E-14
5631.18727492618  1.738641E-14
5632.26579500379  1.718844E-14
5633.3443150814  1.699877E-14
5634.42283515901  1.663272E-14
5635.50135523663  1.612619E-14
5636.57987531424  1.591299E-14
5637.65839539185  1.566650E-14
5638.73691546946  1.620314E-14
5639.81543554707  1.641956E-14
5640.89395562468  1.601023E-14
5641.97247570229  1.595445E-14
5643.05099577991  1.603147E-14
5644.12951585752  1.633598E-14
5645.20803593513  1.613613E-14
5646.28655601274  1.626045E-14
5647.36507609035  1.661224E-14
5648.44359616796  1.663762E-14
5649.52211624557  1.629067E-14
5650.60063632319  1.634037E-14
5651.6791564008  1.690500E-14
5652.75767647841  1.735752E-14
5653.83619655602  1.736387E-14
5654.91471663363  1.664121E-14
5655.99323671125  1.613580E-14
5657.07175678886  1.647468E-14
5658.15027686647  1.566518E-14
5659.22879694408  1.469875E-14
5660.30731702169  1.506244E-14
5661.3858370993  1.561679E-14
5662.46435717691  1.596735E-14
5663.54287725452  1.554171E-14
5664.62139733214  1.632991E-14
5665.69991740975  1.704189E-14
5666.77843748736  1.679794E-14
5667.85695756497  1.681381E-14
5668.93547764258  1.628434E-14
5670.01399772019  1.646983E-14
5671.0925177978  1.642457E-14
5672.17103787542  1.689866E-14
5673.24955795303  1.762620E-14
5674.32807803064  1.818236E-14
5675.40659810825  1.773309E-14
5676.48511818586  1.813476E-14
5677.56363826347  1.804570E-14
5678.64215834108  1.811701E-14
5679.7206784187  1.794983E-14
5680.79919849631  1.742010E-14
5681.87771857392  1.698563E-14
5682.95623865153  1.687453E-14
5684.03475872914  1.663257E-14
5685.11327880676  1.709665E-14
5686.19179888437  1.721449E-14
5687.27031896198  1.671884E-14
5688.34883903959  1.625969E-14
5689.4273591172  1.652280E-14
5690.50587919481  1.703669E-14
5691.58439927242  1.735907E-14
5692.66291935003  1.780435E-14
5693.74143942765  1.817800E-14
5694.81995950526  1.816492E-14
5695.89847958287  1.788049E-14
5696.97699966048  1.776115E-14
5698.05551973809  1.708012E-14
5699.1340398157  1.651098E-14
5700.21255989331  1.615322E-14
5701.29107997093  1.565900E-14
5702.36960004854  1.573613E-14
5703.44812012615  1.587796E-14
5704.52664020376  1.615720E-14
5705.60516028137  1.646875E-14
5706.68368035898  1.607682E-14
5707.7622004366  1.561495E-14
5708.84072051421  1.474465E-14
5709.91924059182  1.412453E-14
5710.99776066943  1.476057E-14
5712.07628074704  1.493351E-14
5713.15480082465  1.550186E-14
5714.23332090227  1.642778E-14
5715.31184097988  1.682443E-14
5716.39036105749  1.717003E-14
5717.4688811351  1.718313E-14
5718.54740121271  1.752681E-14
5719.62592129032  1.771964E-14
5720.70444136793  1.773727E-14
5721.78296144555  1.826623E-14
5722.86148152316  1.863760E-14
5723.94000160077  1.835050E-14
5725.01852167838  1.863976E-14
5726.09704175599  1.839784E-14
5727.1755618336  1.761737E-14
5728.25408191122  1.738460E-14
5729.33260198883  1.793323E-14
5730.41112206644  1.766702E-14
5731.48964214405  1.706274E-14
5732.56816222166  1.727743E-14
5733.64668229927  1.795828E-14
5734.72520237688  1.800615E-14
5735.8037224545  1.802331E-14
5736.88224253211  1.777937E-14
5737.96076260972  1.765886E-14
5739.03928268733  1.783355E-14
5740.11780276494  1.791062E-14
5741.19632284255  1.777148E-14
5742.27484292016  1.736272E-14
5743.35336299778  1.693440E-14
5744.43188307539  1.713746E-14
5745.510403153  1.784648E-14
5746.58892323061  1.828961E-14
5747.66744330822  1.734978E-14
5748.74596338583  1.713839E-14
5749.82448346344  1.732884E-14
5750.90300354106  1.760988E-14
5751.98152361867  1.762194E-14
5753.06004369628  1.726164E-14
5754.13856377389  1.622121E-14
5755.2170838515  1.665522E-14
5756.29560392911  1.760924E-14
5757.37412400673  1.772001E-14
5758.45264408434  1.829101E-14
5759.53116416195  1.768044E-14
5760.60968423956  1.712289E-14
5761.68820431717  1.669500E-14
5762.76672439478  1.618164E-14
5763.84524447239  1.648335E-14
5764.92376455001  1.752204E-14
5766.00228462762  1.832861E-14
5767.08080470523  1.927570E-14
5768.15932478284  1.926647E-14
5769.23784486045  1.908770E-14
5770.31636493806  1.901156E-14
5771.39488501567  1.843356E-14
5772.47340509329  1.806858E-14
5773.5519251709  1.788963E-14
5774.63044524851  1.780537E-14
5775.70896532612  1.782485E-14
5776.78748540373  1.806364E-14
5777.86600548134  1.831788E-14
5778.94452555895  1.803169E-14
5780.02304563657  1.706619E-14
5781.10156571418  1.565373E-14
5782.18008579179  1.512338E-14
5783.2586058694  1.538992E-14
5784.33712594701  1.513311E-14
5785.41564602462  1.477585E-14
5786.49416610224  1.495977E-14
5787.57268617985  1.584587E-14
5788.65120625746  1.680058E-14
5789.72972633507  1.742212E-14
5790.80824641268  1.741277E-14
5791.88676649029  1.706161E-14
5792.9652865679  1.731585E-14
5794.04380664552  1.759288E-14
5795.12232672313  1.839216E-14
5796.20084680074  1.834895E-14
5797.27936687835  1.728900E-14
5798.35788695596  1.688246E-14
5799.43640703357  1.772798E-14
5800.51492711119  1.877693E-14
5801.5934471888  1.923087E-14
5802.67196726641  1.904493E-14
5803.75048734402  1.869709E-14
5804.82900742163  1.799278E-14
5805.90752749924  1.821530E-14
5806.98604757685  1.791265E-14
5808.06456765447  1.791538E-14
5809.14308773208  1.815092E-14
5810.22160780969  1.862960E-14
5811.3001278873  1.852840E-14
5812.37864796491  1.893096E-14
5813.45716804252  1.879622E-14
5814.53568812013  1.831166E-14
5815.61420819775  1.792138E-14
5816.69272827536  1.759720E-14
5817.77124835297  1.794925E-14
5818.84976843058  1.869965E-14
5819.92828850819  1.925958E-14
5821.00680858581  1.959242E-14
5822.08532866342  1.950514E-14
5823.16384874103  1.907622E-14
5824.24236881864  1.867391E-14
5825.32088889625  1.913075E-14
5826.39940897386  1.923102E-14
5827.47792905147  1.928238E-14
5828.55644912909  1.909790E-14
5829.6349692067  1.956548E-14
5830.71348928431  1.947414E-14
5831.79200936192  1.953228E-14
5832.87052943953  1.944117E-14
5833.94904951714  1.886037E-14
5835.02756959475  1.857524E-14
5836.10608967236  1.899961E-14
5837.18460974998  1.885875E-14
5838.26312982759  1.855819E-14
5839.3416499052  1.879733E-14
5840.42016998281  1.883886E-14
5841.49869006042  1.971069E-14
5842.57721013803  1.968582E-14
5843.65573021565  1.952655E-14
5844.73425029326  1.958931E-14
5845.81277037087  1.930260E-14
5846.89129044848  1.854162E-14
5847.96981052609  1.823860E-14
5849.0483306037  1.885032E-14
5850.12685068131  1.904024E-14
5851.20537075893  1.873612E-14
5852.28389083654  1.838238E-14
5853.36241091415  1.805065E-14
5854.44093099176  1.804247E-14
5855.51945106937  1.814354E-14
5856.59797114698  1.789308E-14
5857.6764912246  1.752076E-14
5858.75501130221  1.717267E-14
5859.83353137982  1.780457E-14
5860.91205145743  1.853758E-14
5861.99057153504  1.852630E-14
5863.06909161265  1.852011E-14
5864.14761169026  1.845198E-14
5865.22613176787  1.876499E-14
5866.30465184549  1.856278E-14
5867.3831719231  1.817768E-14
5868.46169200071  1.836946E-14
5869.54021207832  1.907064E-14
5870.61873215593  1.949943E-14
5871.69725223354  1.934782E-14
5872.77577231116  1.896624E-14
5873.85429238877  1.870742E-14
5874.93281246638  1.950091E-14
5876.01133254399  1.922235E-14
5877.0898526216  1.894766E-14
5878.16837269921  1.888643E-14
5879.24689277682  1.878948E-14
5880.32541285444  1.781370E-14
5881.40393293205  1.718332E-14
5882.48245300966  1.789686E-14
5883.56097308727  1.816622E-14
5884.63949316488  1.783382E-14
5885.71801324249  1.788670E-14
5886.79653332011  1.730138E-14
5887.87505339772  1.610148E-14
5888.95357347533  1.409362E-14
5890.03209355294  1.146846E-14
5891.11061363055  1.099487E-14
5892.18913370816  1.221173E-14
5893.26765378577  1.341464E-14
5894.34617386339  1.394651E-14
5895.424693941  1.286876E-14
5896.50321401861  1.164982E-14
5897.58173409622  1.269407E-14
5898.66025417383  1.399764E-14
5899.73877425144  1.544369E-14
5900.81729432906  1.632991E-14
5901.89581440667  1.740539E-14
5902.97433448428  1.758163E-14
5904.05285456189  1.779049E-14
5905.1313746395  1.853554E-14
5906.20989471711  1.805145E-14
5907.28841479472  1.797600E-14
5908.36693487234  1.849587E-14
5909.44545494995  1.813205E-14
5910.52397502756  1.820143E-14
5911.60249510517  1.851338E-14
5912.68101518278  1.870881E-14
5913.75953526039  1.824015E-14
5914.838055338  1.788093E-14
5915.91657541562  1.722862E-14
5916.99509549323  1.774854E-14
5918.07361557084  1.775567E-14
5919.15213564845  1.763109E-14
5920.23065572606  1.787132E-14
5921.30917580367  1.828934E-14
5922.38769588129  1.821880E-14
5923.4662159589  1.808768E-14
5924.54473603651  1.808035E-14
5925.62325611412  1.858971E-14
5926.70177619173  1.901669E-14
5927.78029626934  1.934718E-14
5928.85881634695  1.905246E-14
5929.93733642457  1.831664E-14
5931.01585650218  1.856664E-14
5932.09437657979  1.899263E-14
5933.1728966574  1.893001E-14
5934.25141673501  1.865665E-14
5935.32993681262  1.837997E-14
5936.40845689023  1.845868E-14
5937.48697696785  1.872805E-14
5938.56549704546  1.889392E-14
5939.64401712307  1.913321E-14
5940.72253720068  1.840858E-14
5941.80105727829  1.748605E-14
5942.8795773559  1.754919E-14
5943.95809743352  1.752383E-14
5945.03661751113  1.790236E-14
5946.11513758874  1.851166E-14
5947.19365766635  1.826446E-14
5948.27217774396  1.826621E-14
5949.35069782157  1.844869E-14
5950.42921789918  1.824826E-14
5951.5077379768  1.855697E-14
5952.58625805441  1.877192E-14
5953.66477813202  1.839093E-14
5954.74329820963  1.848346E-14
5955.82181828724  1.876040E-14
5956.90033836485  1.861785E-14
5957.97885844246  1.829947E-14
5959.05737852008  1.780020E-14
5960.13589859769  1.853979E-14
5961.2144186753  1.954763E-14
5962.29293875291  1.988865E-14
5963.37145883052  1.954376E-14
5964.44997890813  1.936017E-14
5965.52849898574  1.908539E-14
5966.60701906336  1.909666E-14
5967.68553914097  1.921446E-14
5968.76405921858  1.915980E-14
5969.84257929619  1.903831E-14
5970.9210993738  1.956732E-14
5971.99961945141  1.994329E-14
5973.07813952903  1.989455E-14
5974.15665960664  1.995407E-14
5975.23517968425  1.948163E-14
5976.31369976186  1.863620E-14
5977.39221983947  1.799146E-14
5978.47073991708  1.786525E-14
5979.54925999469  1.826020E-14
5980.62778007231  1.915852E-14
5981.70630014992  1.973040E-14
5982.78482022753  1.885838E-14
5983.86334030514  1.822124E-14
5984.94186038275  1.813595E-14
5986.02038046036  1.820443E-14
5987.09890053798  1.837126E-14
5988.17742061559  1.830322E-14
5989.2559406932  1.920995E-14
5990.33446077081  1.946910E-14
5991.41298084842  1.911469E-14
5992.49150092603  1.911917E-14
5993.57002100364  1.947760E-14
5994.64854108125  1.964197E-14
5995.72706115887  1.983288E-14
5996.80558123648  1.904906E-14
5997.88410131409  1.830892E-14
5998.9626213917  1.796879E-14
6000.04114146931  1.851748E-14
6001.11966154693  1.881661E-14
6002.19818162454  1.860508E-14
6003.27670170215  1.864630E-14
6004.35522177976  1.892063E-14
6005.43374185737  1.892741E-14
6006.51226193498  1.864849E-14
6007.59078201259  1.812485E-14
6008.6693020902  1.735092E-14
6009.74782216782  1.823999E-14
6010.82634224543  1.916273E-14
6011.90486232304  1.887003E-14
6012.98338240065  1.861144E-14
6014.06190247826  1.845939E-14
6015.14042255587  1.826846E-14
6016.21894263348  1.833589E-14
6017.2974627111  1.862098E-14
6018.37598278871  1.865581E-14
6019.45450286632  1.800714E-14
6020.53302294393  1.770519E-14
6021.61154302154  1.816847E-14
6022.69006309915  1.900191E-14
6023.76858317677  1.894119E-14
6024.84710325438  1.883468E-14
6025.92562333199  1.916011E-14
6027.0041434096  1.936819E-14
6028.08266348721  1.937821E-14
6029.16118356482  1.952261E-14
6030.23970364244  1.975336E-14
6031.31822372005  1.985795E-14
6032.39674379766  1.998020E-14
6033.47526387527  1.994574E-14
6034.55378395288  1.959460E-14
6035.63230403049  1.993420E-14
6036.7108241081  2.023267E-14
6037.78934418572  2.005607E-14
6038.86786426333  2.001509E-14
6039.94638434094  1.983456E-14
6041.02490441855  1.958220E-14
6042.10342449616  1.960364E-14
6043.18194457377  1.994778E-14
6044.26046465139  2.011490E-14
6045.338984729  2.022454E-14
6046.41750480661  2.031886E-14
6047.49602488422  2.038504E-14
6048.57454496183  2.007410E-14
6049.65306503944  2.025924E-14
6050.73158511705  2.085845E-14
6051.81010519467  2.066741E-14
6052.88862527228  2.051938E-14
6053.96714534989  2.019800E-14
6055.0456654275  1.947785E-14
6056.12418550511  1.911048E-14
6057.20270558272  1.877555E-14
6058.28122566033  1.887018E-14
6059.35974573795  1.940989E-14
6060.43826581556  1.979010E-14
6061.51678589317  1.984778E-14
6062.59530597078  1.956431E-14
6063.67382604839  1.926019E-14
6064.752346126  1.856843E-14
6065.83086620361  1.857457E-14
6066.90938628123  1.924679E-14
6067.98790635884  2.004165E-14
6069.06642643645  2.040455E-14
6070.14494651406  2.036684E-14
6071.22346659167  2.071906E-14
6072.30198666928  2.085375E-14
6073.3805067469  2.080052E-14
6074.45902682451  2.075686E-14
6075.53754690212  2.058897E-14
6076.61606697973  1.987889E-14
6077.69458705734  1.991579E-14
6078.77310713495  1.926562E-14
6079.85162721256  1.946928E-14
6080.93014729018  1.952843E-14
6082.00866736779  1.914984E-14
6083.0871874454  1.910579E-14
6084.16570752301  1.871185E-14
6085.24422760062  1.858594E-14
6086.32274767823  1.900049E-14
6087.40126775584  1.891010E-14
6088.47978783346  1.939886E-14
6089.55830791107  1.928622E-14
6090.63682798868  1.872668E-14
6091.71534806629  1.878631E-14
6092.7938681439  1.832703E-14
6093.87238822151  1.890589E-14
6094.95090829912  1.901742E-14
6096.02942837674  1.934377E-14
6097.10794845435  1.971139E-14
6098.18646853196  1.915357E-14
6099.26498860957  1.965950E-14
6100.34350868718  1.976710E-14
6101.42202876479  1.882262E-14
6102.50054884241  1.758088E-14
6103.57906892002  1.665398E-14
6104.65758899763  1.739703E-14
6105.73610907524  1.802492E-14
6106.81462915285  1.890123E-14
6107.89314923046  1.910462E-14
6108.97166930807  1.899425E-14
6110.05018938569  1.962890E-14
6111.1287094633  1.964717E-14
6112.20722954091  1.965312E-14
6113.28574961852  1.987472E-14
6114.36426969613  2.013756E-14
6115.44278977374  1.977539E-14
6116.52130985136  1.933877E-14
6117.59982992897  1.958469E-14
6118.67835000658  1.928720E-14
6119.75687008419  1.920457E-14
6120.8353901618  1.861239E-14
6121.91391023941  1.732647E-14
6122.99243031702  1.771184E-14
6124.07095039464  1.845300E-14
6125.14947047225  1.907232E-14
6126.22799054986  1.937537E-14
6127.30651062747  1.887605E-14
6128.38503070508  1.836015E-14
6129.46355078269  1.895226E-14
6130.5420708603  1.929522E-14
6131.62059093792  1.955203E-14
6132.69911101553  2.000831E-14
6133.77763109314  1.983711E-14
6134.85615117075  1.892439E-14
6135.93467124836  1.757536E-14
6137.01319132597  1.616725E-14
6138.09171140358  1.586707E-14
6139.1702314812  1.668991E-14
6140.24875155881  1.786037E-14
6141.32727163642  1.824360E-14
6142.40579171403  1.835623E-14
6143.48431179164  1.869650E-14
6144.56283186926  1.909626E-14
6145.64135194687  1.925770E-14
6146.71987202448  1.913362E-14
6147.79839210209  1.930208E-14
6148.8769121797  1.907353E-14
6149.95543225731  1.857525E-14
6151.03395233492  1.849323E-14
6152.11247241254  1.847722E-14
6153.19099249015  1.883552E-14
6154.26951256776  1.895363E-14
6155.34803264537  1.870596E-14
6156.42655272298  1.864913E-14
6157.50507280059  1.837499E-14
6158.5835928782  1.886494E-14
6159.66211295582  1.881514E-14
6160.74063303343  1.782010E-14
6161.81915311104  1.662887E-14
6162.89767318865  1.591181E-14
6163.97619326626  1.625683E-14
6165.05471334387  1.656143E-14
6166.13323342149  1.751835E-14
6167.2117534991  1.864345E-14
6168.29027357671  1.844851E-14
6169.36879365432  1.772725E-14
6170.44731373193  1.748282E-14
6171.52583380954  1.737144E-14
6172.60435388715  1.746889E-14
6173.68287396477  1.803582E-14
6174.76139404238  1.859571E-14
6175.83991411999  1.879037E-14
6176.9184341976  1.855389E-14
6177.99695427521  1.912226E-14
6179.07547435282  1.913086E-14
6180.15399443043  1.876447E-14
6181.23251450805  1.897705E-14
6182.31103458566  1.948032E-14
6183.38955466327  1.921007E-14
6184.46807474088  1.923584E-14
6185.54659481849  1.947895E-14
6186.6251148961  1.924813E-14
6187.70363497371  1.884043E-14
6188.78215505133  1.851293E-14
6189.86067512894  1.795544E-14
6190.93919520655  1.698672E-14
6192.01771528416  1.673627E-14
6193.09623536177  1.729687E-14
6194.17475543938  1.824452E-14
6195.25327551699  1.910330E-14
6196.33179559461  1.893205E-14
6197.41031567222  1.952712E-14
6198.48883574983  1.939646E-14
6199.56735582744  1.890500E-14
6200.64587590505  1.842251E-14
6201.72439598266  1.860509E-14
6202.80291606028  1.915569E-14
6203.88143613789  1.932324E-14
6204.9599562155  1.923173E-14
6206.03847629311  1.969093E-14
6207.11699637072  1.943460E-14
6208.19551644833  1.947764E-14
6209.27403652594  1.969420E-14
6210.35255660356  1.932543E-14
6211.43107668117  1.880005E-14
6212.50959675878  1.851743E-14
6213.58811683639  1.778526E-14
6214.666636914  1.695996E-14
6215.74515699161  1.656403E-14
6216.82367706922  1.698217E-14
6217.90219714684  1.770168E-14
6218.98071722445  1.761269E-14
6220.05923730206  1.713960E-14
6221.13775737967  1.714947E-14
6222.21627745728  1.723854E-14
6223.29479753489  1.827656E-14
6224.37331761251  1.825304E-14
6225.45183769012  1.828830E-14
6226.53035776773  1.882816E-14
6227.60887784534  1.910793E-14
6228.68739792295  1.884980E-14
6229.76591800056  1.821271E-14
6230.84443807817  1.680756E-14
6231.92295815579  1.655419E-14
6233.0014782334  1.711919E-14
6234.07999831101  1.800912E-14
6235.15851838862  1.919096E-14
6236.23703846623  1.949449E-14
6237.31555854384  1.949848E-14
6238.39407862146  1.935436E-14
6239.47259869907  1.854959E-14
6240.55111877668  1.787822E-14
6241.62963885429  1.806161E-14
6242.7081589319  1.717125E-14
6243.78667900951  1.680149E-14
6244.86519908712  1.710271E-14
6245.94371916474  1.754473E-14
6247.02223924235  1.824915E-14
6248.10075931996  1.905117E-14
6249.17927939757  1.931840E-14
6250.25779947518  1.892310E-14
6251.33631955279  1.877989E-14
6252.41483963041  1.781882E-14
6253.49335970802  1.715649E-14
6254.57187978563  1.689923E-14
6255.65039986324  1.720264E-14
6256.72891994085  1.670019E-14
6257.80744001846  1.576761E-14
6258.88596009607  1.546741E-14
6259.96448017369  1.665355E-14
6261.0430002513  1.699156E-14
6262.12152032891  1.772754E-14
6263.20004040652  1.945801E-14
6264.27856048413  1.979990E-14
6265.35708056174  1.875957E-14
6266.43560063936  1.847417E-14
6267.51412071697  1.861208E-14
6268.59264079458  1.828769E-14
6269.67116087219  1.878424E-14
6270.7496809498  1.909363E-14
6271.82820102741  1.902973E-14
6272.90672110502  1.929286E-14
6273.98524118263  1.948565E-14
6275.06376126025  1.915144E-14
6276.14228133786  1.917134E-14
6277.22080141547  1.894037E-14
6278.29932149308  1.854944E-14
6279.37784157069  1.775311E-14
6280.4563616483  1.735898E-14
6281.53488172591  1.735294E-14
6282.61340180353  1.725751E-14
6283.69192188114  1.816157E-14
6284.77044195875  1.863194E-14
6285.84896203636  1.862957E-14
6286.92748211397  1.925250E-14
6288.00600219158  2.004815E-14
6289.0845222692  2.079270E-14
6290.16304234681  2.044849E-14
6291.24156242442  1.974741E-14
6292.32008250203  1.954423E-14
6293.39860257964  1.918536E-14
6294.47712265725  1.913346E-14
6295.55564273486  1.915975E-14
6296.63416281248  1.869829E-14
6297.71268289009  1.834078E-14
6298.7912029677  1.866986E-14
6299.86972304531  1.942980E-14
6300.94824312292  1.968699E-14
6302.02676320053  1.948914E-14
6303.10528327814  1.933615E-14
6304.18380335576  1.889423E-14
6305.26232343337  1.855171E-14
6306.34084351098  1.920949E-14
6307.41936358859  1.963825E-14
6308.4978836662  1.932570E-14
6309.57640374381  1.986630E-14
6310.65492382142  1.986262E-14
6311.73344389904  1.930620E-14
6312.81196397665  1.944181E-14
6313.89048405426  1.926263E-14
6314.96900413187  1.841250E-14
6316.04752420948  1.810214E-14
6317.12604428709  1.832217E-14
6318.20456436471  1.731373E-14
6319.28308444232  1.724478E-14
6320.36160451993  1.806530E-14
6321.44012459754  1.819106E-14
6322.51864467515  1.836280E-14
6323.59716475276  1.927925E-14
6324.67568483038  1.928442E-14
6325.75420490799  1.915419E-14
6326.8327249856  1.986592E-14
6327.91124506321  2.002316E-14
6328.98976514082  2.020224E-14
6330.06828521843  2.008457E-14
6331.14680529604  2.005583E-14
6332.22532537366  1.986559E-14
6333.30384545127  1.999241E-14
6334.38236552888  1.992879E-14
6335.46088560649  1.839413E-14
6336.5394056841  1.796107E-14
6337.61792576171  1.815165E-14
6338.69644583933  1.851779E-14
6339.77496591694  1.891568E-14
6340.85348599455  1.919571E-14
6341.93200607216  1.906158E-14
6343.01052614977  1.856828E-14
6344.08904622738  1.784974E-14
6345.16756630499  1.809877E-14
6346.24608638261  1.864420E-14
6347.32460646022  1.893148E-14
6348.40312653783  1.923569E-14
6349.48164661544  1.922883E-14
6350.56016669305  1.940717E-14
6351.63868677066  1.930037E-14
6352.71720684827  1.966323E-14
6353.79572692589  1.949449E-14
6354.8742470035  1.858582E-14
6355.95276708111  1.896705E-14
6357.03128715872  1.838756E-14
6358.10980723633  1.855845E-14
6359.18832731394  1.793807E-14
6360.26684739156  1.696738E-14
6361.34536746917  1.641881E-14
6362.42388754678  1.625872E-14
6363.50240762439  1.673795E-14
6364.580927702  1.744745E-14
6365.65944777961  1.740402E-14
6366.73796785722  1.782128E-14
6367.81648793484  1.845353E-14
6368.89500801245  1.951926E-14
6369.97352809006  1.970117E-14
6371.05204816767  1.847515E-14
6372.13056824528  1.950788E-14
6373.20908832289  1.983762E-14
6374.2876084005  1.946592E-14
6375.36612847812  1.967703E-14
6376.44464855573  1.919527E-14
6377.52316863334  1.913356E-14
6378.60168871095  1.915862E-14
6379.68020878856  1.882177E-14
6380.75872886617  1.865579E-14
6381.83724894378  1.861591E-14
6382.9157690214  1.873081E-14
6383.99428909901  1.915401E-14
6385.07280917662  1.898688E-14
6386.15132925423  1.949450E-14
6387.22984933184  1.958459E-14
6388.30836940945  1.949589E-14
6389.38688948707  1.932758E-14
6390.46540956468  1.946786E-14
6391.54392964229  1.919446E-14
6392.6224497199  1.815076E-14
6393.70096979751  1.734458E-14
6394.77948987512  1.776573E-14
6395.85800995273  1.831655E-14
6396.93653003035  1.881444E-14
6398.01505010796  1.862884E-14
6399.09357018557  1.852304E-14
6400.17209026318  1.784744E-14
6401.25061034079  1.752518E-14
6402.3291304184  1.847772E-14
6403.40765049601  1.954347E-14
6404.48617057363  1.903467E-14
6405.56469065124  1.890086E-14
6406.64321072885  1.909469E-14
6407.72173080646  1.809936E-14
6408.80025088407  1.782715E-14
6409.87877096168  1.803354E-14
6410.9572910393  1.808233E-14
6412.03581111691  1.811197E-14
6413.11433119452  1.768277E-14
6414.19285127213  1.764152E-14
6415.27137134974  1.776016E-14
6416.34989142735  1.860854E-14
6417.42841150496  1.883287E-14
6418.50693158258  1.840825E-14
6419.58545166019  1.776923E-14
6420.6639717378  1.745523E-14
6421.74249181541  1.719736E-14
6422.82101189302  1.794523E-14
6423.89953197063  1.873270E-14
6424.97805204824  1.854106E-14
6426.05657212586  1.853957E-14
6427.13509220347  1.906118E-14
6428.21361228108  1.901616E-14
6429.29213235869  1.904140E-14
6430.3706524363  1.783612E-14
6431.44917251391  1.711646E-14
6432.52769259153  1.726008E-14
6433.60621266914  1.734709E-14
6434.68473274675  1.817224E-14
6435.76325282436  1.833089E-14
6436.84177290197  1.894085E-14
6437.92029297958  1.829800E-14
6438.9988130572  1.785218E-14
6440.07733313481  1.701733E-14
6441.15585321242  1.769299E-14
6442.23437329003  1.797015E-14
6443.31289336764  1.822653E-14
6444.39141344525  1.882276E-14
6445.46993352286  1.864530E-14
6446.54845360047  1.931073E-14
6447.62697367809  1.936029E-14
6448.7054937557  1.850940E-14
6449.78401383331  1.635213E-14
6450.86253391092  1.558318E-14
6451.94105398853  1.592102E-14
6453.01957406615  1.610003E-14
6454.09809414375  1.748134E-14
6455.17661422137  1.774998E-14
6456.25513429898  1.719524E-14
6457.33365437659  1.731477E-14
6458.4121744542  1.769518E-14
6459.49069453181  1.861768E-14
6460.56921460942  1.848318E-14
6461.64773468704  1.833149E-14
6462.72625476465  1.799203E-14
6463.80477484226  1.696362E-14
6464.88329491987  1.695037E-14
6465.96181499748  1.749513E-14
6467.04033507509  1.792035E-14
6468.11885515271  1.843020E-14
6469.19737523032  1.761755E-14
6470.27589530793  1.717489E-14
6471.35441538554  1.734830E-14
6472.43293546315  1.717299E-14
6473.51145554076  1.814741E-14
6474.58997561837  1.772995E-14
6475.66849569598  1.690130E-14
6476.7470157736  1.733087E-14
6477.82553585121  1.770801E-14
6478.90405592882  1.794893E-14
6479.98257600643  1.756987E-14
6481.06109608404  1.780360E-14
6482.13961616166  1.720936E-14
6483.21813623927  1.654234E-14
6484.29665631688  1.684143E-14
6485.37517639449  1.759575E-14
6486.4536964721  1.802377E-14
6487.53221654971  1.809724E-14
6488.61073662732  1.824604E-14
6489.68925670494  1.815365E-14
6490.76777678255  1.741301E-14
6491.84629686016  1.723271E-14
6492.92481693777  1.678951E-14
6494.00333701538  1.518382E-14
6495.08185709299  1.431350E-14
6496.1603771706  1.442482E-14
6497.23889724822  1.427008E-14
6498.31741732583  1.473990E-14
6499.39593740344  1.599899E-14
6500.47445748105  1.650492E-14
6501.55297755866  1.657331E-14
6502.63149763627  1.706532E-14
6503.71001771388  1.661369E-14
6504.7885377915  1.749963E-14
6505.86705786911  1.792022E-14
6506.94557794672  1.811470E-14
6508.02409802433  1.817981E-14
6509.10261810194  1.770223E-14
6510.18113817955  1.817264E-14
6511.25965825717  1.786187E-14
6512.33817833478  1.793038E-14
6513.41669841239  1.881063E-14
6514.49521849  1.807662E-14
6515.57373856761  1.679611E-14
6516.65225864522  1.677913E-14
6517.73077872283  1.648558E-14
6518.80929880045  1.689788E-14
6519.88781887806  1.696086E-14
6520.96633895567  1.824085E-14
6522.04485903328  1.818841E-14
6523.12337911089  1.758848E-14
6524.2018991885  1.817713E-14
6525.28041926611  1.804053E-14
6526.35893934373  1.792623E-14
6527.43745942134  1.786018E-14
6528.51597949895  1.814738E-14
6529.59449957656  1.811914E-14
6530.67301965417  1.813065E-14
6531.75153973178  1.827590E-14
6532.83005980939  1.731216E-14
6533.90857988701  1.721714E-14
6534.98709996462  1.796618E-14
6536.06562004223  1.852658E-14
6537.14414011984  1.781661E-14
6538.22266019745  1.811004E-14
6539.30118027506  1.869378E-14
6540.37970035268  1.925037E-14
6541.45822043029  1.865404E-14
6542.5367405079  1.832737E-14
6543.61526058551  1.839044E-14
6544.69378066312  1.835978E-14
6545.77230074074  1.727261E-14
6546.85082081834  1.731515E-14
6547.92934089596  1.727894E-14
6549.00786097357  1.694341E-14
6550.08638105118  1.801870E-14
6551.16490112879  1.823976E-14
6552.2434212064  1.776824E-14
6553.32194128401  1.755715E-14
6554.40046136162  1.704235E-14
6555.47898143924  1.669199E-14
6556.55750151685  1.658390E-14
6557.63602159446  1.689396E-14
6558.71454167207  1.728724E-14
6559.79306174968  1.795343E-14
6560.87158182729  1.699107E-14
6561.95010190491  1.598314E-14
6563.02862198252  1.355302E-14
6564.10714206013  1.384544E-14
6565.18566213774  1.537203E-14
6566.26418221535  1.699022E-14
6567.34270229296  1.811398E-14
6568.42122237057  1.829801E-14
6569.49974244819  1.807760E-14
6570.5782625258  1.848276E-14
6571.65678260341  1.798014E-14
6572.73530268102  1.750874E-14
6573.81382275863  1.705820E-14
6574.89234283624  1.626431E-14
6575.97086291385  1.683249E-14
6577.04938299147  1.742837E-14
6578.12790306908  1.841086E-14
6579.20642314669  1.900533E-14
6580.2849432243  1.859808E-14
6581.36346330191  1.770214E-14
6582.44198337953  1.734070E-14
6583.52050345714  1.784126E-14
6584.59902353475  1.783864E-14
6585.67754361236  1.855545E-14
6586.75606368997  1.781825E-14
6587.83458376758  1.811701E-14
6588.91310384519  1.852302E-14
6589.9916239228  1.778026E-14
6591.07014400042  1.886551E-14
6592.14866407803  1.775912E-14
6593.22718415564  1.621562E-14
6594.30570423325  1.636480E-14
6595.38422431086  1.740901E-14
6596.46274438847  1.720166E-14
6597.54126446609  1.765097E-14
6598.6197845437  1.717693E-14
6599.69830462131  1.750204E-14
6600.77682469892  1.825271E-14
6601.85534477653  1.852215E-14
6602.93386485414  1.853609E-14
6604.01238493176  1.883102E-14
6605.09090500937  1.820995E-14
6606.16942508698  1.751482E-14
6607.24794516459  1.730586E-14
6608.3264652422  1.651170E-14
6609.40498531981  1.602014E-14
6610.48350539742  1.668025E-14
6611.56202547504  1.791286E-14
6612.64054555265  1.767603E-14
6613.71906563026  1.736923E-14
6614.79758570787  1.808939E-14
6615.87610578548  1.787377E-14
6616.95462586309  1.798035E-14
6618.0331459407  1.816771E-14
6619.11166601831  1.859232E-14
6620.19018609593  1.849431E-14
6621.26870617354  1.892184E-14
6622.34722625115  1.891811E-14
6623.42574632876  1.758046E-14
6624.50426640637  1.659253E-14
6625.58278648398  1.665947E-14
6626.66130656159  1.757084E-14
6627.73982663921  1.692222E-14
6628.81834671682  1.743774E-14
6629.89686679443  1.738890E-14
6630.97538687204  1.686208E-14
6632.05390694965  1.688499E-14
6633.13242702726  1.628415E-14
6634.21094710488  1.579292E-14
6635.28946718249  1.587348E-14
6636.3679872601  1.658840E-14
6637.44650733771  1.706917E-14
6638.52502741532  1.756705E-14
6639.60354749293  1.764945E-14
6640.68206757055  1.679168E-14
6641.76058764816  1.641934E-14
6642.83910772577  1.692003E-14
6643.91762780338  1.691073E-14
6644.99614788099  1.683627E-14
6646.0746679586  1.677612E-14
6647.15318803621  1.611781E-14
6648.23170811382  1.654015E-14
6649.31022819144  1.705763E-14
6650.38874826905  1.737876E-14
6651.46726834666  1.751538E-14
6652.54578842427  1.668197E-14
6653.62430850188  1.672689E-14
6654.70282857949  1.780009E-14
6655.78134865711  1.746738E-14
6656.85986873472  1.693315E-14
6657.93838881233  1.790946E-14
6659.01690888994  1.764517E-14
6660.09542896755  1.695894E-14
6661.17394904516  1.656206E-14
6662.25246912278  1.679920E-14
6663.33098920039  1.634515E-14
6664.409509278  1.547612E-14
6665.48802935561  1.565878E-14
6666.56654943322  1.587739E-14
6667.64506951083  1.602109E-14
6668.72358958844  1.592093E-14
6669.80210966606  1.650902E-14
6670.88062974367  1.706989E-14
6671.95914982128  1.669677E-14
6673.03766989889  1.689979E-14
6674.1161899765  1.750608E-14
6675.19471005411  1.772643E-14
6676.27323013172  1.762057E-14
6677.35175020934  1.656808E-14
6678.43027028695  1.493427E-14
6679.50879036456  1.562277E-14
6680.58731044217  1.639924E-14
6681.66583051978  1.643903E-14
6682.74435059739  1.732309E-14
6683.82287067501  1.756719E-14
6684.90139075262  1.747150E-14
6685.97991083023  1.715936E-14
6687.05843090784  1.705121E-14
6688.13695098545  1.694686E-14
6689.21547106306  1.715874E-14
6690.29399114067  1.696595E-14
6691.37251121829  1.701992E-14
6692.4510312959  1.686914E-14
6693.52955137351  1.747313E-14
6694.60807145112  1.684218E-14
6695.68659152873  1.677262E-14
6696.76511160634  1.609920E-14
6697.84363168396  1.570382E-14
6698.92215176157  1.652094E-14
6700.00067183918  1.720057E-14
6701.07919191679  1.745012E-14
6702.1577119944  1.763653E-14
6703.23623207201  1.685455E-14
6704.31475214962  1.605085E-14
6705.39327222724  1.579803E-14
6706.47179230485  1.652619E-14
6707.55031238246  1.596772E-14
6708.62883246007  1.516554E-14
6709.70735253768  1.534761E-14
6710.78587261529  1.532438E-14
6711.8643926929  1.680499E-14
6712.94291277052  1.747526E-14
6714.02143284813  1.726854E-14
6715.09995292574  1.661479E-14
6716.17847300335  1.661815E-14
6717.25699308096  1.682398E-14
6718.33551315857  1.662597E-14
6719.41403323618  1.726123E-14
6720.4925533138  1.786038E-14
6721.57107339141  1.833595E-14
6722.64959346902  1.798988E-14
6723.72811354663  1.840622E-14
6724.80663362424  1.829542E-14
6725.88515370185  1.827355E-14
6726.96367377946  1.774064E-14
6728.04219385708  1.762173E-14
6729.12071393469  1.817862E-14
6730.1992340123  1.798904E-14
6731.27775408991  1.787715E-14
6732.35627416752  1.797931E-14
6733.43479424513  1.781553E-14
6734.51331432275  1.841623E-14
6735.59183440036  1.820446E-14
6736.67035447797  1.795604E-14
6737.74887455558  1.712297E-14
6738.82739463319  1.755107E-14
6739.9059147108  1.679217E-14
6740.98443478841  1.650212E-14
6742.06295486603  1.750486E-14
6743.14147494364  1.719699E-14
6744.21999502125  1.615824E-14
6745.29851509886  1.686362E-14
6746.37703517647  1.701825E-14
6747.45555525408  1.695726E-14
6748.53407533169  1.694779E-14
6749.61259540931  1.632626E-14
6750.69111548692  1.646965E-14
6751.76963556453  1.655983E-14
6752.84815564214  1.580149E-14
6753.92667571975  1.577653E-14
6755.00519579736  1.572996E-14
6756.08371587498  1.638761E-14
6757.16223595259  1.686284E-14
6758.2407560302  1.646541E-14
6759.31927610781  1.697060E-14
6760.39779618542  1.683172E-14
6761.47631626303  1.615878E-14
6762.55483634064  1.593693E-14
6763.63335641826  1.519521E-14
6764.71187649587  1.479005E-14
6765.79039657348  1.523682E-14
6766.86891665109  1.437088E-14
6767.9474367287  1.377537E-14
6769.02595680631  1.383659E-14
6770.10447688393  1.393558E-14
6771.18299696154  1.288495E-14
6772.26151703915  1.255444E-14
6773.34003711676  1.278336E-14
6774.41855719437  1.362582E-14
6775.49707727198  1.407018E-14
6776.5755973496  1.261892E-14
6777.65411742721  1.275247E-14
6778.73263750482  1.274916E-14
6779.81115758243  1.262666E-14
6780.88967766004  1.314677E-14
6781.96819773765  1.240666E-14
6783.04671781526  1.138676E-14
6784.12523789288  1.055500E-14
6785.20375797049  1.029555E-14
6786.2822780481  1.014004E-14
6787.36079812571  1.033738E-14
6788.43931820332  1.017884E-14
6789.51783828093  9.674909E-15
6790.59635835854  9.789433E-15
6791.67487843615  9.549905E-15
6792.75339851377  8.947413E-15
6793.83191859138  8.580188E-15
6794.91043866899  8.041338E-15
6795.9889587466  8.037917E-15
6797.06747882421  8.072451E-15
6798.14599890183  7.662545E-15
6799.22451897944  7.455469E-15
6800.30303905705  7.285831E-15
6801.38155913466  7.158091E-15
6802.46007921227  6.929211E-15
6803.53859928988  6.385309E-15
6804.61711936749  6.008068E-15
6805.69563944511  5.879756E-15
6806.77415952272  5.772548E-15
6807.85267960033  5.541935E-15
6808.93119967794  5.450663E-15
6810.00971975555  5.013960E-15
6811.08823983316  4.670550E-15
6812.16675991077  4.476011E-15
6813.24527998839  4.276713E-15
6814.323800066  4.146420E-15
6815.40232014361  3.821199E-15
6816.48084022122  3.627081E-15
6817.55936029883  3.513722E-15
6818.63788037644  3.371373E-15
6819.71640045405  3.058458E-15
6820.79492053167  2.844253E-15
6821.87344060928  2.755252E-15
6822.95196068689  2.705437E-15
6824.0304807645  2.395282E-15
