3767.5045808135  5.895130E-11
3768.58310089112  4.486677E-11
3769.66162096873  5.117232E-11
3770.74014104634  4.821835E-11
3771.81866112395  3.072467E-11
3772.89718120156  1.652612E-11
3773.97570127917  1.125208E-11
3775.05422135679  1.192305E-11
3776.1327414344  4.778710E-12
3777.21126151201  4.754642E-12
3778.28978158962  3.321828E-12
3779.36830166723  3.290841E-12
3780.44682174484  3.686081E-12
3781.52534182245  2.190237E-12
3782.60386190007  1.369646E-12
3783.68238197768  1.269256E-12
3784.76090205529  9.528583E-13
3785.8394221329  5.174413E-13
3786.91794221051  6.224139E-13
3787.99646228812  3.535392E-13
3789.07498236573  9.688828E-14
3790.15350244335  1.364437E-13
3791.23202252096  1.018327E-13
3792.31054259857  1.433281E-13
3793.38906267618  8.124083E-14
3794.46758275379  6.340056E-14
3795.5461028314  9.327755E-14
3796.62462290901  5.395605E-14
3797.70314298663  2.600108E-14
3798.78166306424  3.090974E-14
3799.86018314185  2.617477E-14
3800.93870321946  2.225014E-14
3802.01722329707  2.296831E-14
3803.09574337468  2.108151E-14
3804.17426345229  2.093240E-14
3805.25278352991  2.318819E-14
3806.33130360752  1.401928E-14
3807.40982368513  9.113661E-15
3808.48834376274  1.028712E-14
3809.56686384035  1.104516E-14
3810.64538391796  1.033729E-14
3811.72390399558  6.511941E-15
3812.80242407319  7.422573E-15
3813.8809441508  5.913898E-15
3814.95946422841  4.792743E-15
3816.03798430602  4.504738E-15
3817.11650438363  3.225869E-15
3818.19502446125  2.107420E-15
3819.27354453886  1.536017E-15
3820.35206461647  1.400814E-15
3821.43058469408  1.102969E-15
3822.50910477169  1.192042E-15
3823.5876248493  1.205109E-15
3824.66614492691  8.270494E-16
3825.74466500453  8.176364E-16
3826.82318508214  5.337398E-16
3827.90170515975  9.832068E-16
3828.98022523736  8.798601E-16
3830.05874531497  5.096880E-16
3831.13726539258  4.366591E-16
3832.21578547019  7.331129E-16
3833.29430554781  5.476733E-16
3834.37282562542  3.168810E-16
3835.45134570303  3.850816E-16
3836.52986578064  3.442301E-16
3837.60838585825  4.377419E-16
3838.68690593586  3.276382E-16
3839.76542601348  2.606072E-16
3840.84394609109  1.902073E-16
3841.9224661687  2.049259E-16
3843.00098624631  1.940141E-16
3844.07950632392  2.718491E-16
3845.15802640153  3.090616E-16
3846.23654647914  2.273060E-16
3847.31506655676  2.678838E-16
3848.39358663437  2.387414E-16
3849.47210671198  2.675308E-17
3850.55062678959  7.891637E-17
3851.6291468672  2.119822E-16
3852.70766694481  1.622918E-16
3853.78618702242  8.969451E-17
3854.86470710004  1.471949E-16
3855.94322717765  6.072340E-17
3857.02174725526  5.356291E-17
3858.10026733287  8.618956E-17
3859.17878741048  1.210120E-16
3860.25730748809  4.385896E-17
3861.33582756571  -3.373391E-18
3862.41434764332  1.250526E-16
3863.49286772093  1.504553E-16
3864.57138779854  1.975675E-16
3865.64990787615  1.723655E-16
3866.72842795376  1.222887E-16
3867.80694803137  1.688525E-16
3868.88546810899  1.208640E-16
3869.9639881866  1.015965E-16
3871.04250826421  5.987031E-17
3872.12102834182  9.423555E-17
3873.19954841943  1.265729E-16
3874.27806849704  2.035533E-16
3875.35658857465  2.526912E-16
3876.43510865227  1.679952E-16
3877.51362872988  1.634492E-16
3878.59214880749  1.010572E-16
3879.6706688851  9.313221E-17
3880.74918896271  1.062596E-16
3881.82770904032  1.628606E-16
3882.90622911794  1.905330E-16
3883.98474919555  1.954769E-16
3885.06326927316  2.512938E-16
3886.14178935077  2.146940E-16
3887.22030942838  2.127370E-16
3888.29882950599  2.486859E-16
3889.3773495836  2.529745E-16
3890.45586966122  2.571364E-16
3891.53438973883  3.076285E-16
3892.61290981644  3.084827E-16
3893.69142989405  3.312210E-16
3894.76994997166  2.944842E-16
3895.84847004927  2.434898E-16
3896.92699012688  2.511364E-16
3898.0055102045  2.912235E-16
3899.08403028211  2.531955E-16
3900.16255035972  1.948243E-16
3901.24107043733  2.774238E-16
3902.31959051494  2.691015E-16
3903.39811059255  2.288587E-16
3904.47663067017  2.259355E-16
3905.55515074778  2.085995E-16
3906.63367082539  2.410137E-16
3907.712190903  2.805622E-16
3908.79071098061  2.327956E-16
3909.86923105822  2.477695E-16
3910.94775113583  3.079944E-16
3912.02627121345  2.740993E-16
3913.10479129106  2.724503E-16
3914.18331136867  2.699747E-16
3915.26183144628  2.477140E-16
3916.34035152389  3.041000E-16
3917.4188716015  2.637056E-16
3918.49739167912  2.437597E-16
3919.57591175673  2.163248E-16
3920.65443183434  2.301528E-16
3921.73295191195  2.220187E-16
3922.81147198956  2.165593E-16
3923.88999206717  1.932483E-16
3924.96851214478  1.657534E-16
3926.04703222239  2.263259E-16
3927.12555230001  1.585919E-16
3928.20407237762  1.171994E-16
3929.28259245523  1.247313E-16
3930.36111253284  7.849928E-17
3931.43963261045  1.827815E-17
3932.51815268806  4.114594E-17
3933.59667276568  4.238744E-17
3934.67519284329  2.876095E-17
3935.7537129209  1.898491E-17
3936.83223299851  7.633098E-17
3937.91075307612  9.870391E-17
3938.98927315373  1.205942E-16
3940.06779323134  1.992025E-16
3941.14631330896  1.920115E-16
3942.22483338657  1.829754E-16
3943.30335346418  2.546395E-16
3944.38187354179  2.275056E-16
3945.4603936194  3.590953E-16
3946.53891369701  3.459669E-16
3947.61743377463  3.914818E-16
3948.69595385224  4.117647E-16
3949.77447392985  5.094118E-16
3950.85299400746  4.691960E-16
3951.93151408507  4.156828E-16
3953.01003416268  4.503336E-16
3954.08855424029  4.574447E-16
3955.16707431791  4.359780E-16
3956.24559439552  4.571358E-16
3957.32411447313  5.008091E-16
3958.40263455074  3.989145E-16
3959.48115462835  3.970033E-16
3960.55967470596  4.047516E-16
3961.63819478358  3.169752E-16
3962.71671486119  2.743092E-16
3963.7952349388  2.435673E-16
3964.87375501641  1.999502E-16
3965.95227509402  1.850245E-16
3967.03079517163  1.655838E-16
3968.10931524924  1.141914E-16
3969.18783532686  1.167991E-16
3970.26635540447  1.203208E-16
3971.34487548208  1.514191E-16
3972.42339555969  1.863397E-16
3973.5019156373  3.067814E-16
3974.58043571491  3.676433E-16
3975.65895579252  4.383837E-16
3976.73747587014  4.640572E-16
3977.81599594775  5.748696E-16
3978.89451602536  5.908696E-16
3979.97303610297  6.595826E-16
3981.05155618058  6.924912E-16
3982.13007625819  6.877445E-16
3983.2085963358  6.893147E-16
3984.28711641342  6.812427E-16
3985.36563649103  7.678085E-16
3986.44415656864  7.901949E-16
3987.52267664625  9.044322E-16
3988.60119672386  8.167523E-16
3989.67971680147  7.628353E-16
3990.75823687909  7.623364E-16
3991.8367569567  7.836007E-16
3992.91527703431  7.955949E-16
3993.99379711192  8.108873E-16
3995.07231718953  8.382669E-16
3996.15083726714  8.044707E-16
3997.22935734475  7.777848E-16
3998.30787742237  8.170326E-16
3999.38639749998  9.140433E-16
4000.46491757759  8.609514E-16
4001.5434376552  8.333493E-16
4002.62195773281  9.614409E-16
4003.70047781042  9.951575E-16
4004.77899788803  8.931489E-16
4005.85751796565  8.695604E-16
4006.93603804326  7.998052E-16
4008.01455812087  8.285524E-16
4009.09307819848  8.797149E-16
4010.17159827609  9.388650E-16
4011.2501183537  1.031020E-15
4012.32863843132  1.076049E-15
4013.40715850893  1.059696E-15
4014.48567858654  9.601346E-16
4015.56419866415  1.057864E-15
4016.64271874176  9.039238E-16
4017.72123881937  9.575016E-16
4018.79975889698  9.268339E-16
4019.8782789746  9.448694E-16
4020.95679905221  1.099931E-15
4022.03531912982  1.049327E-15
4023.11383920743  1.021944E-15
4024.19235928504  9.981706E-16
4025.27087936265  1.063672E-15
4026.34939944027  1.019665E-15
4027.42791951787  1.089115E-15
4028.50643959549  1.183781E-15
4029.5849596731  1.090563E-15
4030.66347975071  1.013672E-15
4031.74199982832  8.515324E-16
4032.82051990593  7.562159E-16
4033.89903998354  7.996445E-16
4034.97756006116  8.500135E-16
4036.05608013877  9.256797E-16
4037.13460021638  1.046221E-15
4038.21312029399  1.162164E-15
4039.2916403716  1.166373E-15
4040.37016044921  1.078002E-15
4041.44868052683  1.149736E-15
4042.52720060444  1.122229E-15
4043.60572068205  1.010138E-15
4044.68424075966  9.218120E-16
4045.76276083727  9.195894E-16
4046.84128091488  1.111890E-15
4047.9198009925  1.224665E-15
4048.99832107011  1.232873E-15
4050.07684114772  1.240520E-15
4051.15536122533  1.171783E-15
4052.23388130294  1.156631E-15
4053.31240138055  1.106176E-15
4054.39092145816  1.085304E-15
4055.46944153578  1.001143E-15
4056.54796161339  9.284703E-16
4057.626481691  9.555669E-16
4058.70500176861  9.633185E-16
4059.78352184622  9.990546E-16
4060.86204192383  1.096112E-15
4061.94056200144  9.708161E-16
4063.01908207906  9.053128E-16
4064.09760215667  8.672794E-16
4065.17612223428  8.945186E-16
4066.25464231189  9.384123E-16
4067.3331623895  1.037551E-15
4068.41168246711  1.113174E-15
4069.49020254472  1.136730E-15
4070.56872262234  1.127276E-15
4071.64724269995  1.066419E-15
4072.72576277756  1.043094E-15
4073.80428285517  1.084694E-15
4074.88280293278  1.011467E-15
4075.96132301039  9.831476E-16
4077.03984308801  9.452897E-16
4078.11836316562  9.578937E-16
4079.19688324323  1.110656E-15
4080.27540332084  1.134928E-15
4081.35392339845  1.257958E-15
4082.43244347606  1.343993E-15
4083.51096355367  1.307114E-15
4084.58948363129  1.143314E-15
4085.6680037089  1.174240E-15
4086.74652378651  1.360126E-15
4087.82504386412  1.426666E-15
4088.90356394173  1.490516E-15
4089.98208401934  1.458665E-15
4091.06060409695  1.471948E-15
4092.13912417457  1.407592E-15
4093.21764425218  1.500283E-15
4094.29616432979  1.338180E-15
4095.3746844074  1.282876E-15
4096.45320448501  1.229324E-15
4097.53172456262  1.139067E-15
4098.61024464024  1.159697E-15
4099.68876471785  1.138544E-15
4100.76728479546  1.083281E-15
4101.84580487307  1.013228E-15
4102.92432495068  1.121022E-15
4104.00284502829  1.165191E-15
4105.08136510591  1.287401E-15
4106.15988518352  1.456758E-15
4107.23840526113  1.472026E-15
4108.31692533874  1.363207E-15
4109.39544541635  1.326870E-15
4110.47396549396  1.303406E-15
4111.55248557157  1.220631E-15
4112.63100564918  1.328732E-15
4113.7095257268  1.464727E-15
4114.78804580441  1.417318E-15
4115.86656588202  1.301093E-15
4116.94508595963  1.429390E-15
4118.02360603724  1.317086E-15
4119.10212611485  1.304418E-15
4120.18064619246  1.249571E-15
4121.25916627008  1.278158E-15
4122.33768634769  1.326788E-15
4123.4162064253  1.367459E-15
4124.49472650291  1.423804E-15
4125.57324658052  1.535495E-15
4126.65176665813  1.522745E-15
4127.73028673575  1.452813E-15
4128.80880681336  1.432017E-15
4129.88732689097  1.350716E-15
4130.96584696858  1.274656E-15
4132.04436704619  1.252203E-15
4133.1228871238  1.092964E-15
4134.20140720142  1.259089E-15
4135.27992727903  1.299095E-15
4136.35844735664  1.344137E-15
4137.43696743425  1.477909E-15
4138.51548751186  1.526223E-15
4139.59400758947  1.549193E-15
4140.67252766708  1.536167E-15
4141.7510477447  1.335526E-15
4142.82956782231  1.099723E-15
4143.90808789992  9.574328E-16
4144.98660797753  1.048633E-15
4146.06512805514  1.126977E-15
4147.14364813275  1.357413E-15
4148.22216821037  1.372330E-15
4149.30068828798  1.269167E-15
4150.37920836559  1.361546E-15
4151.4577284432  1.437999E-15
4152.53624852081  1.395732E-15
4153.61476859842  1.433211E-15
4154.69328867603  1.354261E-15
4155.77180875365  1.476054E-15
4156.85032883126  1.462007E-15
4157.92884890887  1.351965E-15
4159.00736898648  1.450856E-15
4160.08588906409  1.497756E-15
4161.1644091417  1.536768E-15
4162.24292921931  1.625372E-15
4163.32144929693  1.622828E-15
4164.39996937454  1.583459E-15
4165.47848945215  1.480764E-15
4166.55700952976  1.495551E-15
4167.63552960737  1.475871E-15
4168.71404968498  1.467243E-15
4169.79256976259  1.503868E-15
4170.87108984021  1.428087E-15
4171.94960991782  1.302982E-15
4173.02812999543  1.175739E-15
4174.10665007304  1.159728E-15
4175.18517015065  1.254196E-15
4176.26369022826  1.274074E-15
4177.34221030588  1.350339E-15
4178.42073038349  1.419244E-15
4179.4992504611  1.342538E-15
4180.57777053871  1.364721E-15
4181.65629061632  1.545726E-15
4182.73481069393  1.491115E-15
4183.81333077154  1.521767E-15
4184.89185084916  1.480509E-15
4185.97037092677  1.450004E-15
4187.04889100438  1.479422E-15
4188.12741108199  1.346714E-15
4189.2059311596  1.444513E-15
4190.28445123721  1.508235E-15
4191.36297131483  1.425992E-15
4192.44149139244  1.469467E-15
4193.52001147005  1.632623E-15
4194.59853154766  1.523441E-15
4195.67705162527  1.441605E-15
4196.75557170288  1.348846E-15
4197.83409178049  1.313229E-15
4198.91261185811  1.333401E-15
4199.99113193572  1.258224E-15
4201.06965201333  1.250118E-15
4202.14817209094  1.310882E-15
4203.22669216855  1.323106E-15
4204.30521224616  1.469862E-15
4205.38373232377  1.501218E-15
4206.46225240138  1.483361E-15
4207.540772479  1.708428E-15
4208.61929255661  1.808378E-15
4209.69781263422  1.737171E-15
4210.77633271183  1.718106E-15
4211.85485278944  1.748849E-15
4212.93337286705  1.660254E-15
4214.01189294467  1.617626E-15
4215.09041302228  1.545214E-15
4216.16893309989  1.558198E-15
4217.2474531775  1.702424E-15
4218.32597325511  1.781164E-15
4219.40449333272  1.739277E-15
4220.48301341034  1.966748E-15
4221.56153348795  2.035721E-15
4222.64005356556  1.841536E-15
4223.71857364317  1.548986E-15
4224.79709372078  1.231330E-15
4225.87561379839  9.172927E-16
4226.954133876  8.569491E-16
4228.03265395362  1.022144E-15
4229.11117403123  1.282325E-15
4230.18969410884  1.620179E-15
4231.26821418645  1.800365E-15
4232.34673426406  1.708824E-15
4233.42525434167  1.759251E-15
4234.50377441928  1.651754E-15
4235.5822944969  1.460502E-15
4236.66081457451  1.468413E-15
4237.73933465212  1.598189E-15
4238.81785472973  1.657373E-15
4239.89637480734  1.634760E-15
4240.97489488495  1.633006E-15
4242.05341496256  1.684016E-15
4243.13193504018  1.806987E-15
4244.21045511779  1.892065E-15
4245.2889751954  1.932248E-15
4246.36749527301  1.905723E-15
4247.44601535062  1.879070E-15
4248.52453542823  1.738583E-15
4249.60305550585  1.447679E-15
4250.68157558346  1.398445E-15
4251.76009566107  1.527541E-15
4252.83861573868  1.531073E-15
4253.91713581629  1.435258E-15
4254.9956558939  1.414001E-15
4256.07417597151  1.728092E-15
4257.15269604913  1.943351E-15
4258.23121612674  1.739443E-15
4259.30973620435  1.522835E-15
4260.38825628196  1.536636E-15
4261.46677635957  1.586772E-15
4262.54529643718  1.697244E-15
4263.6238165148  1.844558E-15
4264.70233659241  2.021143E-15
4265.78085667002  2.093975E-15
4266.85937674763  2.035565E-15
4267.93789682524  1.926167E-15
4269.01641690285  1.730196E-15
4270.09493698046  1.547052E-15
4271.17345705808  1.365813E-15
4272.25197713569  1.171429E-15
4273.3304972133  1.179107E-15
4274.40901729091  1.371784E-15
4275.48753736852  1.430180E-15
4276.56605744613  1.567692E-15
4277.64457752374  1.738760E-15
4278.72309760136  1.873247E-15
4279.80161767897  1.679878E-15
4280.88013775658  1.668822E-15
4281.95865783419  1.625426E-15
4283.0371779118  1.754421E-15
4284.11569798941  1.846688E-15
4285.19421806702  1.657845E-15
4286.27273814464  1.613102E-15
4287.35125822225  1.639760E-15
4288.42977829986  1.455061E-15
4289.50829837747  1.337775E-15
4290.58681845508  1.353935E-15
4291.66533853269  1.403569E-15
4292.7438586103  1.661571E-15
4293.82237868792  1.723070E-15
4294.90089876553  1.716100E-15
4295.97941884314  1.626934E-15
4297.05793892075  1.615343E-15
4298.13645899836  1.413697E-15
4299.21497907597  1.163783E-15
4300.29349915359  1.105477E-15
4301.3720192312  1.108325E-15
4302.45053930881  1.123493E-15
4303.52905938642  1.227672E-15
4304.60757946403  1.218398E-15
4305.68609954164  1.228350E-15
4306.76461961926  1.126101E-15
4307.84313969687  9.870698E-16
4308.92165977448  9.261199E-16
4310.00017985209  9.782493E-16
4311.0786999297  1.227987E-15
4312.15722000731  1.386922E-15
4313.23574008492  1.506947E-15
4314.31426016254  1.686717E-15
4315.39278024015  1.995176E-15
4316.47130031776  2.277014E-15
4317.54982039537  2.414897E-15
4318.62834047298  2.451762E-15
4319.70686055059  2.417279E-15
4320.7853806282  2.322904E-15
4321.86390070582  2.138363E-15
4322.94242078343  1.938762E-15
4324.02094086104  1.606165E-15
4325.09946093865  1.411974E-15
4326.17798101626  1.520300E-15
4327.25650109387  1.803407E-15
4328.33502117149  2.164277E-15
4329.4135412491  2.322704E-15
4330.49206132671  2.215751E-15
4331.57058140432  2.270640E-15
4332.64910148193  2.345874E-15
4333.72762155954  2.365933E-15
4334.80614163715  2.603395E-15
4335.88466171477  2.464287E-15
4336.96318179238  2.167232E-15
4338.04170186999  2.012373E-15
4339.1202219476  1.726911E-15
4340.19874202521  1.597453E-15
4341.27726210282  1.735732E-15
4342.35578218044  1.965314E-15
4343.43430225805  2.250757E-15
4344.51282233566  2.399800E-15
4345.59134241327  2.354900E-15
4346.66986249088  2.341959E-15
4347.74838256849  2.425673E-15
4348.8269026461  2.502001E-15
4349.90542272372  2.472228E-15
4350.98394280133  2.231982E-15
4352.06246287894  1.929250E-15
4353.14098295655  1.849349E-15
4354.21950303416  1.938559E-15
4355.29802311177  2.123565E-15
4356.37654318938  2.377764E-15
4357.455063267  2.839248E-15
4358.53358334461  3.233507E-15
4359.61210342222  3.174490E-15
4360.69062349983  3.163086E-15
4361.76914357744  2.927304E-15
4362.84766365505  2.770643E-15
4363.92618373267  2.698724E-15
4365.00470381028  2.636243E-15
4366.08322388789  2.575873E-15
4367.1617439655  2.514534E-15
4368.24026404311  2.311155E-15
4369.31878412072  2.428076E-15
4370.39730419833  2.433436E-15
4371.47582427595  2.487253E-15
4372.55434435356  2.364597E-15
4373.63286443117  2.106720E-15
4374.71138450878  1.970310E-15
4375.78990458639  2.011085E-15
4376.868424664  2.080823E-15
4377.94694474161  2.339992E-15
4379.02546481923  2.459565E-15
4380.10398489684  2.342946E-15
4381.18250497445  2.345808E-15
4382.26102505206  1.960316E-15
4383.33954512967  1.516536E-15
4384.41806520728  1.445149E-15
4385.49658528489  1.755509E-15
4386.57510536251  1.991783E-15
4387.65362544012  2.124737E-15
4388.73214551773  2.107385E-15
4389.81066559534  1.903240E-15
4390.88918567295  2.044907E-15
4391.96770575056  2.145183E-15
4393.04622582818  2.231994E-15
4394.12474590579  2.275423E-15
4395.2032659834  2.220995E-15
4396.28178606101  2.222888E-15
4397.36030613862  2.394429E-15
4398.43882621623  2.424121E-15
4399.51734629384  2.315234E-15
4400.59586637146  2.318974E-15
4401.67438644907  2.481710E-15
4402.75290652668  2.392146E-15
4403.83142660429  2.034756E-15
4404.9099466819  1.876761E-15
4405.98846675951  1.946846E-15
4407.06698683712  1.932124E-15
4408.14550691474  1.964368E-15
4409.22402699235  2.104954E-15
4410.30254706996  2.335718E-15
4411.38106714757  2.538293E-15
4412.45958722518  2.599899E-15
4413.53810730279  2.523673E-15
4414.61662738041  2.358019E-15
4415.69514745802  2.207044E-15
4416.77366753563  2.154059E-15
4417.85218761324  2.251685E-15
4418.93070769085  2.513702E-15
4420.00922776846  2.569724E-15
4421.08774784608  2.509466E-15
4422.16626792369  2.330791E-15
4423.2447880013  2.462475E-15
4424.32330807891  2.399752E-15
4425.40182815652  2.338491E-15
4426.48034823413  2.357060E-15
4427.55886831174  2.263573E-15
4428.63738838935  2.245926E-15
4429.71590846697  2.310725E-15
4430.79442854458  2.275350E-15
4431.87294862219  2.334625E-15
4432.9514686998  2.329282E-15
4434.02998877741  2.253751E-15
4435.10850885502  2.090351E-15
4436.18702893263  2.023260E-15
4437.26554901025  2.210212E-15
4438.34406908786  2.404782E-15
4439.42258916547  2.601288E-15
4440.50110924308  2.541376E-15
4441.57962932069  2.328412E-15
4442.6581493983  2.310383E-15
4443.73666947592  2.332332E-15
4444.81518955353  2.372227E-15
4445.89370963114  2.422115E-15
4446.97222970875  2.418947E-15
4448.05074978636  2.535318E-15
4449.12926986397  2.633888E-15
4450.20778994159  2.654321E-15
4451.2863100192  2.617246E-15
4452.36483009681  2.453305E-15
4453.44335017442  2.383024E-15
4454.52187025203  2.285729E-15
4455.60039032964  2.245512E-15
4456.67891040725  2.227559E-15
4457.75743048487  2.117802E-15
4458.83595056248  2.055276E-15
4459.91447064009  2.145643E-15
4460.9929907177  2.042993E-15
4462.07151079531  1.969802E-15
4463.15003087292  2.176769E-15
4464.22855095054  2.325037E-15
4465.30707102815  2.291762E-15
4466.38559110576  2.408326E-15
4467.46411118337  2.375674E-15
4468.54263126098  2.362250E-15
4469.62115133859  2.361960E-15
4470.6996714162  2.260105E-15
4471.77819149381  2.352467E-15
4472.85671157143  2.586427E-15
4473.93523164904  2.584125E-15
4475.01375172665  2.647756E-15
4476.09227180426  2.828222E-15
4477.17079188187  2.882954E-15
4478.24931195948  2.802173E-15
4479.3278320371  2.763668E-15
4480.40635211471  2.631094E-15
4481.48487219232  2.447661E-15
4482.56339226993  2.487749E-15
4483.64191234754  2.592130E-15
4484.72043242515  2.754221E-15
4485.79895250276  2.961885E-15
4486.87747258038  2.891026E-15
4487.95599265799  2.674257E-15
4489.0345127356  2.553102E-15
4490.11303281321  2.427690E-15
4491.19155289082  2.485210E-15
4492.27007296843  2.758922E-15
4493.34859304605  2.571910E-15
4494.42711312366  2.456231E-15
4495.50563320127  2.272998E-15
4496.58415327888  2.380209E-15
4497.66267335649  2.585652E-15
4498.7411934341  2.648320E-15
4499.81971351171  2.706072E-15
4500.89823358933  2.549856E-15
4501.97675366694  2.602979E-15
4503.05527374455  2.886168E-15
4504.13379382216  2.911177E-15
4505.21231389977  2.816955E-15
4506.29083397738  2.723381E-15
4507.36935405499  2.726498E-15
4508.44787413261  2.691192E-15
4509.52639421022  2.652780E-15
4510.60491428783  2.659123E-15
4511.68343436544  2.578126E-15
4512.76195444305  2.490081E-15
4513.84047452066  2.351282E-15
4514.91899459828  2.334983E-15
4515.99751467589  2.366612E-15
4517.0760347535  2.351030E-15
4518.15455483111  2.340730E-15
4519.23307490872  2.397083E-15
4520.31159498633  2.480397E-15
4521.39011506394  2.467966E-15
4522.46863514156  2.340098E-15
4523.54715521917  2.203357E-15
4524.62567529678  2.126319E-15
4525.70419537439  2.120125E-15
4526.782715452  1.992882E-15
4527.86123552961  1.765375E-15
4528.93975560722  1.719243E-15
4530.01827568484  1.804184E-15
4531.09679576245  1.877548E-15
4532.17531584006  1.995443E-15
4533.25383591767  1.982437E-15
4534.33235599528  1.863141E-15
4535.41087607289  1.880835E-15
4536.48939615051  2.015009E-15
4537.56791622812  2.123956E-15
4538.64643630573  2.251635E-15
4539.72495638334  2.192049E-15
4540.80347646095  2.105084E-15
4541.88199653856  2.248431E-15
4542.96051661617  2.240048E-15
4544.03903669379  2.284747E-15
4545.1175567714  2.269966E-15
4546.19607684901  2.409524E-15
4547.27459692662  2.433915E-15
4548.35311700423  2.352738E-15
4549.43163708184  2.336702E-15
4550.51015715945  2.458059E-15
4551.58867723706  2.394191E-15
4552.66719731468  2.425048E-15
4553.74571739229  2.516929E-15
4554.8242374699  2.511725E-15
4555.90275754751  2.584744E-15
4556.98127762512  2.700664E-15
4558.05979770273  2.809280E-15
4559.13831778035  2.947098E-15
4560.21683785796  2.977082E-15
4561.29535793557  2.736219E-15
4562.37387801318  2.783057E-15
4563.45239809079  2.703794E-15
4564.5309181684  2.616106E-15
4565.60943824602  2.591978E-15
4566.68795832363  2.840701E-15
4567.76647840124  2.910889E-15
4568.84499847885  2.874105E-15
4569.92351855646  3.037999E-15
4571.00203863407  2.897749E-15
4572.08055871168  2.809945E-15
4573.1590787893  3.050600E-15
4574.23759886691  3.028278E-15
4575.31611894452  3.028546E-15
4576.39463902213  3.006169E-15
4577.47315909974  3.018732E-15
4578.55167917735  2.915361E-15
4579.63019925497  2.715841E-15
4580.70871933258  2.615084E-15
4581.78723941019  2.741070E-15
4582.8657594878  2.844219E-15
4583.94427956541  2.919558E-15
4585.02279964302  2.757413E-15
4586.10131972063  2.609146E-15
4587.17983979825  2.971569E-15
4588.25835987586  3.208570E-15
4589.33687995347  3.147183E-15
4590.41540003108  3.268412E-15
4591.49392010869  3.092229E-15
4592.5724401863  2.921538E-15
4593.65096026391  2.735961E-15
4594.72948034153  3.065462E-15
4595.80800041914  2.917154E-15
4596.88652049675  2.758208E-15
4597.96504057436  2.936519E-15
4599.04356065197  2.928264E-15
4600.12208072958  2.856732E-15
4601.20060080719  2.769416E-15
4602.27912088481  2.829018E-15
4603.35764096242  2.879622E-15
4604.43616104003  3.042863E-15
4605.51468111764  2.951893E-15
4606.59320119525  3.035871E-15
4607.67172127286  3.147824E-15
4608.75024135048  3.307477E-15
4609.82876142809  3.425066E-15
4610.9072815057  3.316471E-15
4611.98580158331  3.240779E-15
4613.06432166092  3.190673E-15
4614.14284173853  3.282692E-15
4615.22136181615  3.268774E-15
4616.29988189376  3.160491E-15
4617.37840197137  3.325725E-15
4618.45692204898  3.266215E-15
4619.53544212659  3.188114E-15
4620.6139622042  3.221998E-15
4621.69248228181  3.186370E-15
4622.77100235943  3.328930E-15
4623.84952243704  3.461631E-15
4624.92804251465  3.263443E-15
4626.00656259226  3.234151E-15
4627.08508266987  3.198997E-15
4628.16360274748  3.193878E-15
4629.24212282509  3.237626E-15
4630.32064290271  3.284472E-15
4631.39916298032  3.313753E-15
4632.47768305793  3.298090E-15
4633.55620313554  3.252468E-15
4634.63472321315  3.213689E-15
4635.71324329076  3.009431E-15
4636.79176336837  3.008307E-15
4637.87028344599  2.925114E-15
4638.9488035236  2.842665E-15
4640.02732360121  2.905121E-15
4641.10584367882  3.067036E-15
4642.18436375643  3.130354E-15
4643.26288383404  3.213849E-15
4644.34140391165  3.144495E-15
4645.41992398927  3.043298E-15
4646.49844406688  2.752698E-15
4647.57696414449  2.778547E-15
4648.6554842221  2.822524E-15
4649.73400429971  2.956583E-15
4650.81252437732  3.053085E-15
4651.89104445494  3.179668E-15
4652.96956453255  3.160240E-15
4654.04808461016  3.047840E-15
4655.12660468777  2.874895E-15
4656.20512476538  2.820749E-15
4657.28364484299  3.003002E-15
4658.3621649206  3.100799E-15
4659.44068499822  3.261287E-15
4660.51920507583  3.394991E-15
4661.59772515344  3.242390E-15
4662.67624523105  3.166271E-15
4663.75476530866  3.007788E-15
4664.83328538627  2.996406E-15
4665.91180546389  2.892103E-15
4666.9903255415  2.674750E-15
4668.06884561911  2.576136E-15
4669.14736569672  2.728361E-15
4670.22588577433  2.889449E-15
4671.30440585194  3.142303E-15
4672.38292592955  2.979963E-15
4673.46144600717  2.993618E-15
4674.53996608478  3.091993E-15
4675.61848616239  2.991612E-15
4676.69700624  3.160514E-15
4677.77552631761  3.117109E-15
4678.85404639522  3.040338E-15
4679.93256647283  2.883657E-15
4681.01108655045  2.849815E-15
4682.08960662806  2.893806E-15
4683.16812670567  2.976622E-15
4684.24664678328  2.971286E-15
4685.32516686089  2.960447E-15
4686.4036869385  2.967164E-15
4687.48220701612  3.012398E-15
4688.56072709373  2.979032E-15
4689.63924717134  2.813961E-15
4690.71776724895  2.973365E-15
4691.79628732656  2.996647E-15
4692.87480740417  2.951790E-15
4693.95332748178  2.920913E-15
4695.0318475594  3.059817E-15
4696.11036763701  3.115942E-15
4697.18888771462  2.884461E-15
4698.26740779223  2.762583E-15
4699.34592786984  2.762356E-15
4700.42444794745  2.743050E-15
4701.50296802506  2.768961E-15
4702.58148810268  2.692117E-15
4703.66000818029  2.709843E-15
4704.7385282579  2.876177E-15
4705.81704833551  2.901042E-15
4706.89556841312  2.822267E-15
4707.97408849073  2.788978E-15
4709.05260856835  2.834005E-15
4710.13112864596  2.788131E-15
4711.20964872357  2.838731E-15
4712.28816880118  2.939793E-15
4713.36668887879  2.835765E-15
4714.4452089564  2.724194E-15
4715.52372903401  2.832006E-15
4716.60224911163  2.929329E-15
4717.68076918924  3.091219E-15
4718.75928926685  3.256491E-15
4719.83780934446  3.186883E-15
4720.91632942207  3.253452E-15
4721.99484949968  3.122040E-15
4723.07336957729  3.126955E-15
4724.15188965491  3.250703E-15
4725.23040973252  3.323759E-15
4726.30892981013  3.045778E-15
4727.38744988774  2.718365E-15
4728.46596996535  2.662567E-15
4729.54449004296  2.751280E-15
4730.62301012058  2.794229E-15
4731.70153019819  2.732263E-15
4732.7800502758  2.886594E-15
4733.85857035341  3.022867E-15
4734.93709043102  2.988477E-15
4736.01561050863  2.954618E-15
4737.09413058624  3.016037E-15
4738.17265066386  3.060510E-15
4739.25117074147  3.080691E-15
4740.32969081908  3.088543E-15
4741.40821089669  3.050378E-15
4742.4867309743  3.141942E-15
4743.56525105191  3.119025E-15
4744.64377112952  3.197474E-15
4745.72229120714  3.283582E-15
4746.80081128475  3.293627E-15
4747.87933136236  3.261479E-15
4748.95785143997  3.192531E-15
4750.03637151758  3.159512E-15
4751.11489159519  3.199394E-15
4752.1934116728  3.271430E-15
4753.27193175042  3.083996E-15
4754.35045182803  3.138724E-15
4755.42897190564  3.145820E-15
4756.50749198325  3.088542E-15
4757.58601206086  3.172366E-15
4758.66453213847  3.279680E-15
4759.74305221609  3.236849E-15
4760.8215722937  3.060573E-15
4761.90009237131  3.139162E-15
4762.97861244892  3.206277E-15
4764.05713252653  2.958074E-15
4765.13565260414  2.958447E-15
4766.21417268176  2.916248E-15
4767.29269275937  2.948235E-15
4768.37121283698  3.124999E-15
4769.44973291459  3.203952E-15
4770.5282529922  3.209445E-15
4771.60677306981  3.072795E-15
4772.68529314742  3.150593E-15
4773.76381322503  3.400264E-15
4774.84233330265  3.336035E-15
4775.92085338026  3.302221E-15
4776.99937345787  3.332725E-15
4778.07789353548  3.437628E-15
4779.15641361309  3.414913E-15
4780.23493369071  3.335803E-15
4781.31345376832  3.274718E-15
4782.39197384593  3.121393E-15
4783.47049392354  3.073191E-15
4784.54901400115  3.067618E-15
4785.62753407876  3.140651E-15
4786.70605415637  3.121030E-15
4787.78457423399  3.114606E-15
4788.8630943116  3.098771E-15
4789.94161438921  3.169185E-15
4791.02013446682  3.135696E-15
4792.09865454443  3.232971E-15
4793.17717462204  3.396694E-15
4794.25569469965  3.512861E-15
4795.33421477727  3.604267E-15
4796.41273485488  3.362091E-15
4797.49125493249  3.296153E-15
4798.5697750101  3.278984E-15
4799.64829508771  3.109566E-15
4800.72681516532  3.194444E-15
4801.80533524293  3.396913E-15
4802.88385532055  3.443539E-15
4803.96237539816  3.346080E-15
4805.04089547577  3.353773E-15
4806.11941555338  3.406969E-15
4807.19793563099  3.278776E-15
4808.2764557086  3.194319E-15
4809.35497578622  3.258018E-15
4810.43349586383  3.320159E-15
4811.51201594144  3.400127E-15
4812.59053601905  3.425534E-15
4813.66905609666  3.440946E-15
4814.74757617427  3.433797E-15
4815.82609625188  3.492854E-15
4816.90461632949  3.552743E-15
4817.98313640711  3.684169E-15
4819.06165648472  3.725734E-15
4820.14017656233  3.594771E-15
4821.21869663994  3.462118E-15
4822.29721671755  3.360390E-15
4823.37573679516  3.341353E-15
4824.45425687278  3.287405E-15
4825.53277695039  3.350431E-15
4826.611297028  3.295219E-15
4827.68981710561  3.409936E-15
4828.76833718322  3.582575E-15
4829.84685726083  3.464700E-15
4830.92537733844  3.383455E-15
4832.00389741606  3.409039E-15
4833.08241749367  3.447208E-15
4834.16093757128  3.532019E-15
4835.23945764889  3.524166E-15
4836.3179777265  3.546140E-15
4837.39649780411  3.524935E-15
4838.47501788173  3.466394E-15
4839.55353795934  3.363246E-15
4840.63205803695  3.241706E-15
4841.71057811456  3.273029E-15
4842.78909819217  3.237324E-15
4843.86761826978  3.332508E-15
4844.94613834739  3.533376E-15
4846.02465842501  3.591494E-15
4847.10317850262  3.547285E-15
4848.18169858023  3.476325E-15
4849.26021865784  3.451484E-15
4850.33873873545  3.575764E-15
4851.41725881306  3.730180E-15
4852.49577889067  3.533030E-15
4853.57429896829  3.448171E-15
4854.6528190459  3.317871E-15
4855.73133912351  3.243018E-15
4856.80985920112  3.433745E-15
4857.88837927873  3.516230E-15
4858.96689935634  3.396084E-15
4860.04541943396  3.015495E-15
4861.12393951157  2.687439E-15
4862.20245958918  2.807804E-15
4863.28097966679  3.003199E-15
4864.3594997444  3.316351E-15
4865.43801982201  3.330917E-15
4866.51653989962  3.463498E-15
4867.59505997724  3.480030E-15
4868.67358005485  3.475237E-15
4869.75210013246  3.300800E-15
4870.83062021007  3.110515E-15
4871.90914028768  3.135953E-15
4872.98766036529  3.155920E-15
4874.06618044291  3.330171E-15
4875.14470052052  3.274819E-15
4876.22322059813  3.299488E-15
4877.30174067574  3.464676E-15
4878.38026075335  3.629391E-15
4879.45878083096  3.736726E-15
4880.53730090857  3.442924E-15
4881.61582098619  3.359842E-15
4882.6943410638  3.440650E-15
4883.77286114141  3.323111E-15
4884.85138121902  3.334779E-15
4885.92990129663  3.365300E-15
4887.00842137424  3.257667E-15
4888.08694145185  3.295268E-15
4889.16546152947  3.281426E-15
4890.24398160708  3.141196E-15
4891.32250168469  3.082022E-15
4892.4010217623  3.317493E-15
4893.47954183991  3.506835E-15
4894.55806191752  3.766361E-15
4895.63658199514  3.977142E-15
4896.71510207275  4.077931E-15
4897.79362215036  4.124307E-15
4898.87214222797  3.763322E-15
4899.95066230558  3.546236E-15
4901.02918238319  3.556087E-15
4902.1077024608  3.527022E-15
4903.18622253842  3.505334E-15
4904.26474261603  3.573599E-15
4905.34326269364  3.762354E-15
4906.42178277125  3.938756E-15
4907.50030284886  3.730548E-15
4908.57882292647  3.686464E-15
4909.65734300408  3.430558E-15
4910.7358630817  3.442816E-15
4911.81438315931  3.517743E-15
4912.89290323692  3.465293E-15
4913.97142331453  3.657718E-15
4915.04994339214  3.688211E-15
4916.12846346975  3.798190E-15
4917.20698354736  3.790226E-15
4918.28550362498  3.388134E-15
4919.36402370259  2.928106E-15
4920.4425437802  2.830615E-15
4921.52106385781  3.140709E-15
4922.59958393542  3.239970E-15
4923.67810401303  3.300219E-15
4924.75662409065  3.295081E-15
4925.83514416826  3.459186E-15
4926.91366424587  3.620041E-15
4927.99218432348  3.674348E-15
4929.07070440109  3.767557E-15
4930.1492244787  3.785752E-15
4931.22774455631  3.863689E-15
4932.30626463393  3.724082E-15
4933.38478471154  3.597592E-15
4934.46330478915  3.483600E-15
4935.54182486676  3.446720E-15
4936.62034494437  3.442502E-15
4937.69886502198  3.361478E-15
4938.77738509959  3.167114E-15
4939.85590517721  3.245599E-15
4940.93442525482  3.530744E-15
4942.01294533243  3.771453E-15
4943.09146541004  3.773660E-15
4944.16998548765  3.724985E-15
4945.24850556526  3.694919E-15
4946.32702564287  3.750425E-15
4947.40554572049  3.816178E-15
4948.4840657981  3.813806E-15
4949.56258587571  3.879354E-15
4950.64110595332  3.889451E-15
4951.71962603093  3.822743E-15
4952.79814610854  3.686277E-15
4953.87666618616  3.672956E-15
4954.95518626377  3.676732E-15
4956.03370634138  3.530471E-15
4957.11222641899  3.367831E-15
4958.1907464966  3.226602E-15
4959.26926657421  3.431732E-15
4960.34778665183  3.684059E-15
4961.42630672944  3.683982E-15
4962.50482680705  3.828444E-15
4963.58334688466  3.798871E-15
4964.66186696227  3.632010E-15
4965.74038703988  3.541561E-15
4966.81890711749  3.392927E-15
4967.89742719511  3.407837E-15
4968.97594727272  3.473865E-15
4970.05446735033  3.518230E-15
4971.13298742794  3.705348E-15
4972.21150750555  3.824673E-15
4973.29002758316  3.804378E-15
4974.36854766077  3.807090E-15
4975.44706773839  3.828357E-15
4976.525587816  3.657541E-15
4977.60410789361  3.447806E-15
4978.68262797122  3.546076E-15
4979.76114804883  3.444945E-15
4980.83966812644  3.425974E-15
4981.91818820406  3.330697E-15
4982.99670828167  3.178950E-15
4984.07522835928  3.243541E-15
4985.15374843689  3.309314E-15
4986.2322685145  3.436824E-15
4987.31078859211  3.503236E-15
4988.38930866972  3.459038E-15
4989.46782874734  3.526437E-15
4990.54634882495  3.540888E-15
4991.62486890256  3.618227E-15
4992.70338898017  3.540903E-15
4993.78190905778  3.485676E-15
4994.86042913539  3.432686E-15
4995.938949213  3.574214E-15
4997.01746929062  3.722004E-15
4998.09598936823  3.733832E-15
4999.17450944584  3.643288E-15
5000.25302952345  3.442457E-15
5001.33154960106  3.263177E-15
5002.41006967867  3.342239E-15
5003.48858975629  3.356465E-15
5004.5671098339  3.205631E-15
5005.64562991151  3.130494E-15
5006.72414998912  3.241285E-15
5007.80267006673  3.368118E-15
5008.88119014434  3.564884E-15
5009.95971022195  3.583167E-15
5011.03823029957  3.413169E-15
5012.11675037718  3.312114E-15
5013.19527045479  3.167731E-15
5014.2737905324  3.049402E-15
5015.35231061001  3.120508E-15
5016.43083068762  3.237469E-15
5017.50935076524  3.245578E-15
5018.58787084285  3.317138E-15
5019.66639092046  3.355508E-15
5020.74491099807  3.325956E-15
5021.82343107568  3.296105E-15
5022.90195115329  3.253355E-15
5023.98047123091  3.376735E-15
5025.05899130852  3.535768E-15
5026.13751138613  3.464500E-15
5027.21603146374  3.323218E-15
5028.29455154135  3.373754E-15
5029.37307161896  3.349865E-15
5030.45159169657  3.614614E-15
5031.53011177418  3.684266E-15
5032.6086318518  3.764168E-15
5033.68715192941  3.817550E-15
5034.76567200702  3.646114E-15
5035.84419208463  3.327540E-15
5036.92271216224  3.157458E-15
5038.00123223985  3.277410E-15
5039.07975231746  3.083303E-15
5040.15827239508  2.777506E-15
5041.23679247269  2.680930E-15
5042.3153125503  2.929482E-15
5043.39383262791  3.228489E-15
5044.47235270552  3.454065E-15
5045.55087278314  3.689815E-15
5046.62939286074  3.716040E-15
5047.70791293836  3.644936E-15
5048.78643301597  3.279072E-15
5049.86495309358  3.253684E-15
5050.94347317119  3.301675E-15
5052.0219932488  3.413536E-15
5053.10051332642  3.435838E-15
5054.17903340403  3.448782E-15
5055.25755348164  3.543528E-15
5056.33607355925  3.531639E-15
5057.41459363686  3.643846E-15
5058.49311371447  3.572004E-15
5059.57163379208  3.536469E-15
5060.65015386969  3.739213E-15
5061.72867394731  3.796732E-15
5062.80719402492  3.721014E-15
5063.88571410253  3.392501E-15
5064.96423418014  3.264017E-15
5066.04275425775  3.302431E-15
5067.12127433536  3.334434E-15
5068.19979441297  3.353476E-15
5069.27831449059  3.346760E-15
5070.3568345682  3.393167E-15
5071.43535464581  3.348146E-15
5072.51387472342  3.438393E-15
5073.59239480103  3.476023E-15
5074.67091487864  3.394256E-15
5075.74943495626  3.449932E-15
5076.82795503387  3.464715E-15
5077.90647511148  3.431371E-15
5078.98499518909  3.261064E-15
5080.0635152667  3.036619E-15
5081.14203534431  3.058582E-15
5082.22055542193  3.166926E-15
5083.29907549954  3.156825E-15
5084.37759557715  3.232387E-15
5085.45611565476  3.414514E-15
5086.53463573237  3.473601E-15
5087.61315580998  3.419402E-15
5088.69167588759  3.444127E-15
5089.77019596521  3.565037E-15
5090.84871604282  3.547742E-15
5091.92723612043  3.683302E-15
5093.00575619804  3.674809E-15
5094.08427627565  3.696523E-15
5095.16279635326  3.651002E-15
5096.24131643088  3.501552E-15
5097.31983650849  3.475114E-15
5098.3983565861  3.346550E-15
5099.47687666371  3.350631E-15
5100.55539674132  3.419901E-15
5101.63391681893  3.548664E-15
5102.71243689654  3.820403E-15
5103.79095697416  3.592540E-15
5104.86947705177  3.525753E-15
5105.94799712938  3.350889E-15
5107.02651720699  3.275321E-15
5108.1050372846  3.376419E-15
5109.18355736221  3.323067E-15
5110.26207743982  3.335150E-15
5111.34059751744  3.372293E-15
5112.41911759505  3.497188E-15
5113.49763767266  3.590748E-15
5114.57615775027  3.702781E-15
5115.65467782788  3.837661E-15
5116.73319790549  3.824001E-15
5117.8117179831  3.924543E-15
5118.89023806072  3.794751E-15
5119.96875813833  3.676963E-15
5121.04727821594  3.576610E-15
5122.12579829355  3.547415E-15
5123.20431837116  3.387364E-15
5124.28283844877  3.316371E-15
5125.36135852639  3.289830E-15
5126.439878604  3.379461E-15
5127.51839868161  3.456244E-15
5128.59691875922  3.359779E-15
5129.67543883683  3.459662E-15
5130.75395891444  3.311196E-15
5131.83247899205  3.445354E-15
5132.91099906967  3.817346E-15
5133.98951914728  3.859747E-15
5135.06803922489  3.843665E-15
5136.1465593025  3.740482E-15
5137.22507938011  3.701045E-15
5138.30359945772  3.456778E-15
5139.38211953533  3.524466E-15
5140.46063961295  3.654687E-15
5141.53915969056  3.474832E-15
5142.61767976817  3.413676E-15
5143.69619984578  3.518319E-15
5144.77471992339  3.460035E-15
5145.853240001  3.501398E-15
5146.93176007861  3.418124E-15
5148.01028015623  3.468261E-15
5149.08880023384  3.580889E-15
5150.16732031145  3.415210E-15
5151.24584038906  3.497727E-15
5152.32436046667  3.439082E-15
5153.40288054428  3.283015E-15
5154.4814006219  3.378670E-15
5155.55992069951  3.545266E-15
5156.63844077712  3.729576E-15
5157.71696085473  3.813876E-15
5158.79548093234  3.969792E-15
5159.87400100995  4.017810E-15
5160.95252108756  3.876687E-15
5162.03104116518  3.816231E-15
5163.10956124279  3.843015E-15
5164.1880813204  3.680654E-15
5165.26660139801  3.218320E-15
5166.34512147562  2.703743E-15
5167.42364155323  2.425593E-15
5168.50216163085  2.660575E-15
5169.58068170846  3.102019E-15
5170.65920178607  2.949841E-15
5171.73772186368  2.479432E-15
5172.81624194129  2.365768E-15
5173.8947620189  2.717228E-15
5174.97328209651  3.273468E-15
5176.05180217413  3.516313E-15
5177.13032225174  3.650484E-15
5178.20884232935  3.675063E-15
5179.28736240696  3.616745E-15
5180.36588248457  3.427807E-15
5181.44440256218  3.112870E-15
5182.52292263979  2.670436E-15
5183.60144271741  2.218895E-15
5184.67996279502  2.513761E-15
5185.75848287263  3.151746E-15
5186.83700295024  3.635356E-15
5187.91552302785  3.884906E-15
5188.99404310546  4.067603E-15
5190.07256318308  4.071525E-15
5191.15108326069  3.810837E-15
5192.2296033383  3.529810E-15
5193.30812341591  3.575753E-15
5194.38664349352  3.637250E-15
5195.46516357113  3.694911E-15
5196.54368364875  3.872275E-15
5197.62220372636  4.113796E-15
5198.70072380397  4.062414E-15
5199.77924388158  4.084712E-15
5200.85776395919  4.005588E-15
5201.9362840368  4.034644E-15
5203.01480411441  3.920890E-15
5204.09332419203  3.811943E-15
5205.17184426964  3.576243E-15
5206.25036434725  3.349660E-15
5207.32888442486  3.246428E-15
5208.40740450247  3.331525E-15
5209.48592458008  3.308153E-15
5210.56444465769  3.476443E-15
5211.64296473531  3.841293E-15
5212.72148481292  4.005825E-15
5213.80000489053  4.145750E-15
5214.87852496814  4.058570E-15
5215.95704504575  3.864637E-15
5217.03556512336  3.907329E-15
5218.11408520098  4.027924E-15
5219.19260527859  4.141399E-15
5220.2711253562  4.192126E-15
5221.34964543381  4.356745E-15
5222.42816551142  4.316643E-15
5223.50668558903  3.907045E-15
5224.58520566664  3.634872E-15
5225.66372574426  3.434958E-15
5226.74224582187  3.321230E-15
5227.82076589948  3.569164E-15
5228.89928597709  3.939211E-15
5229.9778060547  4.194801E-15
5231.05632613231  4.337054E-15
5232.13484620992  4.126803E-15
5233.21336628753  3.870394E-15
5234.29188636515  4.118276E-15
5235.37040644276  4.173899E-15
5236.44892652037  4.200434E-15
5237.52744659798  4.373625E-15
5238.60596667559  4.569545E-15
5239.6844867532  4.499719E-15
5240.76300683082  4.491206E-15
5241.84152690843  4.431659E-15
5242.92004698604  4.441751E-15
5243.99856706365  4.681945E-15
5245.07708714126  4.603278E-15
5246.15560721887  4.145332E-15
5247.23412729648  4.012049E-15
5248.3126473741  4.053904E-15
5249.39116745171  3.909301E-15
5250.46968752932  3.776835E-15
5251.54820760693  3.888081E-15
5252.62672768454  4.073479E-15
5253.70524776215  3.991883E-15
5254.78376783977  4.035100E-15
5255.86228791738  4.249602E-15
5256.94080799499  4.357199E-15
5258.0193280726  4.481140E-15
5259.09784815021  4.587566E-15
5260.17636822782  4.475815E-15
5261.25488830543  4.177953E-15
5262.33340838304  3.869686E-15
5263.41192846066  3.649813E-15
5264.49044853827  3.534694E-15
5265.56896861588  3.348174E-15
5266.64748869349  3.489960E-15
5267.7260087711  3.705476E-15
5268.80452884871  3.408283E-15
5269.88304892633  3.173366E-15
5270.96156900394  3.503456E-15
5272.04008908155  3.921019E-15
5273.11860915916  4.137866E-15
5274.19712923677  4.105341E-15
5275.27564931438  3.970612E-15
5276.354169392  4.248904E-15
5277.43268946961  4.621210E-15
5278.51120954722  4.530381E-15
5279.58972962483  4.442325E-15
5280.66824970244  4.265173E-15
5281.74676978005  4.286680E-15
5282.82528985767  4.001965E-15
5283.90380993528  3.972107E-15
5284.98233001289  4.453169E-15
5286.0608500905  4.682380E-15
5287.13937016811  4.486370E-15
5288.21789024572  4.644679E-15
5289.29641032333  4.648762E-15
5290.37493040095  4.662628E-15
5291.45345047856  4.746522E-15
5292.53197055617  4.640232E-15
5293.61049063378  4.602446E-15
5294.68901071139  4.442853E-15
5295.767530789  4.287760E-15
5296.84605086661  3.904443E-15
5297.92457094423  3.800763E-15
5299.00309102184  3.907871E-15
5300.08161109945  3.947237E-15
5301.16013117706  4.110311E-15
5302.23865125467  4.288073E-15
5303.31717133228  4.688408E-15
5304.39569140989  4.778041E-15
5305.47421148751  4.674119E-15
5306.55273156512  4.687240E-15
5307.63125164273  4.557343E-15
5308.70977172034  4.704208E-15
5309.78829179795  4.750934E-15
5310.86681187556  4.756599E-15
5311.94533195318  4.959066E-15
5313.02385203079  4.773726E-15
5314.1023721084  4.594806E-15
5315.18089218601  4.682821E-15
5316.25941226362  4.522981E-15
5317.33793234123  4.439543E-15
5318.41645241884  4.648923E-15
5319.49497249646  4.491505E-15
5320.57349257407  4.549186E-15
5321.65201265168  4.684736E-15
5322.73053272929  4.405615E-15
5323.8090528069  4.259813E-15
5324.88757288451  4.306393E-15
5325.96609296212  4.299114E-15
5327.04461303974  3.885384E-15
5328.12313311735  3.478387E-15
5329.20165319496  3.600286E-15
5330.28017327257  4.030785E-15
5331.35869335018  4.317773E-15
5332.43721342779  4.318445E-15
5333.5157335054  4.361830E-15
5334.59425358302  4.616481E-15
5335.67277366063  4.765011E-15
5336.75129373824  4.631249E-15
5337.82981381585  4.498976E-15
5338.90833389346  4.313855E-15
5339.98685397107  4.117505E-15
5341.06537404869  4.069386E-15
5342.1438941263  4.266978E-15
5343.22241420391  4.387339E-15
5344.30093428152  4.446358E-15
5345.37945435913  4.463806E-15
5346.45797443674  4.426773E-15
5347.53649451435  4.543108E-15
5348.61501459197  4.306421E-15
5349.69353466958  4.365268E-15
5350.77205474719  4.567989E-15
5351.8505748248  4.575757E-15
5352.92909490241  4.570576E-15
5354.00761498002  4.666360E-15
5355.08613505763  4.921878E-15
5356.16465513525  4.954719E-15
5357.24317521286  4.944562E-15
5358.32169529047  4.965824E-15
5359.40021536808  4.968345E-15
5360.47873544569  4.818384E-15
5361.5572555233  4.620286E-15
5362.63577560092  4.549912E-15
5363.71429567853  4.507515E-15
5364.79281575614  4.477102E-15
5365.87133583375  4.571388E-15
5366.94985591136  4.733467E-15
5368.02837598897  4.518846E-15
5369.10689606659  4.549002E-15
5370.1854161442  4.206167E-15
5371.26393622181  4.021145E-15
5372.34245629942  4.292976E-15
5373.42097637703  4.516998E-15
5374.49949645464  4.810651E-15
5375.57801653225  4.817300E-15
5376.65653660987  4.724095E-15
5377.73505668748  4.687384E-15
5378.81357676509  4.649668E-15
5379.8920968427  4.692908E-15
5380.97061692031  4.667100E-15
5382.04913699792  4.701054E-15
5383.12765707553  4.706810E-15
5384.20617715314  4.733409E-15
5385.28469723076  4.829369E-15
5386.36321730837  4.823333E-15
5387.44173738598  4.685245E-15
5388.52025746359  4.576276E-15
5389.5987775412  4.587049E-15
5390.67729761882  4.396497E-15
5391.75581769643  4.396641E-15
5392.83433777404  4.498379E-15
5393.91285785165  4.387339E-15
5394.99137792926  4.233934E-15
5396.06989800687  4.102622E-15
5397.14841808448  3.964777E-15
5398.2269381621  4.147823E-15
5399.30545823971  4.321402E-15
5400.38397831732  4.425178E-15
5401.46249839493  4.488097E-15
5402.54101847254  4.509247E-15
5403.61953855015  4.290167E-15
5404.69805862776  4.107571E-15
5405.77657870537  4.106183E-15
5406.85509878299  4.164137E-15
5407.9336188606  4.227280E-15
5409.01213893821  4.155521E-15
5410.09065901582  4.305253E-15
5411.16917909343  4.522815E-15
5412.24769917105  4.646300E-15
5413.32621924866  4.740557E-15
5414.40473932627  4.836301E-15
5415.48325940388  4.869586E-15
5416.56177948149  4.806996E-15
5417.6402995591  4.928114E-15
5418.71881963671  4.747859E-15
5419.79733971433  4.575107E-15
5420.87585979194  4.670127E-15
5421.95437986955  4.618656E-15
5423.03289994716  4.688500E-15
5424.11142002477  4.543882E-15
5425.18994010238  4.583446E-15
5426.26846017999  4.786346E-15
5427.34698025761  4.806233E-15
5428.42550033522  4.590720E-15
5429.50402041283  4.400160E-15
5430.58254049044  4.441131E-15
5431.66106056805  4.497434E-15
5432.73958064566  4.549423E-15
5433.81810072327  4.259125E-15
5434.89662080089  4.190268E-15
5435.9751408785  4.334988E-15
5437.05366095611  4.369338E-15
5438.13218103372  4.620046E-15
5439.21070111133  4.898266E-15
5440.28922118894  4.986945E-15
5441.36774126656  5.077905E-15
5442.44626134417  4.949476E-15
5443.52478142178  5.001844E-15
5444.60330149939  4.730408E-15
5445.681821577  4.581747E-15
5446.76034165461  4.325295E-15
5447.83886173222  4.384736E-15
5448.91738180984  4.620108E-15
5449.99590188745  4.881054E-15
5451.07442196506  4.952528E-15
5452.15294204267  4.896531E-15
5453.23146212028  4.803625E-15
5454.30998219789  4.633127E-15
5455.38850227551  4.463070E-15
5456.46702235312  4.511988E-15
5457.54554243073  4.717307E-15
5458.62406250834  4.945884E-15
5459.70258258595  5.287812E-15
5460.78110266356  5.439496E-15
5461.85962274117  5.374170E-15
5462.93814281878  5.176422E-15
5464.0166628964  4.956715E-15
5465.09518297401  4.746318E-15
5466.17370305162  4.796351E-15
5467.25222312923  5.052088E-15
5468.33074320684  4.928338E-15
5469.40926328445  4.719961E-15
5470.48778336207  4.596755E-15
5471.56630343968  4.683706E-15
5472.64482351729  4.756644E-15
5473.7233435949  4.656427E-15
5474.80186367251  4.640689E-15
5475.88038375012  4.498244E-15
5476.95890382773  4.417805E-15
5478.03742390535  4.598618E-15
5479.11594398296  4.733054E-15
5480.19446406057  4.698067E-15
5481.27298413818  4.456343E-15
5482.35150421579  4.357677E-15
5483.4300242934  4.598688E-15
5484.50854437102  4.885163E-15
5485.58706444863  4.953536E-15
5486.66558452624  4.800453E-15
5487.74410460385  4.802367E-15
5488.82262468146  4.792324E-15
5489.90114475907  4.738783E-15
5490.97966483668  4.864660E-15
5492.0581849143  4.815742E-15
5493.13670499191  4.758079E-15
5494.21522506952  4.717595E-15
5495.29374514713  4.694187E-15
5496.37226522474  4.810758E-15
5497.45078530235  4.671191E-15
5498.52930537996  4.792988E-15
5499.60782545758  5.022132E-15
5500.68634553519  4.882217E-15
5501.7648656128  4.710905E-15
5502.84338569041  4.681896E-15
5503.92190576802  4.702520E-15
5505.00042584563  4.692125E-15
5506.07894592324  4.629659E-15
5507.15746600086  4.446237E-15
5508.23598607847  4.661600E-15
5509.31450615608  4.674713E-15
5510.39302623369  4.783819E-15
5511.4715463113  4.573260E-15
5512.55006638892  4.276213E-15
5513.62858646653  4.383543E-15
5514.70710654414  4.546991E-15
5515.78562662175  4.451071E-15
5516.86414669936  4.472361E-15
5517.94266677697  4.765858E-15
5519.02118685458  4.957906E-15
5520.09970693219  5.103782E-15
5521.17822700981  5.127670E-15
5522.25674708742  4.975274E-15
5523.33526716503  5.097602E-15
5524.41378724264  5.045919E-15
5525.49230732025  4.707708E-15
5526.57082739786  4.647226E-15
5527.64934747548  4.504963E-15
5528.72786755309  4.450571E-15
5529.8063876307  4.597583E-15
5530.88490770831  4.715893E-15
5531.96342778592  4.707624E-15
5533.04194786353  4.717436E-15
5534.12046794114  4.715106E-15
5535.19898801876  4.577477E-15
5536.27750809637  4.743383E-15
5537.35602817398  4.732835E-15
5538.43454825159  4.767510E-15
5539.5130683292  4.765318E-15
5540.59158840681  4.930556E-15
5541.67010848443  4.999029E-15
5542.74862856204  4.861241E-15
5543.82714863965  4.843007E-15
5544.90566871726  4.725236E-15
5545.98418879487  4.742762E-15
5547.06270887248  4.827671E-15
5548.14122895009  4.983955E-15
5549.21974902771  5.105907E-15
5550.29826910532  5.092501E-15
5551.37678918293  5.143044E-15
5552.45530926054  4.946920E-15
5553.53382933815  4.788069E-15
5554.61234941576  4.868953E-15
5555.69086949337  4.792761E-15
5556.76938957099  5.001867E-15
5557.8479096486  5.004429E-15
5558.92642972621  4.894100E-15
5560.00494980382  5.038805E-15
5561.08346988143  4.859565E-15
5562.16198995904  4.782523E-15
5563.24051003666  4.656030E-15
5564.31903011427  4.679732E-15
5565.39755019188  4.714070E-15
5566.47607026949  4.702390E-15
5567.5545903471  4.580929E-15
5568.63311042471  4.548818E-15
5569.71163050232  4.711018E-15
5570.79015057994  4.755708E-15
5571.86867065755  4.629885E-15
5572.94719073516  4.680683E-15
5574.02571081277  4.654864E-15
5575.10423089038  4.693554E-15
5576.18275096799  5.089629E-15
5577.26127104561  6.010466E-15
5578.33979112321  6.422825E-15
5579.41831120083  5.801519E-15
5580.49683127844  5.440282E-15
5581.57535135605  5.102172E-15
5582.65387143366  5.048465E-15
5583.73239151127  5.040127E-15
5584.81091158888  4.835831E-15
5585.8894316665  4.661003E-15
5586.96795174411  4.451399E-15
5588.04647182172  4.172735E-15
5589.12499189933  4.262461E-15
5590.20351197694  4.217315E-15
5591.28203205455  4.569830E-15
5592.36055213217  4.681792E-15
5593.43907220978  4.505915E-15
5594.51759228739  4.688968E-15
5595.596112365  4.946663E-15
5596.67463244261  4.837532E-15
5597.75315252022  4.861108E-15
5598.83167259783  4.724709E-15
5599.91019267545  4.574387E-15
5600.98871275306  4.610088E-15
5602.06723283067  4.501182E-15
5603.14575290828  4.545535E-15
5604.22427298589  4.717497E-15
5605.3027930635  4.885600E-15
5606.38131314111  5.015515E-15
5607.45983321873  5.067163E-15
5608.53835329634  5.015501E-15
5609.61687337395  5.070818E-15
5610.69539345156  4.911680E-15
5611.77391352917  5.066497E-15
5612.85243360678  5.102615E-15
5613.9309536844  4.776046E-15
5615.00947376201  4.404712E-15
5616.08799383962  4.411787E-15
5617.16651391723  4.615965E-15
5618.24503399484  4.706779E-15
5619.32355407245  4.733663E-15
5620.40207415006  4.741541E-15
5621.48059422768  4.832134E-15
5622.55911430529  4.901272E-15
5623.6376343829  4.538004E-15
5624.71615446051  4.386804E-15
5625.79467453812  4.541794E-15
5626.87319461573  4.573636E-15
5627.95171469335  4.666114E-15
5629.03023477096  4.915741E-15
5630.10875484857  4.939941E-15
5631.18727492618  4.896307E-15
5632.26579500379  5.046081E-15
5633.3443150814  5.045492E-15
5634.42283515901  4.865851E-15
5635.50135523663  4.759978E-15
5636.57987531424  4.729119E-15
5637.65839539185  4.534123E-15
5638.73691546946  4.690303E-15
5639.81543554707  4.720618E-15
5640.89395562468  4.714288E-15
5641.97247570229  4.741325E-15
5643.05099577991  4.724849E-15
5644.12951585752  4.843702E-15
5645.20803593513  4.721642E-15
5646.28655601274  4.681102E-15
5647.36507609035  4.614922E-15
5648.44359616796  4.739518E-15
5649.52211624557  4.713328E-15
5650.60063632319  4.860638E-15
5651.6791564008  4.852177E-15
5652.75767647841  5.132135E-15
5653.83619655602  4.855144E-15
5654.91471663363  4.857598E-15
5655.99323671125  4.773560E-15
5657.07175678886  4.596159E-15
5658.15027686647  4.439411E-15
5659.22879694408  4.392884E-15
5660.30731702169  4.427342E-15
5661.3858370993  4.618970E-15
5662.46435717691  4.595818E-15
5663.54287725452  4.614800E-15
5664.62139733214  4.754442E-15
5665.69991740975  4.869217E-15
5666.77843748736  4.862260E-15
5667.85695756497  4.683419E-15
5668.93547764258  4.697177E-15
5670.01399772019  4.788038E-15
5671.0925177978  4.804139E-15
5672.17103787542  4.978468E-15
5673.24955795303  5.112840E-15
5674.32807803064  5.123349E-15
5675.40659810825  5.240614E-15
5676.48511818586  5.090171E-15
5677.56363826347  5.159543E-15
5678.64215834108  5.048592E-15
5679.7206784187  4.831153E-15
5680.79919849631  4.810447E-15
5681.87771857392  4.781765E-15
5682.95623865153  4.706938E-15
5684.03475872914  4.871680E-15
5685.11327880676  4.895534E-15
5686.19179888437  4.784634E-15
5687.27031896198  4.903396E-15
5688.34883903959  5.189820E-15
5689.4273591172  5.237756E-15
5690.50587919481  4.973618E-15
5691.58439927242  5.038875E-15
5692.66291935003  5.113233E-15
5693.74143942765  5.135766E-15
5694.81995950526  5.193452E-15
5695.89847958287  4.974863E-15
5696.97699966048  4.936529E-15
5698.05551973809  4.933623E-15
5699.1340398157  4.836635E-15
5700.21255989331  4.620187E-15
5701.29107997093  4.443723E-15
5702.36960004854  4.631339E-15
5703.44812012615  4.621335E-15
5704.52664020376  4.673123E-15
5705.60516028137  4.825543E-15
5706.68368035898  4.584343E-15
5707.7622004366  4.418563E-15
5708.84072051421  4.428045E-15
5709.91924059182  4.491531E-15
5710.99776066943  4.524692E-15
5712.07628074704  4.437125E-15
5713.15480082465  4.502229E-15
5714.23332090227  4.822257E-15
5715.31184097988  4.957770E-15
5716.39036105749  4.852448E-15
5717.4688811351  4.833185E-15
5718.54740121271  5.010736E-15
5719.62592129032  5.028937E-15
5720.70444136793  4.958151E-15
5721.78296144555  4.972649E-15
5722.86148152316  4.850255E-15
5723.94000160077  5.070952E-15
5725.01852167838  5.292003E-15
5726.09704175599  5.047179E-15
5727.1755618336  4.748178E-15
5728.25408191122  4.807157E-15
5729.33260198883  4.936618E-15
5730.41112206644  4.819950E-15
5731.48964214405  4.768067E-15
5732.56816222166  4.826349E-15
5733.64668229927  4.974883E-15
5734.72520237688  4.987421E-15
5735.8037224545  5.040037E-15
5736.88224253211  4.805874E-15
5737.96076260972  4.854686E-15
5739.03928268733  4.914957E-15
5740.11780276494  4.885542E-15
5741.19632284255  5.040398E-15
5742.27484292016  4.943374E-15
5743.35336299778  5.052971E-15
5744.43188307539  5.012046E-15
5745.510403153  5.129105E-15
5746.58892323061  4.902986E-15
5747.66744330822  4.712529E-15
5748.74596338583  5.064925E-15
5749.82448346344  5.061343E-15
5750.90300354106  5.152382E-15
5751.98152361867  4.894342E-15
5753.06004369628  4.784266E-15
5754.13856377389  4.736218E-15
5755.2170838515  4.838921E-15
5756.29560392911  4.994763E-15
5757.37412400673  5.120057E-15
5758.45264408434  5.047762E-15
5759.53116416195  4.836716E-15
5760.60968423956  4.998531E-15
5761.68820431717  4.859131E-15
5762.76672439478  4.582780E-15
5763.84524447239  4.633419E-15
5764.92376455001  5.022556E-15
5766.00228462762  5.204682E-15
5767.08080470523  5.171857E-15
5768.15932478284  5.250644E-15
5769.23784486045  5.320780E-15
5770.31636493806  5.074398E-15
5771.39488501567  5.257385E-15
5772.47340509329  5.255206E-15
5773.5519251709  5.221696E-15
5774.63044524851  5.025540E-15
5775.70896532612  4.920588E-15
5776.78748540373  5.257171E-15
5777.86600548134  5.134402E-15
5778.94452555895  4.797121E-15
5780.02304563657  4.617603E-15
5781.10156571418  4.404756E-15
5782.18008579179  4.357213E-15
5783.2586058694  4.591554E-15
5784.33712594701  4.657500E-15
5785.41564602462  4.553316E-15
5786.49416610224  4.669616E-15
5787.57268617985  4.824287E-15
5788.65120625746  4.848405E-15
5789.72972633507  4.944985E-15
5790.80824641268  5.116689E-15
5791.88676649029  5.246689E-15
5792.9652865679  5.048652E-15
5794.04380664552  5.096374E-15
5795.12232672313  5.326194E-15
5796.20084680074  5.151763E-15
5797.27936687835  4.985829E-15
5798.35788695596  5.097465E-15
5799.43640703357  5.121894E-15
5800.51492711119  5.126062E-15
5801.5934471888  5.112105E-15
5802.67196726641  5.215308E-15
5803.75048734402  5.021761E-15
5804.82900742163  4.997845E-15
5805.90752749924  5.192673E-15
5806.98604757685  5.125402E-15
5808.06456765447  4.933997E-15
5809.14308773208  5.137740E-15
5810.22160780969  5.135029E-15
5811.3001278873  5.076626E-15
5812.37864796491  4.957527E-15
5813.45716804252  4.682485E-15
5814.53568812013  4.973220E-15
5815.61420819775  5.148602E-15
5816.69272827536  5.131939E-15
5817.77124835297  5.372422E-15
5818.84976843058  5.244592E-15
5819.92828850819  5.376007E-15
5821.00680858581  5.456203E-15
5822.08532866342  5.170867E-15
5823.16384874103  5.128632E-15
5824.24236881864  5.414279E-15
5825.32088889625  5.248174E-15
5826.39940897386  5.181772E-15
5827.47792905147  5.445849E-15
5828.55644912909  5.202808E-15
5829.6349692067  5.186140E-15
5830.71348928431  5.222847E-15
5831.79200936192  5.429785E-15
5832.87052943953  5.404477E-15
5833.94904951714  5.137401E-15
5835.02756959475  5.309007E-15
5836.10608967236  5.213888E-15
5837.18460974998  5.339235E-15
5838.26312982759  5.182374E-15
5839.3416499052  5.243668E-15
5840.42016998281  5.245616E-15
5841.49869006042  5.328445E-15
5842.57721013803  5.431391E-15
5843.65573021565  5.444457E-15
5844.73425029326  5.371575E-15
5845.81277037087  5.215780E-15
5846.89129044848  5.152762E-15
5847.96981052609  5.204862E-15
5849.0483306037  5.087514E-15
5850.12685068131  5.024960E-15
5851.20537075893  5.297139E-15
5852.28389083654  5.370202E-15
5853.36241091415  5.035380E-15
5854.44093099176  5.268504E-15
5855.51945106937  5.345374E-15
5856.59797114698  5.179361E-15
5857.6764912246  5.125651E-15
5858.75501130221  4.963885E-15
5859.83353137982  5.140757E-15
5860.91205145743  5.268760E-15
5861.99057153504  5.245999E-15
5863.06909161265  5.234382E-15
5864.14761169026  5.302067E-15
5865.22613176787  5.385454E-15
5866.30465184549  5.220914E-15
5867.3831719231  5.083832E-15
5868.46169200071  5.248053E-15
5869.54021207832  5.518161E-15
5870.61873215593  5.591876E-15
5871.69725223354  5.662570E-15
5872.77577231116  5.435391E-15
5873.85429238877  5.245367E-15
5874.93281246638  5.393008E-15
5876.01133254399  5.401011E-15
5877.0898526216  5.259442E-15
5878.16837269921  5.231029E-15
5879.24689277682  5.101474E-15
5880.32541285444  5.005143E-15
5881.40393293205  5.210211E-15
5882.48245300966  5.176521E-15
5883.56097308727  5.058694E-15
5884.63949316488  5.245678E-15
5885.71801324249  5.041060E-15
5886.79653332011  5.043169E-15
5887.87505339772  4.760524E-15
5888.95357347533  4.339789E-15
5890.03209355294  4.367156E-15
5891.11061363055  4.621532E-15
5892.18913370816  4.792886E-15
5893.26765378577  4.766121E-15
5894.34617386339  4.418195E-15
5895.424693941  4.489242E-15
5896.50321401861  5.124898E-15
5897.58173409622  5.184678E-15
5898.66025417383  4.993929E-15
5899.73877425144  4.916750E-15
5900.81729432906  4.829241E-15
5901.89581440667  5.026046E-15
5902.97433448428  5.179783E-15
5904.05285456189  5.018442E-15
5905.1313746395  5.019815E-15
5906.20989471711  4.934723E-15
5907.28841479472  5.187251E-15
5908.36693487234  5.250739E-15
5909.44545494995  4.952447E-15
5910.52397502756  5.044443E-15
5911.60249510517  5.213988E-15
5912.68101518278  5.099390E-15
5913.75953526039  4.977693E-15
5914.838055338  4.997023E-15
5915.91657541562  5.006628E-15
5916.99509549323  5.141382E-15
5918.07361557084  5.020345E-15
5919.15213564845  4.978749E-15
5920.23065572606  5.091272E-15
5921.30917580367  5.218148E-15
5922.38769588129  5.248629E-15
5923.4662159589  5.012735E-15
5924.54473603651  4.992076E-15
5925.62325611412  5.121734E-15
5926.70177619173  5.203647E-15
5927.78029626934  5.372328E-15
5928.85881634695  5.247272E-15
5929.93733642457  5.106068E-15
5931.01585650218  5.142193E-15
5932.09437657979  5.108354E-15
5933.1728966574  5.164442E-15
5934.25141673501  5.320145E-15
5935.32993681262  5.147041E-15
5936.40845689023  5.192851E-15
5937.48697696785  5.322318E-15
5938.56549704546  5.217255E-15
5939.64401712307  5.323742E-15
5940.72253720068  5.176354E-15
5941.80105727829  4.913254E-15
5942.8795773559  5.054852E-15
5943.95809743352  5.094460E-15
5945.03661751113  5.173828E-15
5946.11513758874  5.217712E-15
5947.19365766635  5.037557E-15
5948.27217774396  4.944862E-15
5949.35069782157  5.104005E-15
5950.42921789918  5.321169E-15
5951.5077379768  5.143618E-15
5952.58625805441  5.162533E-15
5953.66477813202  5.343036E-15
5954.74329820963  5.316462E-15
5955.82181828724  5.231555E-15
5956.90033836485  5.199124E-15
5957.97885844246  5.151530E-15
5959.05737852008  5.078680E-15
5960.13589859769  5.283050E-15
5961.2144186753  5.396319E-15
5962.29293875291  5.263858E-15
5963.37145883052  5.294074E-15
5964.44997890813  5.349964E-15
5965.52849898574  5.470159E-15
5966.60701906336  5.386507E-15
5967.68553914097  5.163462E-15
5968.76405921858  5.223601E-15
5969.84257929619  5.452242E-15
5970.9210993738  5.370796E-15
5971.99961945141  5.511352E-15
5973.07813952903  5.489303E-15
5974.15665960664  5.244610E-15
5975.23517968425  5.141140E-15
5976.31369976186  5.269478E-15
5977.39221983947  5.307138E-15
5978.47073991708  5.163905E-15
5979.54925999469  5.452198E-15
5980.62778007231  5.194286E-15
5981.70630014992  5.164771E-15
5982.78482022753  5.253457E-15
5983.86334030514  5.039055E-15
5984.94186038275  5.083399E-15
5986.02038046036  5.194482E-15
5987.09890053798  5.160431E-15
5988.17742061559  5.307761E-15
5989.2559406932  5.293148E-15
5990.33446077081  5.122956E-15
5991.41298084842  5.272694E-15
5992.49150092603  5.286601E-15
5993.57002100364  5.214797E-15
5994.64854108125  5.359957E-15
5995.72706115887  5.520684E-15
5996.80558123648  5.233775E-15
5997.88410131409  5.235095E-15
5998.9626213917  5.129968E-15
6000.04114146931  5.317378E-15
6001.11966154693  5.358125E-15
6002.19818162454  5.366825E-15
6003.27670170215  5.382032E-15
6004.35522177976  5.675444E-15
6005.43374185737  5.330183E-15
6006.51226193498  5.200332E-15
6007.59078201259  5.251384E-15
6008.6693020902  5.109889E-15
6009.74782216782  5.191927E-15
6010.82634224543  5.315082E-15
6011.90486232304  5.221244E-15
6012.98338240065  5.188318E-15
6014.06190247826  5.384336E-15
6015.14042255587  5.574633E-15
6016.21894263348  5.121862E-15
6017.2974627111  5.110262E-15
6018.37598278871  5.162895E-15
6019.45450286632  5.106289E-15
6020.53302294393  5.080055E-15
6021.61154302154  5.090774E-15
6022.69006309915  5.140428E-15
6023.76858317677  5.203500E-15
6024.84710325438  5.112549E-15
6025.92562333199  5.318242E-15
6027.0041434096  5.458675E-15
6028.08266348721  5.301951E-15
6029.16118356482  5.492876E-15
6030.23970364244  5.667963E-15
6031.31822372005  5.524000E-15
6032.39674379766  5.495723E-15
6033.47526387527  5.613434E-15
6034.55378395288  5.583716E-15
6035.63230403049  5.438818E-15
6036.7108241081  5.439864E-15
6037.78934418572  5.454702E-15
6038.86786426333  5.354124E-15
6039.94638434094  5.351713E-15
6041.02490441855  5.344385E-15
6042.10342449616  5.354385E-15
6043.18194457377  5.506837E-15
6044.26046465139  5.485684E-15
6045.338984729  5.318313E-15
6046.41750480661  5.431979E-15
6047.49602488422  5.626170E-15
6048.57454496183  5.519455E-15
6049.65306503944  5.422513E-15
6050.73158511705  5.394682E-15
6051.81010519467  5.444510E-15
6052.88862527228  5.549993E-15
6053.96714534989  5.483496E-15
6055.0456654275  5.286730E-15
6056.12418550511  5.252395E-15
6057.20270558272  5.425701E-15
6058.28122566033  5.429764E-15
6059.35974573795  5.261786E-15
6060.43826581556  5.397327E-15
6061.51678589317  5.470214E-15
6062.59530597078  5.427594E-15
6063.67382604839  5.260261E-15
6064.752346126  5.186127E-15
6065.83086620361  5.216898E-15
6066.90938628123  5.249050E-15
6067.98790635884  5.610321E-15
6069.06642643645  5.626697E-15
6070.14494651406  5.615739E-15
6071.22346659167  5.249070E-15
6072.30198666928  5.542372E-15
6073.3805067469  5.633018E-15
6074.45902682451  5.474230E-15
6075.53754690212  5.648438E-15
6076.61606697973  5.521572E-15
6077.69458705734  5.278242E-15
6078.77310713495  5.403126E-15
6079.85162721256  5.425135E-15
6080.93014729018  5.168574E-15
6082.00866736779  5.381205E-15
6083.0871874454  5.053601E-15
6084.16570752301  5.125854E-15
6085.24422760062  5.086783E-15
6086.32274767823  5.083956E-15
6087.40126775584  5.251545E-15
6088.47978783346  5.268309E-15
6089.55830791107  5.165475E-15
6090.63682798868  5.148047E-15
6091.71534806629  5.286930E-15
6092.7938681439  5.022790E-15
6093.87238822151  5.236726E-15
6094.95090829912  5.584659E-15
6096.02942837674  5.412465E-15
6097.10794845435  5.229247E-15
6098.18646853196  5.341452E-15
6099.26498860957  5.301970E-15
6100.34350868718  5.429714E-15
6101.42202876479  5.109069E-15
6102.50054884241  4.898100E-15
6103.57906892002  4.924578E-15
6104.65758899763  5.110528E-15
6105.73610907524  5.261277E-15
6106.81462915285  5.215890E-15
6107.89314923046  5.143569E-15
6108.97166930807  5.432265E-15
6110.05018938569  5.609163E-15
6111.1287094633  5.562290E-15
6112.20722954091  5.451000E-15
6113.28574961852  5.497190E-15
6114.36426969613  5.484923E-15
6115.44278977374  5.536625E-15
6116.52130985136  5.345694E-15
6117.59982992897  5.337546E-15
6118.67835000658  5.265314E-15
6119.75687008419  5.264594E-15
6120.8353901618  5.075482E-15
6121.91391023941  5.068415E-15
6122.99243031702  5.145159E-15
6124.07095039464  5.177194E-15
6125.14947047225  5.095718E-15
6126.22799054986  5.133687E-15
6127.30651062747  5.114089E-15
6128.38503070508  5.009538E-15
6129.46355078269  5.147460E-15
6130.5420708603  5.397250E-15
6131.62059093792  5.477466E-15
6132.69911101553  5.427162E-15
6133.77763109314  5.314439E-15
6134.85615117075  4.983151E-15
6135.93467124836  4.640985E-15
6137.01319132597  4.672882E-15
6138.09171140358  4.797951E-15
6139.1702314812  4.954994E-15
6140.24875155881  5.055664E-15
6141.32727163642  4.916857E-15
6142.40579171403  5.113560E-15
6143.48431179164  5.084830E-15
6144.56283186926  5.052096E-15
6145.64135194687  5.232592E-15
6146.71987202448  5.089508E-15
6147.79839210209  5.128684E-15
6148.8769121797  5.153232E-15
6149.95543225731  5.130227E-15
6151.03395233492  5.189522E-15
6152.11247241254  5.281280E-15
6153.19099249015  5.197886E-15
6154.26951256776  4.912836E-15
6155.34803264537  4.963174E-15
6156.42655272298  5.148816E-15
6157.50507280059  5.189306E-15
6158.5835928782  5.238722E-15
6159.66211295582  5.184418E-15
6160.74063303343  4.859083E-15
6161.81915311104  4.713460E-15
6162.89767318865  4.660768E-15
6163.97619326626  4.771694E-15
6165.05471334387  4.904075E-15
6166.13323342149  4.994378E-15
6167.2117534991  5.080720E-15
6168.29027357671  4.886458E-15
6169.36879365432  4.867056E-15
6170.44731373193  4.999822E-15
6171.52583380954  4.919003E-15
6172.60435388715  5.102902E-15
6173.68287396477  4.900862E-15
6174.76139404238  4.915162E-15
6175.83991411999  5.115903E-15
6176.9184341976  5.337254E-15
6177.99695427521  5.221709E-15
6179.07547435282  5.353030E-15
6180.15399443043  4.975650E-15
6181.23251450805  5.042392E-15
6182.31103458566  5.472619E-15
6183.38955466327  5.359620E-15
6184.46807474088  5.339434E-15
6185.54659481849  5.314308E-15
6186.6251148961  5.159073E-15
6187.70363497371  4.975224E-15
6188.78215505133  5.126503E-15
6189.86067512894  4.964391E-15
6190.93919520655  4.817455E-15
6192.01771528416  5.175512E-15
6193.09623536177  4.948425E-15
6194.17475543938  5.013000E-15
6195.25327551699  5.161837E-15
6196.33179559461  5.289188E-15
6197.41031567222  5.319699E-15
6198.48883574983  5.348297E-15
6199.56735582744  5.271136E-15
6200.64587590505  5.086158E-15
6201.72439598266  5.027319E-15
6202.80291606028  5.126722E-15
6203.88143613789  5.484599E-15
6204.9599562155  5.190687E-15
6206.03847629311  5.250689E-15
6207.11699637072  5.203878E-15
6208.19551644833  5.389829E-15
6209.27403652594  5.222017E-15
6210.35255660356  5.254430E-15
6211.43107668117  5.263221E-15
6212.50959675878  5.204108E-15
6213.58811683639  5.131541E-15
6214.666636914  5.000905E-15
6215.74515699161  4.661299E-15
6216.82367706922  4.821353E-15
6217.90219714684  4.946756E-15
6218.98071722445  4.943834E-15
6220.05923730206  4.682588E-15
6221.13775737967  4.625896E-15
6222.21627745728  4.976599E-15
6223.29479753489  5.172799E-15
6224.37331761251  5.049119E-15
6225.45183769012  4.976061E-15
6226.53035776773  5.386255E-15
6227.60887784534  5.409396E-15
6228.68739792295  5.095630E-15
6229.76591800056  5.083757E-15
6230.84443807817  5.062359E-15
6231.92295815579  4.855464E-15
6233.0014782334  4.977017E-15
6234.07999831101  5.255545E-15
6235.15851838862  5.281621E-15
6236.23703846623  5.313000E-15
6237.31555854384  5.189885E-15
6238.39407862146  5.439946E-15
6239.47259869907  5.048206E-15
6240.55111877668  5.117998E-15
6241.62963885429  5.091884E-15
6242.7081589319  5.067326E-15
6243.78667900951  4.978214E-15
6244.86519908712  4.811151E-15
6245.94371916474  5.104774E-15
6247.02223924235  5.170497E-15
6248.10075931996  5.150777E-15
6249.17927939757  5.195353E-15
6250.25779947518  5.101801E-15
6251.33631955279  4.876342E-15
6252.41483963041  4.866095E-15
6253.49335970802  5.012769E-15
6254.57187978563  5.170629E-15
6255.65039986324  4.789358E-15
6256.72891994085  4.893696E-15
6257.80744001846  4.743105E-15
6258.88596009607  4.592054E-15
6259.96448017369  4.791535E-15
6261.0430002513  5.012751E-15
6262.12152032891  5.259220E-15
6263.20004040652  5.593842E-15
6264.27856048413  5.226280E-15
6265.35708056174  5.240207E-15
6266.43560063936  5.408840E-15
6267.51412071697  5.212069E-15
6268.59264079458  5.101170E-15
6269.67116087219  5.020028E-15
6270.7496809498  5.191611E-15
6271.82820102741  5.356882E-15
6272.90672110502  5.346787E-15
6273.98524118263  5.307300E-15
6275.06376126025  5.443794E-15
6276.14228133786  5.319613E-15
6277.22080141547  5.042994E-15
6278.29932149308  4.867090E-15
6279.37784157069  4.847491E-15
6280.4563616483  4.854996E-15
6281.53488172591  4.910619E-15
6282.61340180353  4.951906E-15
6283.69192188114  4.961562E-15
6284.77044195875  4.885666E-15
6285.84896203636  5.218659E-15
6286.92748211397  5.322460E-15
6288.00600219158  5.388489E-15
6289.0845222692  5.536193E-15
6290.16304234681  5.467258E-15
6291.24156242442  5.255870E-15
6292.32008250203  5.372638E-15
6293.39860257964  5.377552E-15
6294.47712265725  5.289876E-15
6295.55564273486  5.163008E-15
6296.63416281248  4.870374E-15
6297.71268289009  4.963317E-15
6298.7912029677  5.143527E-15
6299.86972304531  5.637739E-15
6300.94824312292  5.955456E-15
6302.02676320053  5.733954E-15
6303.10528327814  5.644184E-15
6304.18380335576  5.491076E-15
6305.26232343337  5.222164E-15
6306.34084351098  5.442333E-15
6307.41936358859  5.534684E-15
6308.4978836662  5.500371E-15
6309.57640374381  5.655909E-15
6310.65492382142  5.330381E-15
6311.73344389904  5.111590E-15
6312.81196397665  5.190727E-15
6313.89048405426  5.119324E-15
6314.96900413187  5.172668E-15
6316.04752420948  5.038548E-15
6317.12604428709  4.830866E-15
6318.20456436471  4.732363E-15
6319.28308444232  4.868768E-15
6320.36160451993  5.076286E-15
6321.44012459754  5.149077E-15
6322.51864467515  5.426106E-15
6323.59716475276  5.416625E-15
6324.67568483038  5.236337E-15
6325.75420490799  5.473195E-15
6326.8327249856  5.476284E-15
6327.91124506321  5.486885E-15
6328.98976514082  5.484767E-15
6330.06828521843  5.350187E-15
6331.14680529604  5.607401E-15
6332.22532537366  5.558823E-15
6333.30384545127  5.185296E-15
6334.38236552888  5.208223E-15
6335.46088560649  5.086212E-15
6336.5394056841  4.921172E-15
6337.61792576171  5.185211E-15
6338.69644583933  5.174077E-15
6339.77496591694  5.174181E-15
6340.85348599455  5.388658E-15
6341.93200607216  5.531213E-15
6343.01052614977  5.327634E-15
6344.08904622738  5.551117E-15
6345.16756630499  5.374381E-15
6346.24608638261  5.255937E-15
6347.32460646022  5.516283E-15
6348.40312653783  5.213841E-15
6349.48164661544  5.280927E-15
6350.56016669305  5.283099E-15
6351.63868677066  5.345510E-15
6352.71720684827  5.185222E-15
6353.79572692589  5.062218E-15
6354.8742470035  5.213938E-15
6355.95276708111  5.525294E-15
6357.03128715872  5.229071E-15
6358.10980723633  4.934860E-15
6359.18832731394  5.028347E-15
6360.26684739156  4.981779E-15
6361.34536746917  4.936904E-15
6362.42388754678  5.020509E-15
6363.50240762439  4.987081E-15
6364.580927702  5.120373E-15
6365.65944777961  5.264259E-15
6366.73796785722  5.233571E-15
6367.81648793484  5.371672E-15
6368.89500801245  5.257548E-15
6369.97352809006  5.173459E-15
6371.05204816767  5.041917E-15
6372.13056824528  5.331803E-15
6373.20908832289  5.463560E-15
6374.2876084005  5.517867E-15
6375.36612847812  5.450225E-15
6376.44464855573  5.461402E-15
6377.52316863334  5.281676E-15
6378.60168871095  5.178081E-15
6379.68020878856  5.108469E-15
6380.75872886617  5.154299E-15
6381.83724894378  5.095163E-15
6382.9157690214  4.935614E-15
6383.99428909901  4.978089E-15
6385.07280917662  5.343570E-15
6386.15132925423  5.157100E-15
6387.22984933184  5.376247E-15
6388.30836940945  5.238555E-15
6389.38688948707  5.294989E-15
6390.46540956468  5.199458E-15
6391.54392964229  5.086944E-15
6392.6224497199  5.042573E-15
6393.70096979751  4.786682E-15
6394.77948987512  5.090928E-15
6395.85800995273  5.233429E-15
6396.93653003035  5.132710E-15
6398.01505010796  5.056773E-15
6399.09357018557  5.013350E-15
6400.17209026318  4.766895E-15
6401.25061034079  4.638840E-15
6402.3291304184  4.930417E-15
6403.40765049601  5.397305E-15
6404.48617057363  5.219414E-15
6405.56469065124  4.749678E-15
6406.64321072885  4.881859E-15
6407.72173080646  5.011694E-15
6408.80025088407  4.793822E-15
6409.87877096168  4.891614E-15
6410.9572910393  4.826373E-15
6412.03581111691  4.773012E-15
6413.11433119452  5.048441E-15
6414.19285127213  5.007730E-15
6415.27137134974  5.107730E-15
6416.34989142735  4.974680E-15
6417.42841150496  4.770536E-15
6418.50693158258  4.794258E-15
6419.58545166019  4.963426E-15
6420.6639717378  4.682510E-15
6421.74249181541  4.719217E-15
6422.82101189302  5.097268E-15
6423.89953197063  5.160317E-15
6424.97805204824  5.016398E-15
6426.05657212586  5.038312E-15
6427.13509220347  5.028099E-15
6428.21361228108  5.108858E-15
6429.29213235869  4.750374E-15
6430.3706524363  4.838484E-15
6431.44917251391  4.882385E-15
6432.52769259153  4.842574E-15
6433.60621266914  4.780419E-15
6434.68473274675  4.762034E-15
6435.76325282436  5.136349E-15
6436.84177290197  4.824663E-15
6437.92029297958  4.420382E-15
6438.9988130572  4.494531E-15
6440.07733313481  4.590179E-15
6441.15585321242  4.770360E-15
6442.23437329003  4.993845E-15
6443.31289336764  4.908420E-15
6444.39141344525  4.965584E-15
6445.46993352286  5.145213E-15
6446.54845360047  5.096803E-15
6447.62697367809  5.138163E-15
6448.7054937557  4.513301E-15
6449.78401383331  3.972577E-15
6450.86253391092  4.438152E-15
6451.94105398853  4.735280E-15
6453.01957406615  4.604318E-15
6454.09809414375  4.617185E-15
6455.17661422137  4.720694E-15
6456.25513429898  4.806236E-15
6457.33365437659  4.795245E-15
6458.4121744542  4.946849E-15
6459.49069453181  5.230606E-15
6460.56921460942  4.924039E-15
6461.64773468704  4.498296E-15
6462.72625476465  4.311814E-15
6463.80477484226  4.386051E-15
6464.88329491987  4.687991E-15
6465.96181499748  4.653411E-15
6467.04033507509  4.856536E-15
6468.11885515271  4.723294E-15
6469.19737523032  4.597312E-15
6470.27589530793  4.691085E-15
6471.35441538554  4.363583E-15
6472.43293546315  4.309821E-15
6473.51145554076  4.578552E-15
6474.58997561837  4.938163E-15
6475.66849569598  4.537524E-15
6476.7470157736  4.566554E-15
6477.82553585121  4.665100E-15
6478.90405592882  4.952997E-15
6479.98257600643  4.617626E-15
6481.06109608404  4.636815E-15
6482.13961616166  4.658555E-15
6483.21813623927  4.610264E-15
6484.29665631688  4.474548E-15
6485.37517639449  4.586566E-15
6486.4536964721  4.946165E-15
6487.53221654971  4.949885E-15
6488.61073662732  4.827002E-15
6489.68925670494  4.645141E-15
6490.76777678255  4.348333E-15
6491.84629686016  4.487782E-15
6492.92481693777  4.661010E-15
6494.00333701538  3.758733E-15
6495.08185709299  3.900241E-15
6496.1603771706  4.001467E-15
6497.23889724822  4.313280E-15
6498.31741732583  4.448933E-15
6499.39593740344  4.769552E-15
6500.47445748105  4.712459E-15
6501.55297755866  4.797670E-15
6502.63149763627  4.548769E-15
6503.71001771388  4.624757E-15
6504.7885377915  4.950385E-15
6505.86705786911  4.776151E-15
6506.94557794672  4.857030E-15
6508.02409802433  5.032439E-15
6509.10261810194  5.035374E-15
6510.18113817955  4.830668E-15
6511.25965825717  4.800383E-15
6512.33817833478  4.756400E-15
6513.41669841239  5.117447E-15
6514.49521849  5.029617E-15
6515.57373856761  4.713854E-15
6516.65225864522  4.573262E-15
6517.73077872283  4.689838E-15
6518.80929880045  4.860948E-15
6519.88781887806  4.541557E-15
6520.96633895567  4.650418E-15
6522.04485903328  4.966136E-15
6523.12337911089  5.073815E-15
6524.2018991885  4.815186E-15
6525.28041926611  4.843706E-15
6526.35893934373  4.686526E-15
6527.43745942134  4.558874E-15
6528.51597949895  4.802428E-15
6529.59449957656  5.138264E-15
6530.67301965417  4.692491E-15
6531.75153973178  4.370793E-15
6532.83005980939  5.023901E-15
6533.90857988701  4.692610E-15
6534.98709996462  4.809853E-15
6536.06562004223  4.660731E-15
6537.14414011984  4.907013E-15
6538.22266019745  4.811571E-15
6539.30118027506  4.557377E-15
6540.37970035268  4.923863E-15
6541.45822043029  5.041044E-15
6542.5367405079  4.959551E-15
6543.61526058551  4.616082E-15
6544.69378066312  4.568931E-15
6545.77230074074  4.763975E-15
6546.85082081834  4.636373E-15
6547.92934089596  4.782660E-15
6549.00786097357  4.896336E-15
6550.08638105118  4.942813E-15
6551.16490112879  4.956617E-15
6552.2434212064  4.618647E-15
6553.32194128401  4.775633E-15
6554.40046136162  4.726917E-15
6555.47898143924  4.609553E-15
6556.55750151685  4.257565E-15
6557.63602159446  4.887999E-15
6558.71454167207  4.779012E-15
6559.79306174968  4.940044E-15
6560.87158182729  4.367709E-15
6561.95010190491  3.328210E-15
6563.02862198252  3.437909E-15
6564.10714206013  3.964814E-15
6565.18566213774  4.034243E-15
6566.26418221535  4.538489E-15
6567.34270229296  4.897437E-15
6568.42122237057  4.936700E-15
6569.49974244819  4.536385E-15
6570.5782625258  4.707141E-15
6571.65678260341  4.785394E-15
6572.73530268102  4.678084E-15
6573.81382275863  4.745161E-15
6574.89234283624  4.412968E-15
6575.97086291385  4.495956E-15
6577.04938299147  5.335367E-15
6578.12790306908  5.111078E-15
6579.20642314669  4.724164E-15
6580.2849432243  4.873589E-15
6581.36346330191  4.892020E-15
6582.44198337953  4.717936E-15
6583.52050345714  4.869067E-15
6584.59902353475  5.210843E-15
6585.67754361236  4.634127E-15
6586.75606368997  4.391409E-15
6587.83458376758  5.062377E-15
6588.91310384519  4.824409E-15
6589.9916239228  4.552508E-15
6591.07014400042  4.954512E-15
6592.14866407803  4.558785E-15
6593.22718415564  4.270040E-15
6594.30570423325  4.279191E-15
6595.38422431086  4.391717E-15
6596.46274438847  4.819250E-15
6597.54126446609  4.767188E-15
6598.6197845437  4.505090E-15
6599.69830462131  4.774767E-15
6600.77682469892  4.882646E-15
6601.85534477653  5.034986E-15
6602.93386485414  5.161543E-15
6604.01238493176  4.669200E-15
6605.09090500937  4.750804E-15
6606.16942508698  4.805965E-15
6607.24794516459  4.437808E-15
6608.3264652422  4.571451E-15
6609.40498531981  4.497650E-15
6610.48350539742  4.673022E-15
6611.56202547504  4.951896E-15
6612.64054555265  4.580319E-15
6613.71906563026  4.469355E-15
6614.79758570787  4.620256E-15
6615.87610578548  4.795427E-15
6616.95462586309  5.083145E-15
6618.0331459407  5.153589E-15
6619.11166601831  4.835101E-15
6620.19018609593  4.861178E-15
6621.26870617354  4.707395E-15
6622.34722625115  4.613275E-15
6623.42574632876  4.529860E-15
6624.50426640637  4.384042E-15
6625.58278648398  4.289302E-15
6626.66130656159  4.445270E-15
6627.73982663921  4.771949E-15
6628.81834671682  4.817125E-15
6629.89686679443  4.553832E-15
6630.97538687204  4.440708E-15
6632.05390694965  4.219626E-15
6633.13242702726  4.306555E-15
6634.21094710488  4.606991E-15
6635.28946718249  4.453738E-15
6636.3679872601  4.587611E-15
6637.44650733771  4.553940E-15
6638.52502741532  4.698563E-15
6639.60354749293  4.661495E-15
6640.68206757055  4.524803E-15
6641.76058764816  4.488850E-15
6642.83910772577  4.192690E-15
6643.91762780338  4.189536E-15
6644.99614788099  4.370903E-15
6646.0746679586  4.529716E-15
6647.15318803621  4.657178E-15
6648.23170811382  4.631588E-15
6649.31022819144  4.262886E-15
6650.38874826905  4.157108E-15
6651.46726834666  4.718563E-15
6652.54578842427  4.742122E-15
6653.62430850188  4.427390E-15
6654.70282857949  4.476501E-15
6655.78134865711  4.386202E-15
6656.85986873472  4.628994E-15
6657.93838881233  4.512299E-15
6659.01690888994  4.430463E-15
6660.09542896755  4.803537E-15
6661.17394904516  4.686909E-15
6662.25246912278  4.657243E-15
6663.33098920039  3.992328E-15
6664.409509278  3.902262E-15
6665.48802935561  4.133041E-15
6666.56654943322  4.182030E-15
6667.64506951083  4.406673E-15
6668.72358958844  4.632364E-15
6669.80210966606  4.707809E-15
6670.88062974367  4.672366E-15
6671.95914982128  4.249266E-15
6673.03766989889  4.617988E-15
6674.1161899765  4.393845E-15
6675.19471005411  3.935357E-15
6676.27323013172  3.846579E-15
6677.35175020934  3.848394E-15
6678.43027028695  4.189649E-15
6679.50879036456  4.195236E-15
6680.58731044217  4.265389E-15
6681.66583051978  4.467861E-15
6682.74435059739  4.465352E-15
6683.82287067501  4.480520E-15
6684.90139075262  4.741935E-15
6685.97991083023  4.480386E-15
6687.05843090784  4.397667E-15
6688.13695098545  4.671166E-15
6689.21547106306  4.666093E-15
6690.29399114067  4.615509E-15
6691.37251121829  4.372862E-15
6692.4510312959  4.734860E-15
6693.52955137351  4.721930E-15
6694.60807145112  4.524950E-15
6695.68659152873  4.465292E-15
6696.76511160634  4.151519E-15
6697.84363168396  4.221714E-15
6698.92215176157  3.944439E-15
6700.00067183918  4.282315E-15
6701.07919191679  4.510975E-15
6702.1577119944  4.011460E-15
6703.23623207201  3.831859E-15
6704.31475214962  4.472441E-15
6705.39327222724  4.517629E-15
6706.47179230485  3.960437E-15
6707.55031238246  3.726204E-15
6708.62883246007  3.921497E-15
6709.70735253768  4.277459E-15
6710.78587261529  4.508470E-15
6711.8643926929  4.549943E-15
6712.94291277052  4.383123E-15
6714.02143284813  4.710751E-15
6715.09995292574  4.722426E-15
6716.17847300335  4.096037E-15
6717.25699308096  3.720719E-15
6718.33551315857  4.297713E-15
6719.41403323618  4.671719E-15
6720.4925533138  4.498805E-15
6721.57107339141  4.961407E-15
6722.64959346902  4.985882E-15
6723.72811354663  4.882316E-15
6724.80663362424  4.486202E-15
6725.88515370185  4.813812E-15
6726.96367377946  4.704945E-15
6728.04219385708  4.686942E-15
6729.12071393469  4.914543E-15
6730.1992340123  4.746245E-15
6731.27775408991  4.941120E-15
6732.35627416752  4.977483E-15
6733.43479424513  4.680418E-15
6734.51331432275  4.569183E-15
6735.59183440036  4.661418E-15
6736.67035447797  4.832123E-15
6737.74887455558  4.835503E-15
6738.82739463319  4.735258E-15
6739.9059147108  4.653439E-15
6740.98443478841  4.811189E-15
6742.06295486603  4.449584E-15
6743.14147494364  4.272620E-15
6744.21999502125  4.697715E-15
6745.29851509886  4.608855E-15
6746.37703517647  4.444652E-15
6747.45555525408  4.548530E-15
6748.53407533169  4.681581E-15
6749.61259540931  4.883742E-15
6750.69111548692  4.535792E-15
6751.76963556453  4.567201E-15
6752.84815564214  4.264837E-15
6753.92667571975  4.287789E-15
6755.00519579736  4.227173E-15
6756.08371587498  4.292264E-15
6757.16223595259  4.438904E-15
6758.2407560302  4.340345E-15
6759.31927610781  4.612437E-15
6760.39779618542  4.428734E-15
6761.47631626303  4.006485E-15
6762.55483634064  4.183455E-15
6763.63335641826  4.349950E-15
6764.71187649587  3.916943E-15
6765.79039657348  3.675564E-15
6766.86891665109  3.880171E-15
6767.9474367287  3.970611E-15
6769.02595680631  3.697360E-15
6770.10447688393  3.594804E-15
6771.18299696154  3.486805E-15
6772.26151703915  3.466572E-15
6773.34003711676  3.741251E-15
6774.41855719437  3.539849E-15
6775.49707727198  3.444561E-15
6776.5755973496  3.494013E-15
6777.65411742721  3.506808E-15
6778.73263750482  3.465206E-15
6779.81115758243  3.097296E-15
6780.88967766004  3.022809E-15
6781.96819773765  3.090165E-15
6783.04671781526  2.971037E-15
6784.12523789288  2.710124E-15
6785.20375797049  2.899370E-15
6786.2822780481  2.707178E-15
6787.36079812571  2.572615E-15
6788.43931820332  2.664731E-15
6789.51783828093  2.656144E-15
6790.59635835854  2.494485E-15
6791.67487843615  2.395865E-15
6792.75339851377  2.145755E-15
6793.83191859138  2.073624E-15
6794.91043866899  2.309468E-15
6795.9889587466  2.305513E-15
6797.06747882421  2.176540E-15
6798.14599890183  1.901133E-15
6799.22451897944  1.910787E-15
6800.30303905705  2.034456E-15
6801.38155913466  1.886597E-15
6802.46007921227  1.713141E-15
6803.53859928988  1.622402E-15
6804.61711936749  1.611824E-15
6805.69563944511  1.601188E-15
6806.77415952272  1.462346E-15
6807.85267960033  1.344665E-15
6808.93119967794  1.337554E-15
6810.00971975555  1.265887E-15
6811.08823983316  1.259803E-15
6812.16675991077  1.265172E-15
6813.24527998839  1.114669E-15
6814.323800066  1.131055E-15
6815.40232014361  1.034128E-15
6816.48084022122  9.917811E-16
6817.55936029883  8.465042E-16
6818.63788037644  8.126061E-16
6819.71640045405  9.155477E-16
6820.79492053167  7.751524E-16
6821.87344060928  7.728108E-16
6822.95196068689  6.443731E-16
6824.0304807645  5.787854E-16
