3767.3986562407  1.677318E-10
3768.47737395187  1.159269E-10
3769.55609166304  9.086244E-11
3770.63480937421  8.237339E-11
3771.71352708537  5.294003E-11
3772.79224479654  3.750410E-11
3773.87096250771  2.866930E-11
3774.94968021887  2.381073E-11
3776.02839793004  1.588729E-11
3777.10711564121  9.932036E-12
3778.18583335238  7.731648E-12
3779.26455106354  7.824262E-12
3780.34326877471  5.446257E-12
3781.42198648588  3.990920E-12
3782.50070419704  2.931818E-12
3783.57942190821  2.553273E-12
3784.65813961938  2.074575E-12
3785.73685733055  1.440242E-12
3786.81557504171  9.793439E-13
3787.89429275288  7.704029E-13
3788.97301046405  3.884246E-13
3790.05172817522  3.294777E-13
3791.13044588638  3.449367E-13
3792.20916359755  2.928125E-13
3793.28788130872  1.996138E-13
3794.36659901988  1.481338E-13
3795.44531673105  1.431375E-13
3796.52403444222  1.195740E-13
3797.60275215339  8.308824E-14
3798.68146986455  6.385048E-14
3799.76018757572  6.506181E-14
3800.83890528689  4.909905E-14
3801.91762299805  4.394886E-14
3802.99634070922  4.853565E-14
3804.07505842039  4.787055E-14
3805.15377613156  4.334153E-14
3806.23249384272  3.902514E-14
3807.31121155389  2.826960E-14
3808.38992926506  2.151594E-14
3809.46864697622  1.994006E-14
3810.54736468739  1.711568E-14
3811.62608239856  1.865798E-14
3812.70480010973  1.453368E-14
3813.78351782089  1.192194E-14
3814.86223553206  1.031895E-14
3815.94095324323  7.393081E-15
3817.0196709544  7.735711E-15
3818.09838866556  6.911442E-15
3819.17710637673  6.451879E-15
3820.2558240879  4.377291E-15
3821.33454179906  3.499898E-15
3822.41325951023  3.699590E-15
3823.4919772214  3.776938E-15
3824.57069493257  2.951093E-15
3825.64941264373  2.381176E-15
3826.7281303549  1.460571E-15
3827.80684806607  1.130199E-15
3828.88556577723  1.856021E-15
3829.9642834884  1.924821E-15
3831.04300119957  1.829843E-15
3832.12171891074  1.942874E-15
3833.2004366219  1.328004E-15
3834.27915433307  1.151275E-15
3835.35787204424  1.103399E-15
3836.4365897554  1.111815E-15
3837.51530746657  1.015124E-15
3838.59402517774  7.911481E-16
3839.67274288891  8.417949E-16
3840.75146060007  6.527877E-16
3841.83017831124  6.921100E-16
3842.90889602241  1.023800E-15
3843.98761373358  7.381655E-16
3845.06633144474  7.736508E-16
3846.14504915591  7.081663E-16
3847.22376686708  7.413857E-16
3848.30248457824  6.404179E-16
3849.38120228941  5.098847E-16
3850.45992000058  5.428790E-16
3851.53863771175  5.829579E-16
3852.61735542291  5.509422E-16
3853.69607313408  5.011068E-16
3854.77479084525  4.469436E-16
3855.85350855641  5.308546E-16
3856.93222626758  4.718123E-16
3858.01094397875  4.050638E-16
3859.08966168992  3.040814E-16
3860.16837940108  3.175182E-16
3861.24709711225  3.988186E-16
3862.32581482342  4.042098E-16
3863.40453253458  3.692469E-16
3864.48325024575  3.634001E-16
3865.56196795692  4.551770E-16
3866.64068566809  4.625433E-16
3867.71940337925  4.240851E-16
3868.79812109042  5.512154E-16
3869.87683880159  5.317739E-16
3870.95555651276  4.400317E-16
3872.03427422392  3.164944E-16
3873.11299193509  2.834180E-16
3874.19170964626  3.876829E-16
3875.27042735742  4.848703E-16
3876.34914506859  4.128353E-16
3877.42786277976  4.268186E-16
3878.50658049093  4.165616E-16
3879.58529820209  4.012989E-16
3880.66401591326  4.791891E-16
3881.74273362443  4.181232E-16
3882.82145133559  4.148993E-16
3883.90016904676  4.933100E-16
3884.97888675793  5.263838E-16
3886.0576044691  4.952436E-16
3887.13632218026  3.813220E-16
3888.21503989143  4.469496E-16
3889.2937576026  4.618986E-16
3890.37247531376  4.414464E-16
3891.45119302493  5.525105E-16
3892.5299107361  6.091340E-16
3893.60862844727  6.189395E-16
3894.68734615843  5.783346E-16
3895.7660638696  4.866668E-16
3896.84478158077  4.628483E-16
3897.92349929194  5.199321E-16
3899.0022170031  5.910699E-16
3900.08093471427  5.222965E-16
3901.15965242544  5.182138E-16
3902.2383701366  4.718430E-16
3903.31708784777  5.439422E-16
3904.39580555894  5.186428E-16
3905.47452327011  4.640148E-16
3906.55324098127  4.837119E-16
3907.63195869244  4.233887E-16
3908.71067640361  5.162985E-16
3909.78939411477  5.467876E-16
3910.86811182594  5.125022E-16
3911.94682953711  4.998065E-16
3913.02554724828  5.968371E-16
3914.10426495944  6.339357E-16
3915.18298267061  5.309966E-16
3916.26170038178  5.630501E-16
3917.34041809294  4.965122E-16
3918.41913580411  5.024591E-16
3919.49785351528  4.759749E-16
3920.57657122645  4.568767E-16
3921.65528893761  4.183148E-16
3922.73400664878  4.218539E-16
3923.81272435995  4.323774E-16
3924.89144207112  3.923634E-16
3925.97015978228  4.242530E-16
3927.04887749345  3.941250E-16
3928.12759520462  3.485322E-16
3929.20631291578  3.315469E-16
3930.28503062695  2.596376E-16
3931.36374833812  1.502998E-16
3932.44246604929  8.951023E-17
3933.52118376045  8.736953E-17
3934.59990147162  1.152490E-16
3935.67861918279  1.124248E-16
3936.75733689395  1.485385E-16
3937.83605460512  2.005599E-16
3938.91477231629  2.104459E-16
3939.99349002746  3.253049E-16
3941.07220773862  3.753994E-16
3942.15092544979  4.457635E-16
3943.22964316096  5.440003E-16
3944.30836087212  5.787196E-16
3945.38707858329  5.741804E-16
3946.46579629446  6.169540E-16
3947.54451400563  7.515398E-16
3948.62323171679  7.402657E-16
3949.70194942796  7.273577E-16
3950.78066713913  7.413872E-16
3951.8593848503  8.229977E-16
3952.93810256146  8.241132E-16
3954.01682027263  8.367629E-16
3955.0955379838  9.266937E-16
3956.17425569496  8.621574E-16
3957.25297340613  7.623314E-16
3958.3316911173  8.504121E-16
3959.41040882847  9.196825E-16
3960.48912653963  9.224726E-16
3961.5678442508  8.378788E-16
3962.64656196197  7.077113E-16
3963.72527967313  6.456088E-16
3964.8039973843  5.926019E-16
3965.88271509547  4.584514E-16
3966.96143280664  3.795923E-16
3968.0401505178  2.960372E-16
3969.11886822897  2.356981E-16
3970.19758594014  1.818871E-16
3971.2763036513  2.834991E-16
3972.35502136247  3.257141E-16
3973.43373907364  4.706968E-16
3974.51245678481  6.572736E-16
3975.59117449597  7.047832E-16
3976.66989220714  7.471065E-16
3977.74860991831  9.226978E-16
3978.82732762948  9.858256E-16
3979.90604534064  1.107122E-15
3980.98476305181  1.227659E-15
3982.06348076298  1.253285E-15
3983.14219847414  1.152688E-15
3984.22091618531  1.218309E-15
3985.29963389648  1.321886E-15
3986.37835160765  1.305974E-15
3987.45706931881  1.403609E-15
3988.53578702998  1.577918E-15
3989.61450474115  1.445884E-15
3990.69322245231  1.431090E-15
3991.77194016348  1.480734E-15
3992.85065787465  1.497978E-15
3993.92937558582  1.526629E-15
3995.00809329698  1.437476E-15
3996.08681100815  1.423877E-15
3997.16552871932  1.386498E-15
3998.24424643048  1.389212E-15
3999.32296414165  1.441127E-15
4000.40168185282  1.327812E-15
4001.48039956399  1.479790E-15
4002.55911727515  1.717312E-15
4003.63783498632  1.736022E-15
4004.71655269749  1.620436E-15
4005.79527040865  1.496737E-15
4006.87398811982  1.380590E-15
4007.95270583099  1.538054E-15
4009.03142354216  1.687935E-15
4010.11014125332  1.671065E-15
4011.18885896449  1.683016E-15
4012.26757667566  1.693945E-15
4013.34629438682  1.786940E-15
4014.42501209799  1.674781E-15
4015.50372980916  1.779552E-15
4016.58244752033  1.905601E-15
4017.66116523149  1.935891E-15
4018.73988294266  1.761081E-15
4019.81860065383  1.680187E-15
4020.897318365  1.680428E-15
4021.97603607616  1.683612E-15
4023.05475378733  1.767643E-15
4024.1334714985  1.670811E-15
4025.21218920966  1.694528E-15
4026.29090692083  1.862402E-15
4027.369624632  1.955062E-15
4028.44834234317  1.985769E-15
4029.52706005433  2.001024E-15
4030.6057777655  1.875780E-15
4031.68449547667  1.821312E-15
4032.76321318784  1.668924E-15
4033.841930899  1.614443E-15
4034.92064861017  1.667864E-15
4035.99936632134  1.743458E-15
4037.0780840325  1.907969E-15
4038.15680174367  2.066156E-15
4039.23551945484  2.138874E-15
4040.31423716601  2.030518E-15
4041.39295487717  2.012343E-15
4042.47167258834  1.981376E-15
4043.55039029951  1.969347E-15
4044.62910801067  1.735753E-15
4045.70782572184  1.722280E-15
4046.78654343301  1.868939E-15
4047.86526114418  2.023398E-15
4048.94397885534  2.092006E-15
4050.02269656651  2.072748E-15
4051.10141427768  2.083584E-15
4052.18013198884  2.068035E-15
4053.25884970001  2.045137E-15
4054.33756741118  1.945165E-15
4055.41628512235  1.925333E-15
4056.49500283351  2.051765E-15
4057.57372054468  1.918242E-15
4058.65243825585  1.847158E-15
4059.73115596702  1.930772E-15
4060.80987367818  2.083393E-15
4061.88859138935  2.090412E-15
4062.96730910052  1.936490E-15
4064.04602681168  1.770802E-15
4065.12474452285  1.677002E-15
4066.20346223402  1.836537E-15
4067.28217994518  1.819512E-15
4068.36089765635  1.807496E-15
4069.43961536752  2.068368E-15
4070.51833307869  2.242777E-15
4071.59705078986  2.184199E-15
4072.67576850102  1.998846E-15
4073.75448621219  1.987364E-15
4074.83320392336  1.937148E-15
4075.91192163452  1.923526E-15
4076.99063934569  1.750116E-15
4078.06935705686  1.582977E-15
4079.14807476802  1.734342E-15
4080.22679247919  1.933667E-15
4081.30551019036  2.051990E-15
4082.38422790153  2.090343E-15
4083.46294561269  2.169527E-15
4084.54166332386  2.200221E-15
4085.62038103503  2.032525E-15
4086.69909874619  2.159821E-15
4087.77781645736  2.453908E-15
4088.85653416853  2.548476E-15
4089.9352518797  2.640527E-15
4091.01396959086  2.622903E-15
4092.09268730203  2.497197E-15
4093.1714050132  2.513177E-15
4094.25012272437  2.598760E-15
4095.32884043553  2.486606E-15
4096.4075581467  2.390265E-15
4097.48627585787  2.406815E-15
4098.56499356904  2.352673E-15
4099.6437112802  2.311419E-15
4100.72242899137  2.239681E-15
4101.80114670254  1.979199E-15
4102.8798644137  1.890272E-15
4103.95858212487  2.060748E-15
4105.03729983604  2.247982E-15
4106.1160175472  2.516485E-15
4107.19473525837  2.662306E-15
4108.27345296954  2.670615E-15
4109.35217068071  2.602798E-15
4110.43088839187  2.447396E-15
4111.50960610304  2.416476E-15
4112.58832381421  2.533693E-15
4113.66704152538  2.642330E-15
4114.74575923654  2.789739E-15
4115.82447694771  2.857531E-15
4116.90319465888  2.679795E-15
4117.98191237004  2.602925E-15
4119.06063008121  2.607508E-15
4120.13934779238  2.719646E-15
4121.21806550355  2.630534E-15
4122.29678321471  2.594925E-15
4123.37550092588  2.638999E-15
4124.45421863705  2.741875E-15
4125.53293634822  2.890348E-15
4126.61165405938  3.025497E-15
4127.69037177055  3.001498E-15
4128.76908948172  2.828975E-15
4129.84780719288  2.767540E-15
4130.92652490405  2.604445E-15
4132.00524261522  2.512431E-15
4133.08396032639  2.532409E-15
4134.16267803755  2.343082E-15
4135.24139574872  2.479115E-15
4136.32011345989  2.651823E-15
4137.39883117105  3.010039E-15
4138.47754888222  2.991355E-15
4139.55626659339  3.279205E-15
4140.63498430456  3.200323E-15
4141.71370201572  2.949230E-15
4142.79241972689  2.595952E-15
4143.87113743806  2.189546E-15
4144.94985514922  2.275546E-15
4146.02857286039  2.543080E-15
4147.10729057156  2.875540E-15
4148.18600828273  2.934162E-15
4149.26472599389  2.918815E-15
4150.34344370506  2.698887E-15
4151.42216141623  2.862482E-15
4152.5008791274  2.851952E-15
4153.57959683856  2.977112E-15
4154.65831454973  2.874233E-15
4155.7370322609  2.814374E-15
4156.81574997206  2.929447E-15
4157.89446768323  3.040176E-15
4158.9731853944  3.166722E-15
4160.05190310557  3.256472E-15
4161.13062081673  3.424723E-15
4162.2093385279  3.231701E-15
4163.28805623907  3.280116E-15
4164.36677395023  3.296861E-15
4165.4454916614  3.065610E-15
4166.52420937257  3.182749E-15
4167.60292708374  3.151766E-15
4168.6816447949  3.154933E-15
4169.76036250607  3.205206E-15
4170.83908021724  3.118721E-15
4171.9177979284  2.945182E-15
4172.99651563957  2.740612E-15
4174.07523335074  2.611449E-15
4175.15395106191  2.674646E-15
4176.23266877307  2.760282E-15
4177.31138648424  2.896648E-15
4178.39010419541  2.936688E-15
4179.46882190657  3.026068E-15
4180.54753961774  3.308843E-15
4181.62625732891  3.337738E-15
4182.70497504008  3.062057E-15
4183.78369275124  3.048467E-15
4184.86241046241  3.143753E-15
4185.94112817358  3.282370E-15
4187.01984588475  3.151532E-15
4188.09856359591  2.987617E-15
4189.17728130708  3.108026E-15
4190.25599901825  3.219567E-15
4191.33471672941  3.189868E-15
4192.41343444058  3.175176E-15
4193.49215215175  3.311999E-15
4194.57086986292  3.367168E-15
4195.64958757408  3.275794E-15
4196.72830528525  3.241848E-15
4197.80702299642  3.025134E-15
4198.88574070759  2.701669E-15
4199.96445841875  2.760959E-15
4201.04317612992  2.758614E-15
4202.12189384109  2.850560E-15
4203.20061155225  2.981714E-15
4204.27932926342  2.965796E-15
4205.35804697459  2.795698E-15
4206.43676468576  2.927187E-15
4207.51548239692  3.133520E-15
4208.59420010809  3.414913E-15
4209.67291781926  3.412315E-15
4210.75163553042  3.390585E-15
4211.83035324159  3.367922E-15
4212.90907095276  3.313581E-15
4213.98778866393  3.307503E-15
4215.06650637509  3.208872E-15
4216.14522408626  3.118808E-15
4217.22394179743  3.066772E-15
4218.30265950859  3.204295E-15
4219.38137721976  3.376268E-15
4220.46009493093  3.847965E-15
4221.5388126421  3.932108E-15
4222.61753035326  3.554456E-15
4223.69624806443  3.229092E-15
4224.7749657756  3.069637E-15
4225.85368348677  2.847915E-15
4226.93240119793  2.420542E-15
4228.0111189091  2.485883E-15
4229.08983662027  2.795198E-15
4230.16855433143  3.168411E-15
4231.2472720426  3.437414E-15
4232.32598975377  3.534593E-15
4233.40470746494  3.313496E-15
4234.4834251761  3.454865E-15
4235.56214288727  3.381073E-15
4236.64086059844  3.218784E-15
4237.7195783096  3.145943E-15
4238.79829602077  3.221074E-15
4239.87701373194  3.200060E-15
4240.9557314431  3.357536E-15
4242.03444915427  3.437382E-15
4243.11316686544  3.364319E-15
4244.19188457661  3.555723E-15
4245.27060228777  3.719055E-15
4246.34931999894  3.695484E-15
4247.42803771011  3.521734E-15
4248.50675542128  3.322118E-15
4249.58547313244  3.141064E-15
4250.66419084361  2.991382E-15
4251.74290855478  3.164993E-15
4252.82162626594  3.436325E-15
4253.90034397711  3.439613E-15
4254.97906168828  3.138776E-15
4256.05777939945  3.096565E-15
4257.13649711061  3.527550E-15
4258.21521482178  3.420228E-15
4259.29393253295  3.389300E-15
4260.37265024412  3.218864E-15
4261.45136795528  3.020952E-15
4262.53008566645  3.165663E-15
4263.60880337762  3.570816E-15
4264.68752108878  3.631354E-15
4265.76623879995  3.777461E-15
4266.84495651112  3.827573E-15
4267.92367422229  3.849761E-15
4269.00239193345  3.683609E-15
4270.08110964462  3.383815E-15
4271.15982735579  3.194135E-15
4272.23854506695  2.994246E-15
4273.31726277812  2.972275E-15
4274.39598048929  3.007229E-15
4275.47469820046  3.152805E-15
4276.55341591162  3.230673E-15
4277.63213362279  3.403564E-15
4278.71085133396  3.639207E-15
4279.78956904512  3.549273E-15
4280.86828675629  3.324343E-15
4281.94700446746  3.168725E-15
4283.02572217863  3.272451E-15
4284.10443988979  3.479660E-15
4285.18315760096  3.474360E-15
4286.26187531213  3.237989E-15
4287.3405930233  3.173215E-15
4288.41931073446  3.094150E-15
4289.49802844563  2.989276E-15
4290.5767461568  2.759052E-15
4291.65546386796  2.748356E-15
4292.73418157913  3.056881E-15
4293.8128992903  3.202657E-15
4294.89161700147  3.216736E-15
4295.97033471263  3.206608E-15
4297.0490524238  2.991250E-15
4298.12777013497  2.787045E-15
4299.20648784613  2.650071E-15
4300.2852055573  2.347342E-15
4301.36392326847  2.267033E-15
4302.44264097964  2.407662E-15
4303.5213586908  2.456470E-15
4304.60007640197  2.513495E-15
4305.67879411314  2.557388E-15
4306.75751182431  2.497265E-15
4307.83622953547  2.452209E-15
4308.91494724664  2.289996E-15
4309.99366495781  2.246770E-15
4311.07238266897  2.294798E-15
4312.15110038014  2.439656E-15
4313.22981809131  2.666889E-15
4314.30853580247  2.827584E-15
4315.38725351364  3.199376E-15
4316.46597122481  3.691843E-15
4317.54468893598  4.060922E-15
4318.62340664714  4.503157E-15
4319.70212435831  4.642472E-15
4320.78084206948  4.427160E-15
4321.85955978065  4.328164E-15
4322.93827749181  4.146418E-15
4324.01699520298  3.648872E-15
4325.09571291415  3.302060E-15
4326.17443062531  3.117778E-15
4327.25314833648  3.303469E-15
4328.33186604765  3.667403E-15
4329.41058375882  3.995573E-15
4330.48930146998  4.141673E-15
4331.56801918115  4.118333E-15
4332.64673689232  4.342749E-15
4333.72545460349  4.358365E-15
4334.80417231465  4.404953E-15
4335.88289002582  4.445145E-15
4336.96160773699  4.443928E-15
4338.04032544815  4.100953E-15
4339.11904315932  3.489102E-15
4340.19776087049  3.154586E-15
4341.27647858166  3.175374E-15
4342.35519629282  3.588319E-15
4343.43391400399  3.897342E-15
4344.51263171516  4.117482E-15
4345.59134942632  4.437057E-15
4346.67006713749  4.566701E-15
4347.74878484866  4.540254E-15
4348.82750255983  4.559504E-15
4349.90622027099  4.710895E-15
4350.98493798216  4.482282E-15
4352.06365569333  3.857058E-15
4353.14237340449  3.827008E-15
4354.22109111566  4.048629E-15
4355.29980882683  4.281343E-15
4356.378526538  4.337564E-15
4357.45724424916  4.676178E-15
4358.53596196033  4.924942E-15
4359.6146796715  5.053638E-15
4360.69339738266  5.120521E-15
4361.77211509383  4.882434E-15
4362.850832805  4.870233E-15
4363.92955051617  4.754682E-15
4365.00826822733  4.863327E-15
4366.0869859385  4.811912E-15
4367.16570364967  4.689820E-15
4368.24442136084  4.526024E-15
4369.323139072  4.457461E-15
4370.40185678317  4.281946E-15
4371.48057449434  4.491606E-15
4372.5592922055  4.421276E-15
4373.63800991667  4.294202E-15
4374.71672762784  4.223286E-15
4375.79544533901  4.009929E-15
4376.87416305017  3.972787E-15
4377.95288076134  4.200773E-15
4379.03159847251  4.653499E-15
4380.11031618367  4.659528E-15
4381.18903389484  4.770343E-15
4382.26775160601  4.518738E-15
4383.34646931718  4.079647E-15
4384.42518702834  3.472447E-15
4385.50390473951  3.330016E-15
4386.58262245068  3.562937E-15
4387.66134016184  4.120941E-15
4388.74005787301  4.333247E-15
4389.81877558418  4.213158E-15
4390.89749329535  3.980842E-15
4391.97621100651  4.311577E-15
4393.05492871768  4.535091E-15
4394.13364642885  4.680329E-15
4395.21236414002  4.598275E-15
4396.29108185118  4.477162E-15
4397.36979956235  4.587214E-15
4398.44851727352  4.626696E-15
4399.52723498468  4.567066E-15
4400.60595269585  4.497159E-15
4401.68467040702  4.525091E-15
4402.76338811819  4.786651E-15
4403.84210582935  4.554647E-15
4404.92082354052  4.252447E-15
4405.99954125169  4.226677E-15
4407.07825896285  4.361427E-15
4408.15697667402  4.138804E-15
4409.23569438519  4.193538E-15
4410.31441209636  4.295057E-15
4411.39312980752  4.607418E-15
4412.47184751869  5.047261E-15
4413.55056522986  5.131281E-15
4414.62928294103  4.967461E-15
4415.70800065219  4.787638E-15
4416.78671836336  4.425972E-15
4417.86543607453  4.529669E-15
4418.94415378569  4.830846E-15
4420.02287149686  5.098346E-15
4421.10158920803  5.135665E-15
4422.1803069192  4.811591E-15
4423.25902463036  4.838529E-15
4424.33774234153  4.893438E-15
4425.4164600527  4.907861E-15
4426.49517776386  4.960200E-15
4427.57389547503  4.752334E-15
4428.6526131862  4.587757E-15
4429.73133089737  4.658789E-15
4430.81004860853  4.666202E-15
4431.8887663197  4.739456E-15
4432.96748403087  4.720911E-15
4434.04620174203  4.659626E-15
4435.1249194532  4.406077E-15
4436.20363716437  4.384918E-15
4437.28235487554  4.566455E-15
4438.3610725867  4.903303E-15
4439.43979029787  5.108692E-15
4440.51850800904  5.170771E-15
4441.59722572021  5.033475E-15
4442.67594343137  4.648999E-15
4443.75466114254  4.365862E-15
4444.83337885371  4.366050E-15
4445.91209656487  4.651656E-15
4446.99081427604  4.817680E-15
4448.06953198721  4.930563E-15
4449.14824969837  4.828538E-15
4450.22696740954  4.734236E-15
4451.30568512071  4.775111E-15
4452.38440283188  4.819009E-15
4453.46312054304  4.896664E-15
4454.54183825421  4.680836E-15
4455.62055596538  4.396160E-15
4456.69927367655  4.499387E-15
4457.77799138771  4.487016E-15
4458.85670909888  4.503681E-15
4459.93542681005  4.559554E-15
4461.01414452121  4.294421E-15
4462.09286223238  4.179138E-15
4463.17157994355  4.298929E-15
4464.25029765472  4.533905E-15
4465.32901536588  4.678931E-15
4466.40773307705  4.620662E-15
4467.48645078822  4.612179E-15
4468.56516849938  4.781601E-15
4469.64388621055  4.747442E-15
4470.72260392172  4.696429E-15
4471.80132163289  4.883195E-15
4472.88003934405  5.013816E-15
4473.95875705522  5.071099E-15
4475.03747476639  5.168355E-15
4476.11619247756  5.304789E-15
4477.19491018872  5.460679E-15
4478.27362789989  5.515459E-15
4479.35234561106  5.566717E-15
4480.43106332222  5.208755E-15
4481.50978103339  4.944897E-15
4482.58849874456  5.005076E-15
4483.66721645573  5.118283E-15
4484.74593416689  5.170819E-15
4485.82465187806  5.366645E-15
4486.90336958923  5.620807E-15
4487.98208730039  5.508093E-15
4489.06080501156  5.315452E-15
4490.13952272273  5.029675E-15
4491.2182404339  5.014385E-15
4492.29695814506  5.099122E-15
4493.37567585623  5.338108E-15
4494.4543935674  5.349193E-15
4495.53311127856  5.010888E-15
4496.61182898973  4.958337E-15
4497.6905467009  4.849219E-15
4498.76926441207  5.138906E-15
4499.84798212323  5.394026E-15
4500.9266998344  5.386504E-15
4502.00541754557  5.205508E-15
4503.08413525674  5.153854E-15
4504.1628529679  5.325933E-15
4505.24157067907  5.585454E-15
4506.32028839024  5.480737E-15
4507.3990061014  5.400012E-15
4508.47772381257  5.235005E-15
4509.55644152374  5.305509E-15
4510.63515923491  5.393206E-15
4511.71387694607  5.171729E-15
4512.79259465724  5.050023E-15
4513.87131236841  4.813496E-15
4514.95003007957  4.844595E-15
4516.02874779074  4.736892E-15
4517.10746550191  4.610179E-15
4518.18618321308  4.510109E-15
4519.26490092424  4.553098E-15
4520.34361863541  4.474317E-15
4521.42233634658  4.497171E-15
4522.50105405774  4.495343E-15
4523.57977176891  4.346693E-15
4524.65848948008  4.406709E-15
4525.73720719125  4.373678E-15
4526.81592490241  4.144086E-15
4527.89464261358  4.093236E-15
4528.97336032475  3.950516E-15
4530.05207803592  3.737181E-15
4531.13079574708  3.919412E-15
4532.20951345825  3.927871E-15
4533.28823116942  4.039277E-15
4534.36694888058  4.034742E-15
4535.44566659175  3.779015E-15
4536.52438430292  3.873420E-15
4537.60310201409  4.087143E-15
4538.68181972525  4.439073E-15
4539.76053743642  4.544723E-15
4540.83925514759  4.631774E-15
4541.91797285875  4.688383E-15
4542.99669056992  4.699111E-15
4544.07540828109  4.544731E-15
4545.15412599226  4.540758E-15
4546.23284370342  4.626355E-15
4547.31156141459  4.520429E-15
4548.39027912576  4.613275E-15
4549.46899683693  4.710852E-15
4550.54771454809  4.620036E-15
4551.62643225926  4.908393E-15
4552.70514997043  4.849245E-15
4553.78386768159  4.680451E-15
4554.86258539276  4.803390E-15
4555.94130310393  4.617946E-15
4557.0200208151  4.900124E-15
4558.09873852626  5.257937E-15
4559.17745623743  5.628655E-15
4560.2561739486  5.611881E-15
4561.33489165976  5.519572E-15
4562.41360937093  5.576664E-15
4563.4923270821  5.469530E-15
4564.57104479327  5.336849E-15
4565.64976250443  5.158971E-15
4566.7284802156  5.514437E-15
4567.80719792677  5.616443E-15
4568.88591563794  5.835043E-15
4569.9646333491  5.976924E-15
4571.04335106027  5.839431E-15
4572.12206877144  5.591676E-15
4573.2007864826  5.944309E-15
4574.27950419377  5.772186E-15
4575.35822190494  6.014977E-15
4576.4369396161  6.089438E-15
4577.51565732727  5.798581E-15
4578.59437503844  5.881170E-15
4579.67309274961  5.824046E-15
4580.75181046077  5.483579E-15
4581.83052817194  5.523778E-15
4582.90924588311  5.773474E-15
4583.98796359427  5.663366E-15
4585.06668130544  5.774947E-15
4586.14539901661  5.803281E-15
4587.22411672778  5.956336E-15
4588.30283443894  6.037343E-15
4589.38155215011  6.249052E-15
4590.46026986128  6.235974E-15
4591.53898757245  5.964492E-15
4592.61770528361  5.907906E-15
4593.69642299478  5.880303E-15
4594.77514070595  5.743795E-15
4595.85385841711  5.887191E-15
4596.93257612828  6.027456E-15
4598.01129383945  6.193034E-15
4599.09001155062  6.324838E-15
4600.16872926178  6.165782E-15
4601.24744697295  6.077081E-15
4602.32616468412  6.139619E-15
4603.40488239529  5.833595E-15
4604.48360010645  5.932200E-15
4605.56231781762  6.046473E-15
4606.64103552879  6.190752E-15
4607.71975323995  6.342439E-15
4608.79847095112  6.352213E-15
4609.87718866229  6.469676E-15
4610.95590637346  6.766009E-15
4612.03462408462  6.621006E-15
4613.11334179579  6.463198E-15
4614.19205950696  6.432210E-15
4615.27077721812  6.503286E-15
4616.34949492929  6.351491E-15
4617.42821264046  6.317662E-15
4618.50693035163  6.422146E-15
4619.58564806279  6.283485E-15
4620.66436577396  6.533255E-15
4621.74308348513  6.621700E-15
4622.82180119629  6.588798E-15
4623.90051890746  6.694007E-15
4624.97923661863  6.940653E-15
4626.0579543298  6.901754E-15
4627.13667204096  6.656400E-15
4628.21538975213  6.617532E-15
4629.2941074633  6.650095E-15
4630.37282517447  6.569695E-15
4631.45154288563  6.463614E-15
4632.5302605968  6.456873E-15
4633.60897830797  6.391011E-15
4634.68769601913  6.596935E-15
4635.7664137303  6.449199E-15
4636.84513144147  6.507240E-15
4637.92384915264  6.300912E-15
4639.0025668638  6.380059E-15
4640.08128457497  6.222581E-15
4641.16000228614  6.457117E-15
4642.2387199973  6.716519E-15
4643.31743770847  6.737512E-15
4644.39615541964  6.635715E-15
4645.4748731308  6.624964E-15
4646.55359084197  6.550422E-15
4647.63230855314  6.214261E-15
4648.71102626431  6.005165E-15
4649.78974397547  6.351246E-15
4650.86846168664  6.626703E-15
4651.94717939781  6.540355E-15
4653.02589710898  6.466307E-15
4654.10461482014  6.346517E-15
4655.18333253131  6.202952E-15
4656.26205024248  6.291752E-15
4657.34076795364  6.209681E-15
4658.41948566481  6.392324E-15
4659.49820337598  6.539678E-15
4660.57692108715  7.000854E-15
4661.65563879831  6.957720E-15
4662.73435650948  6.918181E-15
4663.81307422065  6.667580E-15
4664.89179193182  6.811508E-15
4665.97050964298  6.642570E-15
4667.04922735415  6.157205E-15
4668.12794506532  6.014185E-15
4669.20666277648  5.796503E-15
4670.28538048765  5.889526E-15
4671.36409819882  6.187673E-15
4672.44281590999  6.488540E-15
4673.52153362115  6.574703E-15
4674.60025133232  6.289338E-15
4675.67896904349  6.517318E-15
4676.75768675466  6.563343E-15
4677.83640446582  6.593486E-15
4678.91512217699  6.570154E-15
4679.99383988816  6.514972E-15
4681.07255759932  6.257852E-15
4682.15127531049  6.071528E-15
4683.22999302166  6.215869E-15
4684.30871073282  6.274723E-15
4685.38742844399  6.527019E-15
4686.46614615516  6.470041E-15
4687.54486386633  6.555670E-15
4688.62358157749  6.319697E-15
4689.70229928866  6.338701E-15
4690.78101699983  6.273988E-15
4691.859734711  6.359564E-15
4692.93845242216  6.461816E-15
4694.01717013333  6.674657E-15
4695.0958878445  6.837472E-15
4696.17460555566  6.912642E-15
4697.25332326683  6.891901E-15
4698.332040978  6.519253E-15
4699.41075868917  6.515003E-15
4700.48947640033  6.294025E-15
4701.5681941115  6.292215E-15
4702.64691182267  6.129481E-15
4703.72562953383  6.345526E-15
4704.804347245  6.321640E-15
4705.88306495617  6.391871E-15
4706.96178266734  6.239041E-15
4708.0405003785  6.113257E-15
4709.11921808967  5.851716E-15
4710.19793580084  5.832526E-15
4711.27665351201  5.809553E-15
4712.35537122317  6.180677E-15
4713.43408893434  6.394334E-15
4714.51280664551  6.633818E-15
4715.59152435667  6.369590E-15
4716.67024206784  6.347216E-15
4717.74895977901  6.562619E-15
4718.82767749017  6.639672E-15
4719.90639520134  6.821284E-15
4720.98511291251  6.695801E-15
4722.06383062368  6.469144E-15
4723.14254833484  6.492961E-15
4724.22126604601  6.569934E-15
4725.29998375718  6.786237E-15
4726.37870146835  6.886326E-15
4727.45741917951  6.656439E-15
4728.53613689068  6.297213E-15
4729.61485460185  6.300300E-15
4730.69357231301  6.500292E-15
4731.77229002418  6.602461E-15
4732.85100773535  6.535488E-15
4733.92972544652  6.427305E-15
4735.00844315768  6.603651E-15
4736.08716086885  6.814461E-15
4737.16587858002  6.731373E-15
4738.24459629119  6.750740E-15
4739.32331400235  6.800854E-15
4740.40203171352  6.794941E-15
4741.48074942469  6.601643E-15
4742.55946713585  6.655433E-15
4743.63818484702  6.894643E-15
4744.71690255819  6.827632E-15
4745.79562026936  6.849287E-15
4746.87433798052  6.967310E-15
4747.95305569169  7.085057E-15
4749.03177340286  7.092425E-15
4750.11049111402  7.021245E-15
4751.18920882519  7.073288E-15
4752.26792653636  6.950995E-15
4753.34664424753  7.077990E-15
4754.42536195869  6.936767E-15
4755.50407966986  6.895547E-15
4756.58279738103  6.873273E-15
4757.66151509219  6.876334E-15
4758.74023280336  6.918564E-15
4759.81895051453  6.747350E-15
4760.8976682257  7.131927E-15
4761.97638593686  6.946894E-15
4763.05510364803  6.657285E-15
4764.1338213592  6.436735E-15
4765.21253907037  6.442207E-15
4766.29125678153  6.729020E-15
4767.3699744927  6.678013E-15
4768.44869220387  6.659987E-15
4769.52740991503  6.969870E-15
4770.6061276262  7.156238E-15
4771.68484533737  7.048567E-15
4772.76356304854  6.938967E-15
4773.8422807597  7.010328E-15
4774.92099847087  7.277106E-15
4775.99971618204  7.317778E-15
4777.0784338932  7.257073E-15
4778.15715160437  7.411080E-15
4779.23586931554  7.316959E-15
4780.31458702671  7.147020E-15
4781.39330473787  7.100758E-15
4782.47202244904  7.069635E-15
4783.55074016021  7.083395E-15
4784.62945787138  7.188463E-15
4785.70817558254  7.002166E-15
4786.78689329371  6.852842E-15
4787.86561100488  7.056664E-15
4788.94432871604  6.988320E-15
4790.02304642721  6.773377E-15
4791.10176413838  7.023440E-15
4792.18048184955  7.098236E-15
4793.25919956071  7.161889E-15
4794.33791727188  7.484292E-15
4795.41663498305  7.701309E-15
4796.49535269421  7.669160E-15
4797.57407040538  7.454346E-15
4798.65278811655  7.230150E-15
4799.73150582772  7.050359E-15
4800.81022353888  7.094039E-15
4801.88894125005  7.422248E-15
4802.96765896122  7.627331E-15
4804.04637667238  7.438294E-15
4805.12509438355  7.373815E-15
4806.20381209472  7.297180E-15
4807.28252980589  7.191855E-15
4808.36124751705  7.162699E-15
4809.43996522822  7.347849E-15
4810.51868293939  7.458924E-15
4811.59740065055  7.428418E-15
4812.67611836172  7.672116E-15
4813.75483607289  7.815452E-15
4814.83355378406  7.532234E-15
4815.91227149522  7.503020E-15
4816.99098920639  7.465277E-15
4818.06970691756  7.541803E-15
4819.14842462873  7.653414E-15
4820.22714233989  7.757342E-15
4821.30586005106  7.699441E-15
4822.38457776223  7.547252E-15
4823.46329547339  7.576189E-15
4824.54201318456  7.378845E-15
4825.62073089573  7.246290E-15
4826.6994486069  7.537684E-15
4827.77816631806  7.795814E-15
4828.85688402923  7.822689E-15
4829.9356017404  7.681709E-15
4831.01431945156  7.603112E-15
4832.09303716273  7.597325E-15
4833.1717548739  7.394237E-15
4834.25047258507  7.470531E-15
4835.32919029623  7.784900E-15
4836.4079080074  7.863311E-15
4837.48662571857  7.801875E-15
4838.56534342973  7.695646E-15
4839.6440611409  7.465025E-15
4840.72277885207  7.493936E-15
4841.80149656324  7.674869E-15
4842.8802142744  7.593148E-15
4843.95893198557  7.540011E-15
4845.03764969674  7.752420E-15
4846.11636740791  7.973922E-15
4847.19508511907  7.958106E-15
4848.27380283024  7.963442E-15
4849.35252054141  7.913542E-15
4850.43123825257  7.662381E-15
4851.50995596374  7.699672E-15
4852.58867367491  7.824166E-15
4853.66739138608  7.710089E-15
4854.74610909724  7.817104E-15
4855.82482680841  7.457795E-15
4856.90354451958  7.187805E-15
4857.98226223074  7.637533E-15
4859.06097994191  7.755584E-15
4860.13969765308  7.215070E-15
4861.21841536425  6.305369E-15
4862.29713307541  5.761306E-15
4863.37585078658  6.185640E-15
4864.45456849775  6.834070E-15
4865.53328620891  7.414572E-15
4866.61200392008  7.551748E-15
4867.69072163125  7.719725E-15
4868.76943934242  7.737481E-15
4869.84815705358  7.836002E-15
4870.92687476475  7.793656E-15
4872.00559247592  7.500517E-15
4873.08431018709  7.397874E-15
4874.16302789825  7.548633E-15
4875.24174560942  7.681192E-15
4876.32046332059  7.678111E-15
4877.39918103175  7.735978E-15
4878.47789874292  7.745451E-15
4879.55661645409  7.877887E-15
4880.63533416526  8.030037E-15
4881.71405187642  7.839486E-15
4882.79276958759  7.760662E-15
4883.87148729876  7.770763E-15
4884.95020500992  7.746416E-15
4886.02892272109  7.728092E-15
4887.10764043226  7.421432E-15
4888.18635814343  7.583362E-15
4889.26507585459  7.734054E-15
4890.34379356576  7.424027E-15
4891.42251127693  7.406924E-15
4892.5012289881  7.544792E-15
4893.57994669926  8.027287E-15
4894.65866441043  8.409236E-15
4895.7373821216  8.399938E-15
4896.81609983276  8.598534E-15
4897.89481754393  8.674350E-15
4898.9735352551  8.470008E-15
4900.05225296626  8.360517E-15
4901.13097067743  8.004040E-15
4902.2096883886  8.086142E-15
4903.28840609977  8.074284E-15
4904.36712381093  8.007616E-15
4905.4458415221  8.039429E-15
4906.52455923327  8.119970E-15
4907.60327694444  8.324408E-15
4908.6819946556  8.289056E-15
4909.76071236677  8.182439E-15
4910.83943007794  7.991520E-15
4911.9181477891  7.684064E-15
4912.99686550027  7.941146E-15
4914.07558321144  8.147651E-15
4915.15430092261  8.358463E-15
4916.23301863377  8.505988E-15
4917.31173634494  8.559325E-15
4918.39045405611  8.105187E-15
4919.46917176727  7.657736E-15
4920.54788947844  7.361056E-15
4921.62660718961  7.214407E-15
4922.70532490078  7.419849E-15
4923.78404261194  7.686234E-15
4924.86276032311  7.797256E-15
4925.94147803428  7.976690E-15
4927.02019574545  8.061235E-15
4928.09891345661  8.292634E-15
4929.17763116778  8.665485E-15
4930.25634887895  8.529147E-15
4931.33506659011  8.364205E-15
4932.41378430128  8.670832E-15
4933.49250201245  8.138149E-15
4934.57121972362  7.703308E-15
4935.64993743478  7.774840E-15
4936.72865514595  8.165344E-15
4937.80737285712  8.102529E-15
4938.88609056828  7.765702E-15
4939.96480827945  7.321050E-15
4941.04352599062  7.752276E-15
4942.12224370179  8.116122E-15
4943.20096141295  8.223133E-15
4944.27967912412  8.469239E-15
4945.35839683529  8.564248E-15
4946.43711454645  8.483661E-15
4947.51583225762  8.414908E-15
4948.59454996879  8.463253E-15
4949.67326767996  8.345680E-15
4950.75198539112  8.450094E-15
4951.83070310229  8.668498E-15
4952.90942081346  8.653127E-15
4953.98813852463  8.586676E-15
4955.06685623579  8.604161E-15
4956.14557394696  8.562766E-15
4957.22429165813  7.966126E-15
4958.30300936929  7.503502E-15
4959.38172708046  7.716754E-15
4960.46044479163  8.133318E-15
4961.5391625028  8.382828E-15
4962.61788021396  8.600396E-15
4963.69659792513  8.595144E-15
4964.7753156363  8.503882E-15
4965.85403334746  8.379997E-15
4966.93275105863  8.090551E-15
4968.0114687698  8.152431E-15
4969.09018648097  8.389086E-15
4970.16890419213  8.170731E-15
4971.2476219033  8.126022E-15
4972.32633961447  8.249474E-15
4973.40505732564  8.343769E-15
4974.4837750368  8.510793E-15
4975.56249274797  8.545539E-15
4976.64121045914  8.547960E-15
4977.7199281703  8.544826E-15
4978.79864588147  8.458809E-15
4979.87736359264  8.337011E-15
4980.95608130381  8.095136E-15
4982.03479901497  7.874197E-15
4983.11351672614  7.580845E-15
4984.19223443731  7.415107E-15
4985.27095214847  7.556877E-15
4986.34966985964  7.781863E-15
4987.42838757081  8.253236E-15
4988.50710528197  8.338439E-15
4989.58582299314  8.296229E-15
4990.66454070431  8.054482E-15
4991.74325841548  7.952490E-15
4992.82197612664  8.147949E-15
4993.90069383781  8.216748E-15
4994.97941154898  8.323290E-15
4996.05812926015  8.152819E-15
4997.13684697131  8.106661E-15
4998.21556468248  8.377546E-15
4999.29428239365  8.413963E-15
5000.37300010482  7.976580E-15
5001.45171781598  7.925431E-15
5002.53043552715  8.038334E-15
5003.60915323832  8.229530E-15
5004.68787094948  8.292403E-15
5005.76658866065  7.984589E-15
5006.84530637182  7.804454E-15
5007.92402408299  7.919409E-15
5009.00274179415  8.108320E-15
5010.08145950532  8.165826E-15
5011.16017721649  8.354524E-15
5012.23889492765  8.100976E-15
5013.31761263882  7.413528E-15
5014.39633034999  7.329463E-15
5015.47504806116  7.397561E-15
5016.55376577232  7.853302E-15
5017.63248348349  8.010834E-15
5018.71120119466  7.822714E-15
5019.78991890583  7.811351E-15
5020.86863661699  7.894363E-15
5021.94735432816  7.940083E-15
5023.02607203933  7.727159E-15
5024.1047897505  7.937818E-15
5025.18350746166  8.190659E-15
5026.26222517283  8.225587E-15
5027.34094288399  7.934584E-15
5028.41966059516  8.091070E-15
5029.49837830633  8.170728E-15
5030.5770960175  8.387781E-15
5031.65581372866  8.671647E-15
5032.73453143983  8.693419E-15
5033.813249151  8.723220E-15
5034.89196686217  8.737792E-15
5035.97068457333  8.091697E-15
5037.0494022845  7.712383E-15
5038.12811999567  7.656753E-15
5039.20683770683  7.947567E-15
5040.285555418  7.311319E-15
5041.36427312917  6.802069E-15
5042.44299084034  6.927162E-15
5043.5217085515  7.391159E-15
5044.60042626267  8.025649E-15
5045.67914397384  8.473702E-15
5046.757861685  8.704565E-15
5047.83657939617  8.722299E-15
5048.91529710734  8.525742E-15
5049.99401481851  8.240666E-15
5051.07273252967  8.037003E-15
5052.15145024084  8.050545E-15
5053.23016795201  8.348031E-15
5054.30888566317  8.514350E-15
5055.38760337434  8.712552E-15
5056.46632108551  8.885553E-15
5057.54503879668  8.850790E-15
5058.62375650784  8.699594E-15
5059.70247421901  8.735076E-15
5060.78119193018  8.527344E-15
5061.85990964135  8.401472E-15
5062.93862735251  8.587032E-15
5064.01734506368  8.586090E-15
5065.09606277485  8.041906E-15
5066.17478048601  7.868228E-15
5067.25349819718  7.986481E-15
5068.33221590835  8.017614E-15
5069.41093361952  8.112245E-15
5070.48965133068  8.648658E-15
5071.56836904185  8.714732E-15
5072.64708675302  8.359680E-15
5073.72580446418  8.070064E-15
5074.80452217535  8.233542E-15
5075.88323988652  8.470801E-15
5076.96195759769  8.457081E-15
5078.04067530885  8.616756E-15
5079.11939302002  8.283315E-15
5080.19811073119  7.615971E-15
5081.27682844236  7.456590E-15
5082.35554615352  7.782794E-15
5083.43426386469  8.060052E-15
5084.51298157586  8.271906E-15
5085.59169928703  8.547400E-15
5086.67041699819  8.795286E-15
5087.74913470936  8.810613E-15
5088.82785242053  8.865863E-15
5089.90657013169  8.908353E-15
5090.98528784286  8.979011E-15
5092.06400555403  9.101957E-15
5093.1427232652  8.909914E-15
5094.22144097636  9.018228E-15
5095.30015868753  9.093602E-15
5096.3788763987  9.172564E-15
5097.45759410986  8.967113E-15
5098.53631182103  8.560565E-15
5099.6150295322  8.328908E-15
5100.69374724336  8.465412E-15
5101.77246495453  8.979040E-15
5102.8511826657  9.037211E-15
5103.92990037687  9.097600E-15
5105.00861808803  9.097937E-15
5106.0873357992  9.168933E-15
5107.16605351037  8.488606E-15
5108.24477122154  8.240260E-15
5109.3234889327  8.485892E-15
5110.40220664387  8.526057E-15
5111.48092435504  8.747856E-15
5112.5596420662  9.006462E-15
5113.63835977737  9.198458E-15
5114.71707748854  9.075190E-15
5115.79579519971  9.471948E-15
5116.87451291087  9.406655E-15
5117.95323062204  9.522664E-15
5119.03194833321  9.567519E-15
5120.11066604438  9.523401E-15
5121.18938375554  9.664853E-15
5122.26810146671  9.430692E-15
5123.34681917788  8.794952E-15
5124.42553688904  8.120956E-15
5125.50425460021  8.637449E-15
5126.58297231138  8.611538E-15
5127.66169002255  8.636504E-15
5128.74040773371  8.692802E-15
5129.81912544488  8.864922E-15
5130.89784315605  8.700106E-15
5131.97656086721  8.976685E-15
5133.05527857838  9.191686E-15
5134.13399628955  9.375566E-15
5135.21271400072  9.392272E-15
5136.29143171188  9.562876E-15
5137.37014942305  9.233654E-15
5138.44886713422  8.992520E-15
5139.52758484538  8.693907E-15
5140.60630255655  8.893345E-15
5141.68502026772  8.798401E-15
5142.76373797889  8.758975E-15
5143.84245569005  8.575837E-15
5144.92117340122  8.717534E-15
5145.99989111239  8.934669E-15
5147.07860882356  8.987185E-15
5148.15732653472  9.010526E-15
5149.23604424589  8.998229E-15
5150.31476195706  9.167224E-15
5151.39347966822  8.866112E-15
5152.47219737939  8.557426E-15
5153.55091509056  8.794921E-15
5154.62963280173  9.094284E-15
5155.70835051289  9.417986E-15
5156.78706822406  9.381185E-15
5157.86578593523  9.631438E-15
5158.9445036464  9.905726E-15
5160.02322135756  9.970349E-15
5161.10193906873  1.007237E-14
5162.1806567799  9.934389E-15
5163.25937449106  9.699680E-15
5164.33809220223  9.743476E-15
5165.4168099134  9.483155E-15
5166.49552762456  8.626844E-15
5167.57424533573  7.645118E-15
5168.6529630469  7.428642E-15
5169.73168075807  7.942656E-15
5170.81039846923  8.480983E-15
5171.8891161804  8.553093E-15
5172.96783389157  7.765482E-15
5174.04655160274  7.624759E-15
5175.1252693139  8.600657E-15
5176.20398702507  9.129468E-15
5177.28270473624  9.563224E-15
5178.3614224474  9.938943E-15
5179.44014015857  1.001410E-14
5180.51885786974  9.957039E-15
5181.59757558091  9.774637E-15
5182.67629329207  9.174614E-15
5183.75501100324  8.022097E-15
5184.83372871441  7.936848E-15
5185.91244642557  8.813350E-15
5186.99116413674  9.493560E-15
5188.06988184791  9.781436E-15
5189.14859955908  9.626017E-15
5190.22731727024  9.674532E-15
5191.30603498141  9.865491E-15
5192.38475269258  9.223258E-15
5193.46347040374  8.403052E-15
5194.54218811491  8.849251E-15
5195.62090582608  9.091239E-15
5196.69962353725  9.050472E-15
5197.77834124841  9.716589E-15
5198.85705895958  1.004811E-14
5199.93577667075  1.010178E-14
5201.01449438191  1.001437E-14
5202.09321209308  1.001912E-14
5203.17192980425  9.683536E-15
5204.25064751542  9.356183E-15
5205.32936522658  9.177167E-15
5206.40808293775  8.932368E-15
5207.48680064892  8.964221E-15
5208.56551836009  9.040228E-15
5209.64423607125  8.975009E-15
5210.72295378242  9.167594E-15
5211.80167149359  9.410826E-15
5212.88038920475  1.010830E-14
5213.95910691592  1.048654E-14
5215.03782462709  1.032705E-14
5216.11654233826  9.751429E-15
5217.19526004942  9.517117E-15
5218.27397776059  9.719175E-15
5219.35269547176  1.020630E-14
5220.43141318293  1.005496E-14
5221.51013089409  1.046734E-14
5222.58884860526  1.048257E-14
5223.66756631643  1.015099E-14
5224.74628402759  9.931212E-15
5225.82500173876  9.384967E-15
5226.90371944993  8.602737E-15
5227.9824371611  8.793203E-15
5229.06115487226  9.306997E-15
5230.13987258343  9.689834E-15
5231.2185902946  1.011324E-14
5232.29730800577  1.051233E-14
5233.37602571693  1.014193E-14
5234.4547434281  9.841174E-15
5235.53346113926  1.008887E-14
5236.61217885043  1.008825E-14
5237.6908965616  1.062625E-14
5238.76961427277  1.071599E-14
5239.84833198393  1.062653E-14
5240.9270496951  1.061081E-14
5242.00576740627  1.050105E-14
5243.08448511744  1.048376E-14
5244.1632028286  1.054411E-14
5245.24192053977  1.059439E-14
5246.32063825094  1.032712E-14
5247.3993559621  9.731294E-15
5248.47807367327  9.625222E-15
5249.55679138444  9.675604E-15
5250.63550909561  9.451655E-15
5251.71422680677  9.293857E-15
5252.79294451794  9.533990E-15
5253.87166222911  9.859914E-15
5254.95037994028  9.917260E-15
5256.02909765144  9.947738E-15
5257.10781536261  1.030794E-14
5258.18653307378  1.065144E-14
5259.26525078494  1.080964E-14
5260.34396849611  1.074585E-14
5261.42268620728  1.053114E-14
5262.50140391845  9.892968E-15
5263.58012162961  9.327552E-15
5264.65883934078  9.083550E-15
5265.73755705195  8.777598E-15
5266.81627476311  8.916679E-15
5267.89499247428  9.543249E-15
5268.97371018545  9.551094E-15
5270.05242789662  8.723908E-15
5271.13114560778  8.507201E-15
5272.20986331895  9.183931E-15
5273.28858103012  9.769659E-15
5274.36729874128  9.970589E-15
5275.44601645245  9.974011E-15
5276.52473416362  9.824994E-15
5277.60345187479  1.024884E-14
5278.68216958595  1.074510E-14
5279.76088729712  1.077493E-14
5280.83960500829  1.067815E-14
5281.91832271946  1.037763E-14
5282.99704043062  1.003435E-14
5284.07575814179  9.924111E-15
5285.15447585296  1.024958E-14
5286.23319356412  1.059307E-14
5287.31191127529  1.086296E-14
5288.39062898646  1.088188E-14
5289.46934669763  1.094413E-14
5290.54806440879  1.114900E-14
5291.62678211996  1.138112E-14
5292.70549983113  1.080572E-14
5293.7842175423  1.086456E-14
5294.86293525346  1.092833E-14
5295.94165296463  1.017743E-14
5297.0203706758  9.762375E-15
5298.09908838696  9.525776E-15
5299.17780609813  9.713425E-15
5300.2565238093  1.003940E-14
5301.33524152046  1.020664E-14
5302.41395923163  1.020288E-14
5303.4926769428  1.033737E-14
5304.57139465397  1.086399E-14
5305.65011236513  1.106590E-14
5306.7288300763  1.089554E-14
5307.80754778747  1.069723E-14
5308.88626549864  1.083739E-14
5309.9649832098  1.094021E-14
5311.04370092097  1.101786E-14
5312.12241863214  1.103446E-14
5313.2011363433  1.118325E-14
5314.27985405447  1.086066E-14
5315.35857176564  1.090079E-14
5316.43728947681  1.084264E-14
5317.51600718797  1.053396E-14
5318.59472489914  1.062756E-14
5319.67344261031  1.081344E-14
5320.75216032147  1.084076E-14
5321.83087803264  1.081581E-14
5322.90959574381  1.064804E-14
5323.98831345498  1.067238E-14
5325.06703116614  1.027269E-14
5326.14574887731  1.045687E-14
5327.22446658848  1.029284E-14
5328.30318429964  9.210181E-15
5329.38190201081  8.897773E-15
5330.46061972198  9.504832E-15
5331.53933743315  1.010904E-14
5332.61805514431  1.045364E-14
5333.69677285548  1.046394E-14
5334.77549056665  1.087675E-14
5335.85420827782  1.086069E-14
5336.93292598898  1.056875E-14
5338.01164370015  1.072898E-14
5339.09036141132  1.084254E-14
5340.16907912248  1.057315E-14
5341.24779683365  1.005742E-14
5342.32651454482  1.024180E-14
5343.40523225599  1.091325E-14
5344.48394996715  1.103432E-14
5345.56266767832  1.069041E-14
5346.64138538949  1.066791E-14
5347.72010310065  1.089024E-14
5348.79882081182  1.072290E-14
5349.87753852299  1.054868E-14
5350.95625623416  1.053965E-14
5352.03497394532  1.089543E-14
5353.11369165649  1.129726E-14
5354.19240936766  1.104618E-14
5355.27112707883  1.105999E-14
5356.34984478999  1.139711E-14
5357.42856250116  1.151311E-14
5358.50728021233  1.151362E-14
5359.58599792349  1.135295E-14
5360.66471563466  1.119502E-14
5361.74343334583  1.108921E-14
5362.822151057  1.119063E-14
5363.90086876816  1.096016E-14
5364.97958647933  1.078689E-14
5366.0583041905  1.085687E-14
5367.13702190167  1.081999E-14
5368.21573961283  1.065879E-14
5369.294457324  1.065761E-14
5370.37317503517  1.043414E-14
5371.45189274633  9.783864E-15
5372.5306104575  1.005902E-14
5373.60932816867  1.064971E-14
5374.68804587983  1.123234E-14
5375.766763591  1.168081E-14
5376.84548130217  1.180000E-14
5377.92419901334  1.141873E-14
5379.0029167245  1.153603E-14
5380.08163443567  1.144530E-14
5381.16035214684  1.118801E-14
5382.239069858  1.111048E-14
5383.31778756917  1.117520E-14
5384.39650528034  1.106831E-14
5385.47522299151  1.123427E-14
5386.55394070267  1.124042E-14
5387.63265841384  1.152743E-14
5388.71137612501  1.149176E-14
5389.79009383618  1.096221E-14
5390.86881154734  1.104011E-14
5391.94752925851  1.112463E-14
5393.02624696968  1.088316E-14
5394.10496468084  1.076707E-14
5395.18368239201  1.067773E-14
5396.26240010318  1.047624E-14
5397.34111781435  1.026008E-14
5398.41983552551  1.029753E-14
5399.49855323668  1.066719E-14
5400.57727094785  1.113123E-14
5401.65598865901  1.110148E-14
5402.73470637018  1.112762E-14
5403.81342408135  1.107962E-14
5404.89214179252  1.058867E-14
5405.97085950368  1.022880E-14
5407.04957721485  1.037195E-14
5408.12829492602  1.061153E-14
5409.20701263718  1.064206E-14
5410.28573034835  1.053018E-14
5411.36444805952  1.053548E-14
5412.44316577069  1.115623E-14
5413.52188348185  1.156641E-14
5414.60060119302  1.132842E-14
5415.67931890419  1.136108E-14
5416.75803661536  1.168018E-14
5417.83675432652  1.167254E-14
5418.91547203769  1.134591E-14
5419.99418974886  1.114384E-14
5421.07290746002  1.128954E-14
5422.15162517119  1.149703E-14
5423.23034288236  1.131272E-14
5424.30906059353  1.111790E-14
5425.38777830469  1.094270E-14
5426.46649601586  1.097712E-14
5427.54521372703  1.174637E-14
5428.6239314382  1.171955E-14
5429.70264914936  1.094260E-14
5430.78136686053  1.079104E-14
5431.8600845717  1.091728E-14
5432.93880228286  1.094168E-14
5434.01751999403  1.064827E-14
5435.0962377052  1.040242E-14
5436.17495541636  1.035464E-14
5437.25367312753  1.069194E-14
5438.3323908387  1.125070E-14
5439.41110854987  1.166278E-14
5440.48982626103  1.170846E-14
5441.5685439722  1.187713E-14
5442.64726168337  1.209626E-14
5443.72597939454  1.198559E-14
5444.8046971057  1.196431E-14
5445.88341481687  1.130093E-14
5446.96213252804  1.054571E-14
5448.0408502392  1.065777E-14
5449.11956795037  1.112655E-14
5450.19828566154  1.146114E-14
5451.27700337271  1.189533E-14
5452.35572108387  1.193497E-14
5453.43443879504  1.181852E-14
5454.51315650621  1.127533E-14
5455.59187421737  1.103792E-14
5456.67059192854  1.091918E-14
5457.74930963971  1.118018E-14
5458.82802735088  1.141104E-14
5459.90674506204  1.190671E-14
5460.98546277321  1.213828E-14
5462.06418048438  1.216363E-14
5463.14289819554  1.196989E-14
5464.22161590671  1.153472E-14
5465.30033361788  1.170615E-14
5466.37905132905  1.161967E-14
5467.45776904021  1.166117E-14
5468.53648675138  1.158229E-14
5469.61520446255  1.186437E-14
5470.69392217372  1.180107E-14
5471.77263988488  1.179572E-14
5472.85135759605  1.143580E-14
5473.93007530722  1.104596E-14
5475.00879301838  1.163663E-14
5476.08751072955  1.146602E-14
5477.16622844072  1.061455E-14
5478.24494615189  1.079533E-14
5479.32366386305  1.141336E-14
5480.40238157422  1.156391E-14
5481.48109928539  1.167611E-14
5482.55981699655  1.157292E-14
5483.63853470772  1.152232E-14
5484.71725241889  1.154826E-14
5485.79597013006  1.173337E-14
5486.87468784122  1.184719E-14
5487.95340555239  1.156146E-14
5489.03212326356  1.155718E-14
5490.11084097473  1.163302E-14
5491.18955868589  1.148413E-14
5492.26827639706  1.153559E-14
5493.34699410823  1.172034E-14
5494.42571181939  1.188978E-14
5495.50442953056  1.206212E-14
5496.58314724173  1.184744E-14
5497.6618649529  1.132565E-14
5498.74058266406  1.133862E-14
5499.81930037523  1.173990E-14
5500.8980180864  1.167726E-14
5501.97673579757  1.140583E-14
5503.05545350873  1.142710E-14
5504.1341712199  1.165003E-14
5505.21288893107  1.194671E-14
5506.29160664223  1.159630E-14
5507.3703243534  1.105391E-14
5508.44904206457  1.150025E-14
5509.52775977573  1.188138E-14
5510.6064774869  1.165350E-14
5511.68519519807  1.159986E-14
5512.76391290924  1.163818E-14
5513.8426306204  1.107172E-14
5514.92134833157  1.116321E-14
5516.00006604274  1.147192E-14
5517.0787837539  1.188519E-14
5518.15750146507  1.190300E-14
5519.23621917624  1.210364E-14
5520.31493688741  1.197535E-14
5521.39365459857  1.225828E-14
5522.47237230974  1.217510E-14
5523.55109002091  1.208930E-14
5524.62980773208  1.214714E-14
5525.70852544324  1.188297E-14
5526.78724315441  1.151849E-14
5527.86596086558  1.142338E-14
5528.94467857674  1.121283E-14
5530.02339628791  1.135101E-14
5531.10211399908  1.154350E-14
5532.18083171025  1.158579E-14
5533.25954942141  1.186584E-14
5534.33826713258  1.163068E-14
5535.41698484375  1.175593E-14
5536.49570255491  1.200035E-14
5537.57442026608  1.175672E-14
5538.65313797725  1.202927E-14
5539.73185568842  1.218405E-14
5540.81057339958  1.196800E-14
5541.88929111075  1.216051E-14
5542.96800882192  1.225187E-14
5544.04672653308  1.190411E-14
5545.12544424425  1.190271E-14
5546.20416195542  1.187447E-14
5547.28287966659  1.176109E-14
5548.36159737775  1.156525E-14
5549.44031508892  1.214441E-14
5550.51903280009  1.225311E-14
5551.59775051126  1.216589E-14
5552.67646822242  1.228721E-14
5553.75518593359  1.223242E-14
5554.83390364476  1.194764E-14
5555.91262135592  1.201364E-14
5556.99133906709  1.200923E-14
5558.07005677826  1.199141E-14
5559.14877448943  1.212273E-14
5560.22749220059  1.184643E-14
5561.30620991176  1.201792E-14
5562.38492762293  1.212638E-14
5563.4636453341  1.154894E-14
5564.54236304526  1.141020E-14
5565.62108075643  1.170752E-14
5566.6997984676  1.196936E-14
5567.77851617876  1.176072E-14
5568.85723388993  1.156935E-14
5569.9359516011  1.159315E-14
5571.01466931226  1.168036E-14
5572.09338702343  1.155947E-14
5573.1721047346  1.133648E-14
5574.25082244577  1.174911E-14
5575.32954015693  1.207123E-14
5576.4082578681  1.211181E-14
5577.48697557927  1.282996E-14
5578.56569329044  1.344678E-14
5579.6444110016  1.299809E-14
5580.72312871277  1.243122E-14
5581.80184642394  1.202834E-14
5582.8805641351  1.180248E-14
5583.95928184627  1.193675E-14
5585.03799955744  1.203860E-14
5586.11671726861  1.173736E-14
5587.19543497977  1.126982E-14
5588.27415269094  1.090325E-14
5589.35287040211  1.115425E-14
5590.43158811327  1.113778E-14
5591.51030582444  1.131178E-14
5592.58902353561  1.156653E-14
5593.66774124678  1.149412E-14
5594.74645895794  1.138494E-14
5595.82517666911  1.135787E-14
5596.90389438028  1.178528E-14
5597.98261209144  1.162867E-14
5599.06132980261  1.164982E-14
5600.14004751378  1.161960E-14
5601.21876522495  1.140739E-14
5602.29748293611  1.124934E-14
5603.37620064728  1.126871E-14
5604.45491835845  1.143758E-14
5605.53363606962  1.171150E-14
5606.61235378078  1.211141E-14
5607.69107149195  1.207523E-14
5608.76978920312  1.193087E-14
5609.84850691428  1.236352E-14
5610.92722462545  1.217450E-14
5612.00594233662  1.200675E-14
5613.08466004779  1.220175E-14
5614.16337775895  1.233958E-14
5615.24209547012  1.163652E-14
5616.32081318129  1.128848E-14
5617.39953089245  1.138554E-14
5618.47824860362  1.167976E-14
5619.55696631479  1.170954E-14
5620.63568402596  1.168932E-14
5621.71440173712  1.192694E-14
5622.79311944829  1.203565E-14
5623.87183715946  1.185229E-14
5624.95055487063  1.137873E-14
5626.02927258179  1.163237E-14
5627.10799029296  1.163223E-14
5628.18670800413  1.169454E-14
5629.26542571529  1.185556E-14
5630.34414342646  1.202053E-14
5631.42286113763  1.203560E-14
5632.5015788488  1.224613E-14
5633.58029655996  1.223174E-14
5634.65901427113  1.220483E-14
5635.7377319823  1.238872E-14
5636.81644969347  1.211504E-14
5637.89516740463  1.208795E-14
5638.9738851158  1.196410E-14
5640.05260282697  1.207918E-14
5641.13132053813  1.193790E-14
5642.2100382493  1.180900E-14
5643.28875596047  1.198128E-14
5644.36747367163  1.191974E-14
5645.4461913828  1.191959E-14
5646.52490909397  1.198458E-14
5647.60362680514  1.212450E-14
5648.6823445163  1.206884E-14
5649.76106222747  1.213165E-14
5650.83977993864  1.234459E-14
5651.9184976498  1.243392E-14
5652.99721536097  1.219182E-14
5654.07593307214  1.205700E-14
5655.15465078331  1.224536E-14
5656.23336849447  1.185198E-14
5657.31208620564  1.150071E-14
5658.39080391681  1.114952E-14
5659.46952162798  1.121904E-14
5660.54823933914  1.152251E-14
5661.62695705031  1.182178E-14
5662.70567476148  1.170314E-14
5663.78439247264  1.183180E-14
5664.86311018381  1.161758E-14
5665.94182789498  1.203082E-14
5667.02054560615  1.215636E-14
5668.09926331731  1.164319E-14
5669.17798102848  1.167896E-14
5670.25669873965  1.169125E-14
5671.33541645081  1.202323E-14
5672.41413416198  1.238186E-14
5673.49285187315  1.240032E-14
5674.57156958432  1.235833E-14
5675.65028729548  1.211365E-14
5676.72900500665  1.238194E-14
5677.80772271782  1.243088E-14
5678.88644042898  1.243441E-14
5679.96515814015  1.239626E-14
5681.04387585132  1.218739E-14
5682.12259356249  1.214065E-14
5683.20131127365  1.204050E-14
5684.28002898482  1.188256E-14
5685.35874669599  1.210425E-14
5686.43746440716  1.206906E-14
5687.51618211832  1.199885E-14
5688.59489982949  1.169899E-14
5689.67361754066  1.167259E-14
5690.75233525182  1.209828E-14
5691.83105296299  1.204161E-14
5692.90977067416  1.229864E-14
5693.98848838533  1.261095E-14
5695.06720609649  1.226953E-14
5696.14592380766  1.234919E-14
5697.22464151883  1.250100E-14
5698.30335923  1.206530E-14
5699.38207694116  1.207434E-14
5700.46079465233  1.197361E-14
5701.5395123635  1.163309E-14
5702.61823007466  1.187142E-14
5703.69694778583  1.191296E-14
5704.775665497  1.193604E-14
5705.85438320816  1.192427E-14
5706.93310091933  1.175913E-14
5708.0118186305  1.163089E-14
5709.09053634167  1.123565E-14
5710.16925405283  1.102210E-14
5711.247971764  1.080565E-14
5712.32668947517  1.099126E-14
5713.40540718634  1.156910E-14
5714.4841248975  1.205851E-14
5715.56284260867  1.227737E-14
5716.64156031984  1.213299E-14
5717.720278031  1.212474E-14
5718.79899574217  1.199048E-14
5719.87771345334  1.212056E-14
5720.95643116451  1.216404E-14
5722.03514887567  1.209677E-14
5723.11386658684  1.253150E-14
5724.19258429801  1.260566E-14
5725.27130200917  1.261761E-14
5726.35001972034  1.248263E-14
5727.42873743151  1.212670E-14
5728.50745514268  1.217146E-14
5729.58617285384  1.243116E-14
5730.66489056501  1.244739E-14
5731.74360827618  1.226157E-14
5732.82232598734  1.237144E-14
5733.90104369851  1.236453E-14
5734.97976140968  1.242174E-14
5736.05847912085  1.249284E-14
5737.13719683201  1.235109E-14
5738.21591454318  1.231476E-14
5739.29463225435  1.260391E-14
5740.37334996552  1.242941E-14
5741.45206767668  1.255963E-14
5742.53078538785  1.237945E-14
5743.60950309902  1.198871E-14
5744.68822081018  1.241342E-14
5745.76693852135  1.245890E-14
5746.84565623252  1.264381E-14
5747.92437394369  1.228075E-14
5749.00309165485  1.223237E-14
5750.08180936602  1.248223E-14
5751.16052707719  1.239209E-14
5752.23924478835  1.232228E-14
5753.31796249952  1.195281E-14
5754.39668021069  1.173851E-14
5755.47539792186  1.179129E-14
5756.55411563302  1.244494E-14
5757.63283334419  1.250081E-14
5758.71155105536  1.249711E-14
5759.79026876653  1.240681E-14
5760.86898647769  1.242908E-14
5761.94770418886  1.226177E-14
5763.02642190003  1.220226E-14
5764.10513961119  1.225575E-14
5765.18385732236  1.257450E-14
5766.26257503353  1.265192E-14
5767.3412927447  1.254576E-14
5768.42001045586  1.291861E-14
5769.49872816703  1.318596E-14
5770.5774458782  1.261179E-14
5771.65616358937  1.251699E-14
5772.73488130053  1.247830E-14
5773.8135990117  1.253406E-14
5774.89231672287  1.274065E-14
5775.97103443403  1.234917E-14
5777.0497521452  1.227496E-14
5778.12846985637  1.247911E-14
5779.20718756753  1.241741E-14
5780.2859052787  1.223612E-14
5781.36462298987  1.198305E-14
5782.44334070104  1.219352E-14
5783.5220584122  1.228505E-14
5784.60077612337  1.232711E-14
5785.67949383454  1.253985E-14
5786.7582115457  1.253177E-14
5787.83692925687  1.252938E-14
5788.91564696804  1.258630E-14
5789.99436467921  1.257897E-14
5791.07308239037  1.236659E-14
5792.15180010154  1.244627E-14
5793.23051781271  1.269793E-14
5794.30923552388  1.259734E-14
5795.38795323504  1.250308E-14
5796.46667094621  1.278485E-14
5797.54538865738  1.270034E-14
5798.62410636855  1.251411E-14
5799.70282407971  1.282347E-14
5800.78154179088  1.279496E-14
5801.86025950205  1.278874E-14
5802.93897721321  1.284110E-14
5804.01769492438  1.261610E-14
5805.09641263555  1.269718E-14
5806.17513034671  1.274442E-14
5807.25384805788  1.266795E-14
5808.33256576905  1.251675E-14
5809.41128348022  1.265746E-14
5810.49000119138  1.310561E-14
5811.56871890255  1.313700E-14
5812.64743661372  1.311000E-14
5813.72615432488  1.267437E-14
5814.80487203605  1.265419E-14
5815.88358974722  1.307094E-14
5816.96230745839  1.289120E-14
5818.04102516955  1.279471E-14
5819.11974288072  1.288707E-14
5820.19846059189  1.318942E-14
5821.27717830306  1.302722E-14
5822.35589601422  1.282894E-14
5823.43461372539  1.291777E-14
5824.51333143656  1.339870E-14
5825.59204914772  1.326077E-14
5826.67076685889  1.311196E-14
5827.74948457006  1.340332E-14
5828.82820228123  1.302354E-14
5829.90691999239  1.325882E-14
5830.98563770356  1.322626E-14
5832.06435541473  1.314663E-14
5833.1430731259  1.326734E-14
5834.22179083706  1.329235E-14
5835.30050854823  1.319819E-14
5836.3792262594  1.275993E-14
5837.45794397056  1.296888E-14
5838.53666168173  1.359282E-14
5839.6153793929  1.321527E-14
5840.69409710406  1.352520E-14
5841.77281481523  1.307808E-14
5842.8515325264  1.312601E-14
5843.93025023757  1.308213E-14
5845.00896794873  1.308740E-14
5846.0876856599  1.306712E-14
5847.16640337107  1.310227E-14
5848.24512108224  1.282462E-14
5849.3238387934  1.303828E-14
5850.40255650457  1.332806E-14
5851.48127421574  1.302209E-14
5852.5599919269  1.282637E-14
5853.63870963807  1.268554E-14
5854.71742734924  1.261731E-14
5855.79614506041  1.293024E-14
5856.87486277157  1.268612E-14
5857.95358048274  1.272711E-14
5859.03229819391  1.265375E-14
5860.11101590507  1.282375E-14
5861.18973361624  1.307120E-14
5862.26845132741  1.279820E-14
5863.34716903858  1.277116E-14
5864.42588674974  1.305286E-14
5865.50460446091  1.298991E-14
5866.58332217208  1.286791E-14
5867.66203988325  1.304803E-14
5868.74075759441  1.297320E-14
5869.81947530558  1.268497E-14
5870.89819301675  1.312860E-14
5871.97691072791  1.339603E-14
5873.05562843908  1.330016E-14
5874.13434615025  1.310061E-14
5875.21306386142  1.317475E-14
5876.29178157258  1.343364E-14
5877.37049928375  1.328334E-14
5878.44921699492  1.314718E-14
5879.52793470608  1.292830E-14
5880.60665241725  1.267234E-14
5881.68537012842  1.277133E-14
5882.76408783959  1.287214E-14
5883.84280555075  1.274393E-14
5884.92152326192  1.292716E-14
5886.00024097309  1.301225E-14
5887.07895868425  1.269591E-14
5888.15767639542  1.262346E-14
5889.23639410659  1.207711E-14
5890.31511181776  1.159341E-14
5891.39382952892  1.202307E-14
5892.47254724009  1.236609E-14
5893.55126495126  1.228245E-14
5894.62998266243  1.229438E-14
5895.70870037359  1.229300E-14
5896.78741808476  1.236356E-14
5897.86613579593  1.234299E-14
5898.94485350709  1.264293E-14
5900.02357121826  1.234905E-14
5901.10228892943  1.227313E-14
5902.1810066406  1.307219E-14
5903.25972435176  1.301907E-14
5904.33844206293  1.291365E-14
5905.4171597741  1.296386E-14
5906.49587748527  1.296713E-14
5907.57459519643  1.327998E-14
5908.6533129076  1.326559E-14
5909.73203061877  1.317479E-14
5910.81074832993  1.292594E-14
5911.8894660411  1.282169E-14
5912.96818375227  1.288889E-14
5914.04690146343  1.291452E-14
5915.1256191746  1.247526E-14
5916.20433688577  1.245289E-14
5917.28305459694  1.256488E-14
5918.3617723081  1.286116E-14
5919.44049001927  1.263585E-14
5920.51920773044  1.239698E-14
5921.5979254416  1.256005E-14
5922.67664315277  1.295137E-14
5923.75536086394  1.286604E-14
5924.83407857511  1.265239E-14
5925.91279628627  1.277184E-14
5926.99151399744  1.327039E-14
5928.07023170861  1.311252E-14
5929.14894941978  1.340054E-14
5930.22766713094  1.327672E-14
5931.30638484211  1.293384E-14
5932.38510255328  1.331612E-14
5933.46382026444  1.312579E-14
5934.54253797561  1.305005E-14
5935.62125568678  1.333440E-14
5936.69997339795  1.344929E-14
5937.77869110911  1.323825E-14
5938.85740882028  1.329781E-14
5939.93612653145  1.333693E-14
5941.01484424261  1.292304E-14
5942.09356195378  1.243403E-14
5943.17227966495  1.255488E-14
5944.25099737612  1.233507E-14
5945.32971508728  1.281671E-14
5946.40843279845  1.326094E-14
5947.48715050962  1.293926E-14
5948.56586822078  1.259159E-14
5949.64458593195  1.257956E-14
5950.72330364312  1.287772E-14
5951.80202135429  1.313249E-14
5952.88073906545  1.311600E-14
5953.95945677662  1.283092E-14
5955.03817448779  1.310171E-14
5956.11689219896  1.350463E-14
5957.19560991012  1.319243E-14
5958.27432762129  1.288907E-14
5959.35304533246  1.305815E-14
5960.43176304362  1.320418E-14
5961.51048075479  1.367737E-14
5962.58919846596  1.348312E-14
5963.66791617713  1.334113E-14
5964.74663388829  1.343133E-14
5965.82535159946  1.338573E-14
5966.90406931063  1.324081E-14
5967.9827870218  1.308876E-14
5969.06150473296  1.297038E-14
5970.14022244413  1.292360E-14
5971.2189401553  1.327307E-14
5972.29765786646  1.329917E-14
5973.37637557763  1.376574E-14
5974.4550932888  1.396680E-14
5975.53381099996  1.362665E-14
5976.61252871113  1.328352E-14
5977.6912464223  1.312364E-14
5978.76996413347  1.314988E-14
5979.84868184464  1.311807E-14
5980.9273995558  1.337581E-14
5982.00611726697  1.364209E-14
5983.08483497814  1.383710E-14
5984.1635526893  1.331408E-14
5985.24227040047  1.315691E-14
5986.32098811164  1.335150E-14
5987.39970582281  1.351204E-14
5988.47842353397  1.356873E-14
5989.55714124514  1.364496E-14
5990.63585895631  1.347329E-14
5991.71457666747  1.330535E-14
5992.79329437864  1.333418E-14
5993.87201208981  1.351601E-14
5994.95072980097  1.356941E-14
5996.02944751214  1.386006E-14
5997.10816522331  1.380069E-14
5998.18688293448  1.371874E-14
5999.26560064564  1.376667E-14
6000.34431835681  1.362205E-14
6001.42303606798  1.362028E-14
6002.50175377914  1.360373E-14
6003.58047149031  1.410985E-14
6004.65918920148  1.356482E-14
6005.73790691265  1.321976E-14
6006.81662462381  1.350672E-14
6007.89534233498  1.347576E-14
6008.97406004615  1.321782E-14
6010.05277775732  1.355603E-14
6011.13149546848  1.342780E-14
6012.21021317965  1.361291E-14
6013.28893089082  1.368010E-14
6014.36764860199  1.353005E-14
6015.44636631315  1.322766E-14
6016.52508402432  1.342082E-14
6017.60380173549  1.334597E-14
6018.68251944665  1.391877E-14
6019.76123715782  1.365670E-14
6020.83995486899  1.321435E-14
6021.91867258016  1.329181E-14
6022.99739029132  1.368613E-14
6024.07610800249  1.348214E-14
6025.15482571366  1.340029E-14
6026.23354342482  1.339287E-14
6027.31226113599  1.364597E-14
6028.39097884716  1.397523E-14
6029.46969655833  1.369699E-14
6030.5484142695  1.393398E-14
6031.62713198066  1.376758E-14
6032.70584969183  1.375114E-14
6033.78456740299  1.359779E-14
6034.86328511416  1.373287E-14
6035.94200282533  1.423436E-14
6037.0207205365  1.413070E-14
6038.09943824766  1.407817E-14
6039.17815595883  1.373769E-14
6040.25687367  1.387345E-14
6041.33559138117  1.387197E-14
6042.41430909233  1.380698E-14
6043.4930268035  1.368314E-14
6044.57174451467  1.364997E-14
6045.65046222583  1.383070E-14
6046.729179937  1.440444E-14
6047.80789764817  1.432265E-14
6048.88661535934  1.402787E-14
6049.9653330705  1.391837E-14
6051.04405078167  1.389195E-14
6052.12276849284  1.398420E-14
6053.201486204  1.415216E-14
6054.28020391517  1.424116E-14
6055.35892162634  1.398405E-14
6056.43763933751  1.381441E-14
6057.51635704867  1.408187E-14
6058.59507475984  1.393533E-14
6059.67379247101  1.372196E-14
6060.75251018217  1.385927E-14
6061.83122789334  1.386042E-14
6062.90994560451  1.404286E-14
6063.98866331568  1.375005E-14
6065.06738102685  1.324819E-14
6066.14609873801  1.338132E-14
6067.22481644918  1.367901E-14
6068.30353416034  1.376717E-14
6069.38225187151  1.404062E-14
6070.46096958268  1.411716E-14
6071.53968729385  1.361080E-14
6072.61840500501  1.387657E-14
6073.69712271618  1.428056E-14
6074.77584042735  1.434763E-14
6075.85455813851  1.415291E-14
6076.93327584968  1.397036E-14
6078.01199356085  1.392012E-14
6079.09071127202  1.376550E-14
6080.16942898319  1.388469E-14
6081.24814669435  1.363469E-14
6082.32686440552  1.340423E-14
6083.40558211669  1.340598E-14
6084.48429982785  1.319949E-14
6085.56301753902  1.353345E-14
6086.64173525019  1.363237E-14
6087.72045296135  1.350870E-14
6088.79917067252  1.401262E-14
6089.87788838369  1.390205E-14
6090.95660609486  1.323885E-14
6092.03532380603  1.364195E-14
6093.11404151719  1.369255E-14
6094.19275922836  1.406573E-14
6095.27147693952  1.391268E-14
6096.35019465069  1.382895E-14
6097.42891236186  1.385198E-14
6098.50763007303  1.414556E-14
6099.5863477842  1.399400E-14
6100.66506549536  1.415155E-14
6101.74378320653  1.397025E-14
6102.8225009177  1.246332E-14
6103.90121862886  1.212388E-14
6104.97993634003  1.287474E-14
6106.0586540512  1.335134E-14
6107.13737176236  1.346582E-14
6108.21608947353  1.366381E-14
6109.2948071847  1.389617E-14
6110.37352489586  1.374681E-14
6111.45224260703  1.387836E-14
6112.5309603182  1.381685E-14
6113.60967802937  1.399325E-14
6114.68839574054  1.405320E-14
6115.7671134517  1.396861E-14
6116.84583116287  1.400807E-14
6117.92454887404  1.386214E-14
6119.0032665852  1.399598E-14
6120.08198429637  1.369221E-14
6121.16070200754  1.379970E-14
6122.2394197187  1.327466E-14
6123.31813742987  1.313988E-14
6124.39685514104  1.327762E-14
6125.47557285221  1.359857E-14
6126.55429056338  1.379013E-14
6127.63300827454  1.387905E-14
6128.71172598571  1.396479E-14
6129.79044369687  1.399199E-14
6130.86916140804  1.388391E-14
6131.94787911921  1.376395E-14
6133.02659683038  1.406786E-14
6134.10531454155  1.424771E-14
6135.18403225271  1.369802E-14
6136.26274996388  1.321184E-14
6137.34146767504  1.248948E-14
6138.42018538621  1.229318E-14
6139.49890309738  1.318992E-14
6140.57762080855  1.383926E-14
6141.65633851972  1.323646E-14
6142.73505623088  1.304547E-14
6143.81377394205  1.299075E-14
6144.89249165322  1.318377E-14
6145.97120936438  1.367741E-14
6147.04992707555  1.382582E-14
6148.12864478672  1.334324E-14
6149.20736249789  1.349308E-14
6150.28608020905  1.340190E-14
6151.36479792022  1.337865E-14
6152.44351563139  1.364905E-14
6153.52223334255  1.357192E-14
6154.60095105372  1.350008E-14
6155.67966876489  1.372425E-14
6156.75838647605  1.394701E-14
6157.83710418722  1.389997E-14
6158.91582189839  1.366630E-14
6159.99453960956  1.369260E-14
6161.07325732073  1.335400E-14
6162.15197503189  1.282879E-14
6163.23069274306  1.300482E-14
6164.30941045423  1.314759E-14
6165.38812816539  1.306570E-14
6166.46684587656  1.310418E-14
6167.54556358773  1.309377E-14
6168.6242812989  1.308029E-14
6169.70299901006  1.264463E-14
6170.78171672123  1.272028E-14
6171.8604344324  1.307396E-14
6172.93915214356  1.348264E-14
6174.01786985473  1.372896E-14
6175.0965875659  1.366335E-14
6176.17530527707  1.369434E-14
6177.25402298823  1.362216E-14
6178.3327406994  1.347200E-14
6179.41145841057  1.362201E-14
6180.49017612173  1.398010E-14
6181.5688938329  1.373623E-14
6182.64761154407  1.354062E-14
6183.72632925524  1.377322E-14
6184.8050469664  1.400627E-14
6185.88376467757  1.396926E-14
6186.96248238874  1.369090E-14
6188.04120009991  1.352028E-14
6189.11991781107  1.376203E-14
6190.19863552224  1.358075E-14
6191.2773532334  1.294279E-14
6192.35607094457  1.308119E-14
6193.43478865574  1.316021E-14
6194.51350636691  1.332628E-14
6195.59222407808  1.376811E-14
6196.67094178924  1.397093E-14
6197.74965950041  1.373882E-14
6198.82837721158  1.390819E-14
6199.90709492274  1.355113E-14
6200.98581263391  1.340514E-14
6202.06453034508  1.355801E-14
6203.14324805625  1.393455E-14
6204.22196576741  1.397709E-14
6205.30068347858  1.367559E-14
6206.37940118975  1.381201E-14
6207.45811890091  1.394319E-14
6208.53683661208  1.425452E-14
6209.61555432325  1.427179E-14
6210.69427203442  1.397349E-14
6211.77298974558  1.375173E-14
6212.85170745675  1.387587E-14
6213.93042516792  1.354618E-14
6215.00914287909  1.375687E-14
6216.08786059025  1.361090E-14
6217.16657830142  1.356334E-14
6218.24529601259  1.355559E-14
6219.32401372375  1.326005E-14
6220.40273143492  1.361923E-14
6221.48144914609  1.371515E-14
6222.56016685725  1.363751E-14
6223.63888456842  1.395875E-14
6224.71760227959  1.387662E-14
6225.79631999076  1.359786E-14
6226.87503770192  1.413104E-14
6227.95375541309  1.395426E-14
6229.03247312426  1.387272E-14
6230.11119083543  1.378417E-14
6231.18990854659  1.325034E-14
6232.26862625776  1.305301E-14
6233.34734396893  1.328512E-14
6234.42606168009  1.374957E-14
6235.50477939126  1.426330E-14
6236.58349710243  1.438725E-14
6237.6622148136  1.415506E-14
6238.74093252476  1.395250E-14
6239.81965023593  1.396491E-14
6240.8983679471  1.408281E-14
6241.97708565826  1.383029E-14
6243.05580336943  1.401274E-14
6244.1345210806  1.371248E-14
6245.21323879177  1.352182E-14
6246.29195650293  1.371692E-14
6247.3706742141  1.333652E-14
6248.44939192527  1.333313E-14
6249.52810963644  1.381812E-14
6250.6068273476  1.392484E-14
6251.68554505877  1.395444E-14
6252.76426276994  1.357742E-14
6253.8429804811  1.367022E-14
6254.92169819227  1.347592E-14
6256.00041590344  1.361410E-14
6257.07913361461  1.367483E-14
6258.15785132577  1.303071E-14
6259.23656903694  1.358660E-14
6260.31528674811  1.372549E-14
6261.39400445927  1.362453E-14
6262.47272217044  1.377405E-14
6263.55143988161  1.412199E-14
6264.63015759278  1.400377E-14
6265.70887530394  1.406380E-14
6266.78759301511  1.465578E-14
6267.86631072628  1.418911E-14
6268.94502843744  1.417503E-14
6270.02374614861  1.428191E-14
6271.10246385978  1.422075E-14
6272.18118157095  1.421471E-14
6273.25989928212  1.449109E-14
6274.33861699328  1.425825E-14
6275.41733470445  1.446448E-14
6276.49605241562  1.470551E-14
6277.57477012678  1.394026E-14
6278.65348783795  1.356893E-14
6279.73220554912  1.319854E-14
6280.81092326028  1.314709E-14
6281.88964097145  1.317155E-14
6282.96835868262  1.348782E-14
6284.04707639379  1.405236E-14
6285.12579410495  1.434774E-14
6286.20451181612  1.412828E-14
6287.28322952729  1.468322E-14
6288.36194723845  1.435561E-14
6289.44066494962  1.425551E-14
6290.51938266079  1.446755E-14
6291.59810037196  1.446567E-14
6292.67681808312  1.466348E-14
6293.75553579429  1.397987E-14
6294.83425350546  1.359465E-14
6295.91297121662  1.399368E-14
6296.99168892779  1.434855E-14
6298.07040663896  1.398874E-14
6299.14912435013  1.383519E-14
6300.22784206129  1.415794E-14
6301.30655977246  1.476085E-14
6302.38527748363  1.457081E-14
6303.46399519479  1.447415E-14
6304.54271290596  1.482776E-14
6305.62143061713  1.477407E-14
6306.7001483283  1.459183E-14
6307.77886603946  1.457387E-14
6308.85758375063  1.487785E-14
6309.9363014618  1.468332E-14
6311.01501917297  1.487005E-14
6312.09373688413  1.518755E-14
6313.1724545953  1.500241E-14
6314.25117230647  1.453172E-14
6315.32989001764  1.413556E-14
6316.4086077288  1.443338E-14
6317.48732543997  1.414485E-14
6318.56604315114  1.421981E-14
6319.6447608623  1.424390E-14
6320.72347857347  1.440060E-14
6321.80219628464  1.476912E-14
6322.88091399581  1.461366E-14
6323.95963170697  1.418677E-14
6325.03834941814  1.428943E-14
6326.11706712931  1.447296E-14
6327.19578484047  1.465590E-14
6328.27450255164  1.464607E-14
6329.35322026281  1.425395E-14
6330.43193797397  1.424867E-14
6331.51065568514  1.441349E-14
6332.58937339631  1.441950E-14
6333.66809110748  1.508174E-14
6334.74680881864  1.507081E-14
6335.82552652981  1.437908E-14
6336.90424424098  1.412507E-14
6337.98296195215  1.384084E-14
6339.06167966331  1.468800E-14
6340.14039737448  1.451963E-14
6341.21911508565  1.399237E-14
6342.29783279682  1.516959E-14
6343.37655050798  1.516469E-14
6344.45526821915  1.455846E-14
6345.53398593032  1.450995E-14
6346.61270364148  1.432619E-14
6347.69142135265  1.441433E-14
6348.77013906382  1.444632E-14
6349.84885677499  1.466250E-14
6350.92757448615  1.494542E-14
6352.00629219732  1.494721E-14
6353.08500990849  1.491106E-14
6354.16372761965  1.452459E-14
6355.24244533082  1.454375E-14
6356.32116304199  1.456758E-14
6357.39988075316  1.458459E-14
6358.47859846432  1.430502E-14
6359.55731617549  1.426583E-14
6360.63603388666  1.436789E-14
6361.71475159782  1.423751E-14
6362.79346930899  1.479169E-14
6363.87218702016  1.450494E-14
6364.95090473133  1.414951E-14
6366.02962244249  1.406150E-14
6367.10834015366  1.437503E-14
6368.18705786483  1.467513E-14
6369.26577557599  1.444061E-14
6370.34449328716  1.441113E-14
6371.42321099833  1.470332E-14
6372.5019287095  1.443880E-14
6373.58064642066  1.427493E-14
6374.65936413183  1.434216E-14
6375.738081843  1.484610E-14
6376.81679955417  1.458614E-14
6377.89551726533  1.435733E-14
6378.9742349765  1.458493E-14
6380.05295268767  1.418788E-14
6381.13167039883  1.456841E-14
6382.21038811  1.489622E-14
6383.28910582117  1.428443E-14
6384.36782353234  1.411450E-14
6385.4465412435  1.412338E-14
6386.52525895467  1.435664E-14
6387.60397666584  1.442023E-14
6388.682694377  1.421245E-14
6389.76141208817  1.422352E-14
6390.84012979934  1.422759E-14
6391.91884751051  1.444981E-14
6392.99756522167  1.409126E-14
6394.07628293284  1.363505E-14
6395.15500064401  1.363150E-14
6396.23371835517  1.373929E-14
6397.31243606634  1.451570E-14
6398.39115377751  1.446028E-14
6399.46987148868  1.397683E-14
6400.54858919984  1.318598E-14
6401.62730691101  1.312075E-14
6402.70602462218  1.343276E-14
6403.78474233334  1.378898E-14
6404.86346004451  1.397199E-14
6405.94217775568  1.405262E-14
6407.02089546685  1.407900E-14
6408.09961317801  1.409318E-14
6409.17833088918  1.403944E-14
6410.25704860035  1.367500E-14
6411.33576631152  1.343213E-14
6412.41448402268  1.359303E-14
6413.49320173385  1.392657E-14
6414.57191944502  1.388052E-14
6415.65063715619  1.402580E-14
6416.72935486735  1.398642E-14
6417.80807257852  1.361646E-14
6418.88679028969  1.372485E-14
6419.96550800085  1.404706E-14
6421.04422571202  1.336192E-14
6422.12294342319  1.283385E-14
6423.20166113436  1.366073E-14
6424.28037884552  1.396924E-14
6425.35909655669  1.363158E-14
6426.43781426786  1.395296E-14
6427.51653197902  1.400806E-14
6428.59524969019  1.373093E-14
6429.67396740136  1.351057E-14
6430.75268511252  1.354818E-14
6431.83140282369  1.321891E-14
6432.91012053486  1.288135E-14
6433.98883824603  1.326929E-14
6435.0675559572  1.393584E-14
6436.14627366836  1.393731E-14
6437.22499137953  1.347573E-14
6438.30370909069  1.345181E-14
6439.38242680186  1.292301E-14
6440.46114451303  1.264383E-14
6441.5398622242  1.361128E-14
6442.61857993536  1.361785E-14
6443.69729764653  1.396557E-14
6444.7760153577  1.365260E-14
6445.85473306887  1.384573E-14
6446.93345078003  1.433149E-14
6448.0121684912  1.407865E-14
6449.09088620237  1.328695E-14
6450.16960391353  1.282649E-14
6451.2483216247  1.265483E-14
6452.32703933587  1.299303E-14
6453.40575704704  1.338777E-14
6454.4844747582  1.377042E-14
6455.56319246937  1.331405E-14
6456.64191018054  1.355941E-14
6457.7206278917  1.386398E-14
6458.79934560287  1.318914E-14
6459.87806331404  1.325727E-14
6460.95678102521  1.340052E-14
6462.03549873637  1.306224E-14
6463.11421644754  1.241932E-14
6464.19293415871  1.277469E-14
6465.27165186987  1.338259E-14
6466.35036958104  1.291066E-14
6467.42908729221  1.287577E-14
6468.50780500338  1.346414E-14
6469.58652271455  1.330160E-14
6470.66524042571  1.323937E-14
6471.74395813688  1.319821E-14
6472.82267584805  1.294325E-14
6473.90139355921  1.290479E-14
6474.98011127038  1.259869E-14
6476.05882898155  1.248771E-14
6477.13754669271  1.260171E-14
6478.21626440388  1.369622E-14
6479.29498211505  1.331283E-14
6480.37369982622  1.299423E-14
6481.45241753738  1.287257E-14
6482.53113524855  1.264468E-14
6483.60985295972  1.264132E-14
6484.68857067089  1.258870E-14
6485.76728838205  1.256778E-14
6486.84600609322  1.286462E-14
6487.92472380439  1.270542E-14
6489.00344151555  1.324855E-14
6490.08215922672  1.344242E-14
6491.16087693789  1.323395E-14
6492.23959464905  1.309414E-14
6493.31831236022  1.268352E-14
6494.39703007139  1.216424E-14
6495.47574778256  1.217615E-14
6496.55446549373  1.155660E-14
6497.63318320489  1.170320E-14
6498.71190091606  1.221992E-14
6499.79061862723  1.290525E-14
6500.86933633839  1.235131E-14
6501.94805404956  1.246746E-14
6503.02677176073  1.362844E-14
6504.10548947189  1.367175E-14
6505.18420718306  1.329950E-14
6506.26292489423  1.389510E-14
6507.3416426054  1.391133E-14
6508.42036031656  1.403554E-14
6509.49907802773  1.427667E-14
6510.5777957389  1.347144E-14
6511.65651345006  1.381303E-14
6512.73523116123  1.359728E-14
6513.8139488724  1.383299E-14
6514.89266658357  1.353848E-14
6515.97138429473  1.332311E-14
6517.0501020059  1.287920E-14
6518.12881971707  1.239711E-14
6519.20753742824  1.253709E-14
6520.2862551394  1.305773E-14
6521.36497285057  1.358008E-14
6522.44369056174  1.407579E-14
6523.52240827291  1.372671E-14
6524.60112598407  1.359664E-14
6525.67984369524  1.334637E-14
6526.75856140641  1.360378E-14
6527.83727911757  1.357728E-14
6528.91599682874  1.313588E-14
6529.99471453991  1.346290E-14
6531.07343225108  1.361112E-14
6532.15214996224  1.359374E-14
6533.23086767341  1.369946E-14
6534.30958538458  1.366545E-14
6535.38830309574  1.369019E-14
6536.46702080691  1.371828E-14
6537.54573851808  1.392189E-14
6538.62445622925  1.415406E-14
6539.70317394041  1.374530E-14
6540.78189165158  1.389094E-14
6541.86060936275  1.395878E-14
6542.93932707391  1.363727E-14
6544.01804478508  1.387718E-14
6545.09676249625  1.411404E-14
6546.17548020742  1.347165E-14
6547.25419791858  1.354038E-14
6548.33291562975  1.367392E-14
6549.41163334092  1.298888E-14
6550.49035105208  1.345633E-14
6551.56906876325  1.383074E-14
6552.64778647442  1.386938E-14
6553.72650418559  1.317164E-14
6554.80522189675  1.339959E-14
6555.88393960792  1.357396E-14
6556.96265731909  1.330704E-14
6558.04137503026  1.312824E-14
6559.12009274142  1.363325E-14
6560.19881045259  1.354887E-14
6561.27752816376  1.329413E-14
6562.35624587492  1.212437E-14
6563.43496358609  1.052130E-14
6564.51368129726  1.099406E-14
6565.59239900843  1.305306E-14
6566.67111671959  1.347548E-14
6567.74983443076  1.391458E-14
6568.82855214193  1.395947E-14
6569.90726985309  1.397772E-14
6570.98598756426  1.417354E-14
6572.06470527543  1.379476E-14
6573.1434229866  1.332434E-14
6574.22214069776  1.295760E-14
6575.30085840893  1.283976E-14
6576.3795761201  1.322873E-14
6577.45829383126  1.346485E-14
6578.53701154243  1.363816E-14
6579.6157292536  1.381876E-14
6580.69444696477  1.419413E-14
6581.77316467593  1.372259E-14
6582.8518823871  1.343966E-14
6583.93060009827  1.365263E-14
6585.00931780943  1.426991E-14
6586.0880355206  1.367732E-14
6587.16675323177  1.379343E-14
6588.24547094294  1.383900E-14
6589.3241886541  1.445574E-14
6590.40290636527  1.428475E-14
6591.48162407644  1.346579E-14
6592.56034178761  1.334115E-14
6593.63905949877  1.243953E-14
6594.71777720994  1.292844E-14
6595.79649492111  1.354524E-14
6596.87521263227  1.385630E-14
6597.95393034344  1.368037E-14
6599.03264805461  1.380096E-14
6600.11136576578  1.361604E-14
6601.19008347694  1.363798E-14
6602.26880118811  1.396878E-14
6603.34751889928  1.361011E-14
6604.42623661044  1.318185E-14
6605.50495432161  1.305518E-14
6606.58367203278  1.311489E-14
6607.66238974395  1.321011E-14
6608.74110745511  1.342858E-14
6609.81982516628  1.304028E-14
6610.89854287745  1.324232E-14
6611.97726058861  1.356103E-14
6613.05597829978  1.334609E-14
6614.13469601095  1.300320E-14
6615.21341372212  1.320128E-14
6616.29213143328  1.340685E-14
6617.37084914445  1.376812E-14
6618.44956685562  1.370183E-14
6619.52828456678  1.379821E-14
6620.60700227795  1.362985E-14
6621.68571998912  1.299732E-14
6622.76443770029  1.332003E-14
6623.84315541145  1.333399E-14
6624.92187312262  1.319700E-14
6626.00059083379  1.305175E-14
6627.07930854496  1.314407E-14
6628.15802625612  1.388749E-14
6629.23674396729  1.327379E-14
6630.31546167846  1.271320E-14
6631.39417938963  1.333570E-14
6632.47289710079  1.331249E-14
6633.55161481196  1.337374E-14
6634.63033252313  1.336116E-14
6635.70905023429  1.308408E-14
6636.78776794546  1.302814E-14
6637.86648565663  1.273647E-14
6638.94520336779  1.290459E-14
6640.02392107896  1.340163E-14
6641.10263879013  1.325729E-14
6642.1813565013  1.302429E-14
6643.26007421246  1.243942E-14
6644.33879192363  1.236369E-14
6645.4175096348  1.257575E-14
6646.49622734596  1.273248E-14
6647.57494505713  1.277732E-14
6648.6536627683  1.285477E-14
6649.73238047947  1.251641E-14
6650.81109819063  1.228110E-14
6651.8898159018  1.303009E-14
6652.96853361297  1.276053E-14
6654.04725132414  1.273656E-14
6655.1259690353  1.337250E-14
6656.20468674647  1.313474E-14
6657.28340445764  1.318461E-14
6658.3621221688  1.349370E-14
6659.44083987997  1.340715E-14
6660.51955759114  1.371641E-14
6661.59827530231  1.331158E-14
6662.67699301347  1.291249E-14
6663.75571072464  1.246207E-14
6664.83442843581  1.257158E-14
6665.91314614698  1.296868E-14
6666.99186385814  1.276752E-14
6668.07058156931  1.263700E-14
6669.14929928048  1.255677E-14
6670.22801699164  1.258273E-14
6671.30673470281  1.286485E-14
6672.38545241398  1.322962E-14
6673.46417012514  1.226080E-14
6674.54288783631  1.228286E-14
6675.62160554748  1.279872E-14
6676.70032325865  1.237853E-14
6677.77904096982  1.209764E-14
6678.85775868098  1.202051E-14
6679.93647639215  1.221042E-14
6681.01519410332  1.274178E-14
6682.09391181448  1.264989E-14
6683.17262952565  1.336092E-14
6684.25134723682  1.306553E-14
6685.33006494799  1.246831E-14
6686.40878265915  1.303196E-14
6687.48750037032  1.321721E-14
6688.56621808149  1.313306E-14
6689.64493579265  1.299395E-14
6690.72365350382  1.284255E-14
6691.80237121499  1.291100E-14
6692.88108892616  1.210163E-14
6693.95980663732  1.249420E-14
6695.03852434849  1.304805E-14
6696.11724205966  1.240078E-14
6697.19595977082  1.269571E-14
6698.27467748199  1.310520E-14
6699.35339519316  1.360249E-14
6700.43211290433  1.285493E-14
6701.51083061549  1.287692E-14
6702.58954832666  1.311177E-14
6703.66826603783  1.326703E-14
6704.746983749  1.315413E-14
6705.82570146016  1.298036E-14
6706.90441917133  1.288197E-14
6707.98313688249  1.167758E-14
6709.06185459366  1.046046E-14
6710.14057230483  1.188570E-14
6711.219290016  1.217706E-14
6712.29800772717  1.204530E-14
6713.37672543833  1.269764E-14
6714.4554431495  1.306937E-14
6715.53416086067  1.323357E-14
6716.61287857183  1.321116E-14
6717.691596283  1.368278E-14
6718.77031399417  1.319496E-14
6719.84903170533  1.312215E-14
6720.9277494165  1.289018E-14
6722.00646712767  1.417202E-14
6723.08518483884  1.381265E-14
6724.16390255  1.422357E-14
6725.24262026117  1.444177E-14
6726.32133797234  1.349759E-14
6727.40005568351  1.312167E-14
6728.47877339467  1.349759E-14
6729.55749110584  1.338068E-14
6730.63620881701  1.397233E-14
6731.71492652817  1.362168E-14
6732.79364423934  1.398378E-14
6733.87236195051  1.305031E-14
6734.95107966168  1.367839E-14
6736.02979737284  1.332214E-14
6737.10851508401  1.320156E-14
6738.18723279518  1.380294E-14
6739.26595050635  1.332492E-14
6740.34466821751  1.302136E-14
6741.42338592868  1.331910E-14
6742.50210363985  1.356902E-14
6743.58082135101  1.328212E-14
6744.65953906218  1.331232E-14
6745.73825677335  1.306919E-14
6746.81697448451  1.317165E-14
6747.89569219568  1.330322E-14
6748.97440990685  1.342336E-14
6750.05312761802  1.371528E-14
6751.13184532918  1.344697E-14
6752.21056304035  1.328886E-14
6753.28928075152  1.274982E-14
6754.36799846269  1.264445E-14
6755.44671617385  1.209690E-14
6756.52543388502  1.283167E-14
6757.60415159619  1.305053E-14
6758.68286930735  1.211991E-14
6759.76158701852  1.223486E-14
6760.84030472969  1.275829E-14
6761.91902244086  1.239996E-14
6762.99774015202  1.185077E-14
6764.07645786319  1.183828E-14
6765.15517557436  1.164667E-14
6766.23389328552  1.119250E-14
6767.31261099669  1.131333E-14
6768.39132870786  1.085660E-14
6769.47004641903  1.064499E-14
6770.54876413019  1.074022E-14
6771.62748184136  1.067880E-14
6772.70619955253  1.026777E-14
6773.78491726369  1.010195E-14
6774.86363497486  9.923597E-15
6775.94235268603  9.644714E-15
6777.0210703972  9.557481E-15
6778.09978810836  9.274350E-15
6779.17850581953  9.562588E-15
6780.2572235307  9.478527E-15
6781.33594124187  9.162390E-15
6782.41465895303  8.808916E-15
6783.4933766642  8.691868E-15
6784.57209437537  8.331107E-15
6785.65081208653  7.788718E-15
6786.7295297977  7.731624E-15
6787.80824750887  7.915299E-15
6788.88696522004  7.942918E-15
6789.9656829312  7.588791E-15
6791.04440064237  7.154748E-15
6792.12311835354  7.274066E-15
6793.2018360647  6.943204E-15
6794.28055377587  6.074983E-15
6795.35927148704  5.955734E-15
6796.43798919821  6.089271E-15
6797.51670690937  6.138636E-15
6798.59542462054  5.797293E-15
6799.67414233171  5.656615E-15
6800.75286004288  5.440532E-15
6801.83157775404  5.280198E-15
6802.91029546521  5.025884E-15
6803.98901317638  4.881266E-15
6805.06773088754  4.734251E-15
6806.14644859871  4.332601E-15
6807.22516630988  4.526396E-15
6808.30388402105  4.130186E-15
6809.38260173221  3.695303E-15
6810.46131944338  3.637348E-15
6811.54003715455  3.568162E-15
6812.61875486572  3.512364E-15
6813.69747257688  3.294764E-15
6814.77619028805  3.061816E-15
6815.85490799922  2.872306E-15
6816.93362571038  2.761498E-15
6818.01234342155  2.592364E-15
6819.09106113272  2.501665E-15
6820.16977884389  2.310140E-15
6821.24849655505  2.154534E-15
6822.32721426622  2.070123E-15
6823.40593197739  1.813892E-15
6824.48464968855  1.865731E-15
