3767.57424383  -2.523306E-15
3768.65314049073  -1.744491E-15
3769.73203715146  -1.099424E-15
3770.81093381219  -1.585713E-15
3771.88983047292  -2.695328E-15
3772.96872713365  -3.356181E-15
3774.04762379438  -3.155131E-15
3775.12652045511  -3.124139E-15
3776.20541711584  -3.464682E-15
3777.28431377657  -3.415407E-15
3778.3632104373  -2.766690E-15
3779.44210709803  -2.713242E-15
3780.52100375876  -2.766921E-15
3781.59990041949  -2.984991E-15
3782.67879708022  -2.968034E-15
3783.75769374095  -3.132774E-15
3784.83659040168  -2.695502E-15
3785.91548706241  -2.399361E-15
3786.99438372314  -2.385657E-15
3788.07328038387  -1.941657E-15
3789.1521770446  -1.630484E-15
3790.23107370533  -1.704932E-15
3791.30997036606  -1.788061E-15
3792.38886702679  -1.433866E-15
3793.46776368752  -1.225466E-15
3794.54666034825  -8.036324E-16
3795.62555700898  -4.445524E-16
3796.70445366971  -5.001475E-16
3797.78335033044  -3.761786E-16
3798.86224699117  -4.017099E-16
3799.9411436519  -5.821323E-16
3801.02004031263  -6.638471E-16
3802.09893697336  -5.930068E-16
3803.17783363409  -5.595210E-16
3804.25673029482  -4.991148E-16
3805.33562695555  -3.832777E-16
3806.41452361628  -3.546103E-16
3807.49342027701  -3.403636E-16
3808.57231693774  -2.703057E-16
3809.65121359847  -1.931838E-16
3810.7301102592  -1.023144E-16
3811.80900691993  -2.832086E-17
3812.88790358066  3.446245E-17
3813.96680024139  7.806875E-17
3815.04569690212  1.194716E-16
3816.12459356285  1.828363E-16
3817.20349022358  2.441137E-16
3818.28238688431  2.344629E-16
3819.36128354504  2.430933E-16
3820.44018020577  3.331049E-16
3821.5190768665  3.603490E-16
3822.59797352723  4.005627E-16
3823.67687018796  4.018184E-16
3824.75576684869  4.082895E-16
3825.83466350942  3.792289E-16
3826.91356017015  4.168919E-16
3827.99245683088  5.707825E-16
3829.07135349161  6.467613E-16
3830.15025015234  6.456385E-16
3831.22914681307  5.226135E-16
3832.3080434738  4.531590E-16
3833.38694013453  3.195542E-16
3834.46583679526  1.430039E-16
3835.54473345599  1.511414E-16
3836.62363011672  3.847344E-16
3837.70252677745  5.591161E-16
3838.78142343818  5.527405E-16
3839.86032009891  9.080212E-16
3840.93921675964  1.184392E-15
3842.01811342037  1.673165E-15
3843.0970100811  1.466389E-15
3844.17590674183  1.597375E-15
3845.25480340256  1.982577E-15
3846.33370006329  1.860098E-15
3847.41259672402  1.883187E-15
3848.49149338475  1.831506E-15
3849.57039004548  1.961967E-15
3850.64928670621  1.933415E-15
3851.72818336694  1.986770E-15
3852.80708002767  1.989606E-15
3853.8859766884  1.996558E-15
3854.96487334913  1.872700E-15
3856.04377000986  1.616597E-15
3857.12266667059  1.491775E-15
3858.20156333132  1.264103E-15
3859.28045999205  1.337184E-15
3860.35935665278  1.682901E-15
3861.43825331351  1.845141E-15
3862.51714997424  2.034180E-15
3863.59604663497  2.432104E-15
3864.6749432957  2.749566E-15
3865.75383995643  2.599559E-15
3866.83273661716  2.406160E-15
3867.91163327789  2.347123E-15
3868.99052993862  2.480258E-15
3870.06942659935  2.421976E-15
3871.14832326008  2.144935E-15
3872.22721992081  2.065284E-15
3873.30611658154  2.329160E-15
3874.38501324227  2.523518E-15
3875.463909903  2.550428E-15
3876.54280656373  2.533121E-15
3877.62170322446  2.281941E-15
3878.70059988519  2.388147E-15
3879.77949654592  2.467276E-15
3880.85839320665  2.486069E-15
3881.93728986738  2.573086E-15
3883.01618652811  2.437536E-15
3884.09508318884  2.077154E-15
3885.17397984957  1.607876E-15
3886.2528765103  1.099257E-15
3887.33177317103  6.613406E-16
3888.41066983176  7.294270E-16
3889.48956649249  9.287409E-16
3890.56846315322  1.460599E-15
3891.64735981395  2.187288E-15
3892.72625647468  2.822806E-15
3893.80515313541  2.768662E-15
3894.88404979614  2.622904E-15
3895.96294645687  2.725614E-15
3897.0418431176  2.680139E-15
3898.12073977833  2.201847E-15
3899.19963643906  2.329967E-15
3900.27853309979  2.527065E-15
3901.35742976052  2.493113E-15
3902.43632642125  2.953088E-15
3903.51522308198  3.191911E-15
3904.59411974271  3.133819E-15
3905.67301640344  3.168023E-15
3906.75191306417  3.187860E-15
3907.8308097249  3.366862E-15
3908.90970638563  3.565293E-15
3909.98860304636  3.537097E-15
3911.06749970709  3.258810E-15
3912.14639636782  2.790837E-15
3913.22529302855  2.865483E-15
3914.30418968928  3.555489E-15
3915.38308635001  3.717432E-15
3916.46198301074  3.525965E-15
3917.54087967147  3.681510E-15
3918.6197763322  3.541010E-15
3919.69867299293  3.209948E-15
3920.77756965366  2.996662E-15
3921.85646631439  2.848235E-15
3922.93536297512  2.953826E-15
3924.01425963585  3.072077E-15
3925.09315629658  2.961698E-15
3926.17205295731  2.711890E-15
3927.25094961804  2.473252E-15
3928.32984627877  2.188573E-15
3929.4087429395  1.727111E-15
3930.48763960023  1.267460E-15
3931.56653626096  9.489044E-16
3932.64543292169  1.087355E-15
3933.72432958242  2.698715E-15
3934.80322624315  4.296597E-15
3935.88212290388  4.545813E-15
3936.96101956461  4.403587E-15
3938.03991622534  4.048234E-15
3939.11881288607  3.451637E-15
3940.1977095468  2.881250E-15
3941.27660620753  2.739288E-15
3942.35550286826  2.706475E-15
3943.43439952899  2.751124E-15
3944.51329618972  3.123256E-15
3945.59219285045  3.351721E-15
3946.67108951118  3.216741E-15
3947.74998617191  3.242176E-15
3948.82888283264  3.215117E-15
3949.90777949337  3.034133E-15
3950.9866761541  3.235083E-15
3952.06557281483  3.500292E-15
3953.14446947556  3.679900E-15
3954.22336613629  3.801527E-15
3955.30226279702  3.625814E-15
3956.38115945775  3.547388E-15
3957.46005611848  3.534947E-15
3958.53895277921  3.371503E-15
3959.61784943994  3.195302E-15
3960.69674610067  2.976305E-15
3961.7756427614  2.826032E-15
3962.85453942213  2.724542E-15
3963.93343608286  2.716128E-15
3965.01233274359  2.170564E-15
3966.09122940432  1.593349E-15
3967.17012606505  8.824445E-16
3968.24902272578  5.707324E-16
3969.32791938651  5.562307E-16
3970.40681604724  1.104439E-15
3971.48571270797  1.924241E-15
3972.5646093687  2.576872E-15
3973.64350602943  3.065094E-15
3974.72240269016  3.347483E-15
3975.80129935089  3.650017E-15
3976.88019601162  3.617871E-15
3977.95909267235  4.089069E-15
3979.03798933308  4.454450E-15
3980.11688599381  4.133262E-15
3981.19578265454  4.001964E-15
3982.27467931527  4.068960E-15
3983.353575976  4.103954E-15
3984.43247263673  4.337867E-15
3985.51136929746  4.316510E-15
3986.59026595819  4.353318E-15
3987.66916261892  4.616376E-15
3988.74805927965  4.488594E-15
3989.82695594038  4.503041E-15
3990.90585260111  4.477145E-15
3991.98474926184  4.467863E-15
3993.06364592257  4.634914E-15
3994.1425425833  4.550972E-15
3995.22143924403  4.592463E-15
3996.30033590476  4.421906E-15
3997.37923256549  4.441501E-15
3998.45812922622  4.549820E-15
3999.53702588695  4.543975E-15
4000.61592254768  4.651832E-15
4001.69481920841  4.741887E-15
4002.77371586914  4.897808E-15
4003.85261252987  4.886370E-15
4004.9315091906  4.510776E-15
4006.01040585133  4.374140E-15
4007.08930251206  4.614822E-15
4008.16819917279  4.480831E-15
4009.24709583352  4.465561E-15
4010.32599249425  4.398881E-15
4011.40488915498  4.533695E-15
4012.48378581571  4.564026E-15
4013.56268247644  4.464878E-15
4014.64157913717  4.640721E-15
4015.7204757979  4.809431E-15
4016.79937245863  4.653113E-15
4017.87826911936  4.782575E-15
4018.95716578009  4.901249E-15
4020.03606244082  4.862103E-15
4021.11495910155  5.046109E-15
4022.19385576228  4.988689E-15
4023.27275242301  4.600363E-15
4024.35164908374  4.552235E-15
4025.43054574447  4.964231E-15
4026.5094424052  5.023802E-15
4027.58833906593  4.699392E-15
4028.66723572666  4.536984E-15
4029.74613238739  4.302361E-15
4030.82502904812  4.196784E-15
4031.90392570885  4.044163E-15
4032.98282236958  3.793120E-15
4034.06171903031  3.961391E-15
4035.14061569104  4.429881E-15
4036.21951235177  4.628283E-15
4037.2984090125  4.702638E-15
4038.37730567323  5.015669E-15
4039.45620233396  4.709685E-15
4040.53509899469  4.520695E-15
4041.61399565542  4.262886E-15
4042.69289231615  4.124658E-15
4043.77178897688  3.729736E-15
4044.85068563761  3.236055E-15
4045.92958229834  3.331937E-15
4047.00847895907  3.875567E-15
4048.0873756198  4.141732E-15
4049.16627228053  4.657664E-15
4050.24516894126  4.816021E-15
4051.32406560199  4.257362E-15
4052.40296226272  4.403664E-15
4053.48185892345  4.515774E-15
4054.56075558418  4.509002E-15
4055.63965224491  4.569798E-15
4056.71854890564  4.453517E-15
4057.79744556637  4.656814E-15
4058.8763422271  5.096286E-15
4059.95523888783  4.908472E-15
4061.03413554856  4.276578E-15
4062.11303220929  4.288200E-15
4063.19192887002  4.991278E-15
4064.27082553075  4.959851E-15
4065.34972219148  5.055500E-15
4066.42861885221  5.549950E-15
4067.50751551294  5.502021E-15
4068.58641217367  5.072888E-15
4069.6653088344  4.798111E-15
4070.74420549513  4.577703E-15
4071.82310215586  4.517062E-15
4072.90199881659  4.511012E-15
4073.98089547732  4.407243E-15
4075.05979213805  4.311439E-15
4076.13868879878  3.724491E-15
4077.21758545951  3.208761E-15
4078.29648212024  3.311156E-15
4079.37537878097  3.822594E-15
4080.4542754417  4.347793E-15
4081.53317210243  4.639914E-15
4082.61206876316  4.738341E-15
4083.69096542389  4.728701E-15
4084.76986208462  4.562017E-15
4085.84875874535  4.477413E-15
4086.92765540608  4.442254E-15
4088.00655206681  4.561999E-15
4089.08544872754  4.682478E-15
4090.16434538827  4.932152E-15
4091.243242049  5.025080E-15
4092.32213870973  4.907801E-15
4093.40103537046  5.029708E-15
4094.47993203119  4.961808E-15
4095.55882869192  4.744107E-15
4096.63772535265  4.258900E-15
4097.71662201338  3.569783E-15
4098.79551867411  2.566991E-15
4099.87441533484  1.656433E-15
4100.95331199557  1.210608E-15
4102.0322086563  1.570877E-15
4103.11110531703  2.464835E-15
4104.19000197776  3.594216E-15
4105.26889863849  4.301343E-15
4106.34779529922  4.530725E-15
4107.42669195995  4.650736E-15
4108.50558862068  4.683284E-15
4109.58448528141  4.655582E-15
4110.66338194214  4.579063E-15
4111.74227860287  4.694401E-15
4112.8211752636  4.836329E-15
4113.90007192433  4.921035E-15
4114.97896858506  4.965613E-15
4116.05786524579  5.002725E-15
4117.13676190652  4.979135E-15
4118.21565856725  4.881836E-15
4119.29455522798  4.722837E-15
4120.37345188871  4.768642E-15
4121.45234854944  4.872785E-15
4122.53124521017  4.625172E-15
4123.6101418709  4.586088E-15
4124.68903853163  4.825818E-15
4125.76793519236  4.889734E-15
4126.84683185309  4.798343E-15
4127.92572851382  4.465921E-15
4129.00462517455  4.550019E-15
4130.08352183528  4.577339E-15
4131.16241849601  4.709144E-15
4132.24131515674  4.997949E-15
4133.32021181747  5.099759E-15
4134.3991084782  5.120188E-15
4135.47800513893  5.052668E-15
4136.55690179966  5.112903E-15
4137.63579846039  5.138446E-15
4138.71469512112  5.073302E-15
4139.79359178185  5.002880E-15
4140.87248844258  5.083529E-15
4141.95138510331  4.862413E-15
4143.03028176404  4.608347E-15
4144.10917842477  4.459753E-15
4145.1880750855  4.469737E-15
4146.26697174623  4.579909E-15
4147.34586840696  4.892287E-15
4148.42476506769  5.029213E-15
4149.50366172842  4.925934E-15
4150.58255838915  4.948864E-15
4151.66145504988  4.864340E-15
4152.74035171061  5.006858E-15
4153.81924837134  4.866123E-15
4154.89814503207  4.646618E-15
4155.9770416928  4.592256E-15
4157.05593835353  4.742891E-15
4158.13483501426  5.018815E-15
4159.21373167499  4.894443E-15
4160.29262833572  4.832598E-15
4161.37152499645  4.922147E-15
4162.45042165718  5.024663E-15
4163.52931831791  4.886178E-15
4164.60821497864  4.914630E-15
4165.68711163937  5.211453E-15
4166.7660083001  5.003136E-15
4167.84490496083  4.822008E-15
4168.92380162156  4.949479E-15
4170.00269828229  4.943095E-15
4171.08159494302  4.741871E-15
4172.16049160375  4.536594E-15
4173.23938826448  4.427707E-15
4174.31828492521  4.376644E-15
4175.39718158594  4.541869E-15
4176.47607824667  4.725681E-15
4177.5549749074  4.736806E-15
4178.63387156813  4.734433E-15
4179.71276822886  4.913860E-15
4180.79166488959  4.801725E-15
4181.87056155032  4.884358E-15
4182.94945821105  5.002562E-15
4184.02835487178  5.090377E-15
4185.10725153251  5.015688E-15
4186.18614819324  5.000577E-15
4187.26504485397  5.053404E-15
4188.3439415147  5.079920E-15
4189.42283817543  4.969959E-15
4190.50173483616  5.204890E-15
4191.58063149689  5.176810E-15
4192.65952815762  5.287989E-15
4193.73842481835  5.546270E-15
4194.81732147908  5.528876E-15
4195.89621813981  5.285550E-15
4196.97511480054  4.971379E-15
4198.05401146127  4.623687E-15
4199.132908122  4.692170E-15
4200.21180478273  4.750088E-15
4201.29070144346  4.768455E-15
4202.36959810419  5.002265E-15
4203.44849476492  4.975696E-15
4204.52739142565  4.976636E-15
4205.60628808638  5.273169E-15
4206.68518474711  5.061786E-15
4207.76408140784  5.431986E-15
4208.84297806857  5.449281E-15
4209.9218747293  5.426646E-15
4211.00077139003  5.717112E-15
4212.07966805076  5.475651E-15
4213.15856471149  4.909758E-15
4214.23746137222  4.232222E-15
4215.31635803295  4.246625E-15
4216.39525469368  4.396917E-15
4217.47415135441  4.739308E-15
4218.55304801514  5.152412E-15
4219.63194467587  5.320704E-15
4220.7108413366  5.346043E-15
4221.78973799733  5.201988E-15
4222.86863465806  4.846850E-15
4223.94753131879  4.071187E-15
4225.02642797952  3.226252E-15
4226.10532464025  3.025604E-15
4227.18422130098  3.694793E-15
4228.26311796171  4.466733E-15
4229.34201462244  4.963721E-15
4230.42091128317  4.903447E-15
4231.4998079439  4.759828E-15
4232.57870460463  4.771916E-15
4233.65760126536  4.925998E-15
4234.73649792609  4.872421E-15
4235.81539458682  4.823109E-15
4236.89429124755  4.961246E-15
4237.97318790828  5.034727E-15
4239.05208456901  5.026597E-15
4240.13098122974  5.259495E-15
4241.20987789047  5.419633E-15
4242.2887745512  5.496754E-15
4243.36767121193  5.453479E-15
4244.44656787266  5.030112E-15
4245.52546453339  4.548212E-15
4246.60436119412  4.418117E-15
4247.68325785485  4.466784E-15
4248.76215451558  4.771941E-15
4249.84105117631  4.981574E-15
4250.91994783704  4.808165E-15
4251.99884449777  4.430297E-15
4253.0777411585  4.086044E-15
4254.15663781923  4.048732E-15
4255.23553447996  4.476004E-15
4256.31443114069  5.035117E-15
4257.39332780142  5.478098E-15
4258.47222446215  5.473789E-15
4259.55112112288  5.262758E-15
4260.63001778361  4.934031E-15
4261.70891444434  5.146924E-15
4262.78781110507  5.374857E-15
4263.8667077658  5.455321E-15
4264.94560442653  5.508037E-15
4266.02450108726  5.709250E-15
4267.10339774799  5.791722E-15
4268.18229440872  5.371585E-15
4269.26119106945  4.918412E-15
4270.34008773018  4.505076E-15
4271.41898439091  4.196781E-15
4272.49788105164  3.720070E-15
4273.57677771237  3.816119E-15
4274.6556743731  4.469471E-15
4275.73457103383  5.006926E-15
4276.81346769456  5.576443E-15
4277.89236435529  5.901010E-15
4278.97126101602  5.679834E-15
4280.05015767675  5.452222E-15
4281.12905433748  5.318325E-15
4282.20795099821  5.209965E-15
4283.28684765894  5.560595E-15
4284.36574431967  5.970975E-15
4285.4446409804  5.716917E-15
4286.52353764113  5.163099E-15
4287.60243430186  4.442137E-15
4288.68133096259  3.990167E-15
4289.76022762332  3.870658E-15
4290.83912428405  3.872310E-15
4291.91802094478  4.331533E-15
4292.99691760551  4.698142E-15
4294.07581426624  4.712856E-15
4295.15471092697  4.767481E-15
4296.2336075877  4.627562E-15
4297.31250424843  4.249566E-15
4298.39140090916  3.888686E-15
4299.47029756989  3.558599E-15
4300.54919423062  3.495991E-15
4301.62809089135  3.850794E-15
4302.70698755208  4.138515E-15
4303.78588421281  4.022202E-15
4304.86478087354  3.851240E-15
4305.94367753427  4.215059E-15
4307.022574195  4.500549E-15
4308.10147085573  4.383917E-15
4309.18036751646  4.321254E-15
4310.25926417719  4.187201E-15
4311.33816083792  4.014478E-15
4312.41705749865  4.079165E-15
4313.49595415938  4.136826E-15
4314.57485082011  4.817055E-15
4315.65374748084  5.518602E-15
4316.73264414157  5.755458E-15
4317.8115408023  5.932117E-15
4318.89043746303  6.201625E-15
4319.96933412376  5.960775E-15
4321.04823078449  5.619968E-15
4322.12712744522  5.305628E-15
4323.20602410595  4.894560E-15
4324.28492076668  4.690816E-15
4325.36381742741  4.779752E-15
4326.44271408814  5.117247E-15
4327.52161074887  5.365977E-15
4328.6005074096  5.877194E-15
4329.67940407033  5.948936E-15
4330.75830073106  6.175284E-15
4331.83719739179  6.272485E-15
4332.91609405252  6.172634E-15
4333.99499071325  5.872275E-15
4335.07388737398  5.352490E-15
4336.15278403471  4.500073E-15
4337.23168069544  3.019606E-15
4338.31057735617  1.741615E-15
4339.3894740169  1.301876E-15
4340.46837067763  1.716385E-15
4341.54726733836  2.708224E-15
4342.62616399909  3.977433E-15
4343.70506065982  5.068853E-15
4344.78395732055  5.819471E-15
4345.86285398128  6.072445E-15
4346.94175064201  6.001037E-15
4348.02064730274  5.925986E-15
4349.09954396347  5.811277E-15
4350.1784406242  5.845925E-15
4351.25733728493  5.736306E-15
4352.33623394566  5.768646E-15
4353.41513060639  6.013158E-15
4354.49402726712  5.956184E-15
4355.57292392785  6.449766E-15
4356.65182058858  6.849624E-15
4357.73071724931  6.871290E-15
4358.80961391004  6.844119E-15
4359.88851057077  6.576902E-15
4360.9674072315  6.478836E-15
4362.04630389223  6.541963E-15
4363.12520055296  6.699139E-15
4364.20409721369  6.796913E-15
4365.28299387442  6.997917E-15
4366.36189053515  6.837517E-15
4367.44078719588  6.582889E-15
4368.51968385661  6.502976E-15
4369.59858051734  6.358022E-15
4370.67747717807  6.201492E-15
4371.7563738388  6.361419E-15
4372.83527049953  6.327340E-15
4373.91416716026  5.840680E-15
4374.99306382099  5.622657E-15
4376.07196048172  5.940871E-15
4377.15085714245  6.405704E-15
4378.22975380318  6.789586E-15
4379.30865046391  6.786076E-15
4380.38754712464  6.070775E-15
4381.46644378537  5.458123E-15
4382.5453404461  4.676705E-15
4383.62423710683  4.363577E-15
4384.70313376756  4.678772E-15
4385.78203042829  5.275478E-15
4386.86092708902  5.806319E-15
4387.93982374975  6.206637E-15
4389.01872041048  6.222580E-15
4390.09761707121  6.080230E-15
4391.17651373194  5.726461E-15
4392.25541039267  5.362123E-15
4393.3343070534  4.924583E-15
4394.41320371413  4.725983E-15
4395.49210037486  5.197122E-15
4396.57099703559  5.589063E-15
4397.64989369632  5.853420E-15
4398.72879035705  6.006560E-15
4399.80768701778  5.847136E-15
4400.88658367851  5.841612E-15
4401.96548033924  5.876030E-15
4403.04437699997  5.778103E-15
4404.1232736607  5.599689E-15
4405.20217032143  5.905994E-15
4406.28106698216  6.249843E-15
4407.35996364289  6.417884E-15
4408.43886030362  6.505607E-15
4409.51775696435  6.559918E-15
4410.59665362508  6.975130E-15
4411.67555028581  7.428408E-15
4412.75444694654  7.620519E-15
4413.83334360727  7.326168E-15
4414.912240268  6.744617E-15
4415.99113692873  6.411330E-15
4417.07003358946  6.557218E-15
4418.14893025019  6.612751E-15
4419.22782691092  6.572963E-15
4420.30672357165  6.640240E-15
4421.38562023238  6.733271E-15
4422.46451689311  6.796908E-15
4423.54341355384  6.536122E-15
4424.62231021457  6.428369E-15
4425.7012068753  6.839137E-15
4426.78010353603  7.226768E-15
4427.85900019676  7.280248E-15
4428.93789685749  7.407726E-15
4430.01679351822  7.211334E-15
4431.09569017895  6.998934E-15
4432.17458683968  6.974507E-15
4433.25348350041  6.859633E-15
4434.33238016114  6.672865E-15
4435.41127682187  6.613848E-15
4436.4901734826  6.881731E-15
4437.56907014333  7.235399E-15
4438.64796680406  7.315023E-15
4439.72686346479  7.208484E-15
4440.80576012552  6.605916E-15
4441.88465678625  6.069589E-15
4442.96355344698  5.851563E-15
4444.04245010771  6.061542E-15
4445.12134676844  6.555939E-15
4446.20024342917  6.980580E-15
4447.2791400899  7.384824E-15
4448.35803675063  7.532481E-15
4449.43693341136  7.598804E-15
4450.51583007209  7.688366E-15
4451.59472673282  7.663732E-15
4452.67362339355  7.489254E-15
4453.75252005428  7.536037E-15
4454.83141671501  7.304343E-15
4455.91031337574  7.202550E-15
4456.98921003647  7.337031E-15
4458.0681066972  7.167740E-15
4459.14700335793  7.279647E-15
4460.22590001866  7.536712E-15
4461.30479667939  7.491287E-15
4462.38369334012  7.411771E-15
4463.46259000085  7.507256E-15
4464.54148666158  7.120279E-15
4465.62038332231  6.599791E-15
4466.69927998304  6.355786E-15
4467.77817664377  6.177761E-15
4468.8570733045  6.351688E-15
4469.93596996523  6.539563E-15
4471.01486662596  7.024475E-15
4472.09376328669  7.685067E-15
4473.17265994742  8.038589E-15
4474.25155660815  8.258706E-15
4475.33045326888  8.513991E-15
4476.40934992961  8.396681E-15
4477.48824659034  8.097929E-15
4478.56714325107  8.471142E-15
4479.6460399118  8.088883E-15
4480.72493657253  7.864131E-15
4481.80383323326  7.955005E-15
4482.88272989399  7.835565E-15
4483.96162655472  8.035796E-15
4485.04052321545  8.144338E-15
4486.11941987618  8.087547E-15
4487.19831653691  8.189067E-15
4488.27721319764  8.040448E-15
4489.35610985837  7.935066E-15
4490.4350065191  7.732084E-15
4491.51390317983  8.046422E-15
4492.59279984056  8.012914E-15
4493.67169650129  7.956790E-15
4494.75059316202  8.072043E-15
4495.82948982275  7.779421E-15
4496.90838648348  7.517651E-15
4497.98728314421  7.417147E-15
4499.06617980494  7.195786E-15
4500.14507646567  6.871318E-15
4501.2239731264  6.978058E-15
4502.30286978713  7.333275E-15
4503.38176644786  7.908598E-15
4504.46066310859  8.392347E-15
4505.53955976932  8.712463E-15
4506.61845643005  8.633506E-15
4507.69735309078  8.572628E-15
4508.77624975151  9.031480E-15
4509.85514641224  9.071765E-15
4510.93404307297  9.131278E-15
4512.0129397337  9.161742E-15
4513.09183639443  9.120487E-15
4514.17073305516  9.231939E-15
4515.24962971589  8.995763E-15
4516.32852637662  8.827749E-15
4517.40742303735  8.869642E-15
4518.48631969808  8.680582E-15
4519.56521635881  8.608333E-15
4520.64411301954  8.658343E-15
4521.72300968027  8.824175E-15
4522.801906341  8.749821E-15
4523.88080300173  8.938897E-15
4524.95969966246  8.827025E-15
4526.03859632319  8.474593E-15
4527.11749298392  8.588983E-15
4528.19638964465  8.915310E-15
4529.27528630538  8.581713E-15
4530.35418296611  7.983307E-15
4531.43307962684  7.294175E-15
4532.51197628757  6.767601E-15
4533.5908729483  7.118763E-15
4534.66976960903  7.514918E-15
4535.74866626976  8.412331E-15
4536.82756293049  9.040573E-15
4537.90645959122  9.367088E-15
4538.98535625195  9.134280E-15
4540.06425291268  8.702021E-15
4541.14314957341  9.021599E-15
4542.22204623414  8.743170E-15
4543.30094289487  8.609201E-15
4544.3798395556  8.393896E-15
4545.45873621633  7.471870E-15
4546.53763287706  6.676083E-15
4547.61652953779  6.333707E-15
4548.69542619852  6.292623E-15
4549.77432285925  6.726579E-15
4550.85321951998  7.133279E-15
4551.93211618071  7.203526E-15
4553.01101284144  6.929239E-15
4554.08990950217  6.759405E-15
4555.1688061629  6.915496E-15
4556.24770282363  7.389706E-15
4557.32659948436  7.742932E-15
4558.40549614509  7.823060E-15
4559.48439280582  7.829547E-15
4560.56328946655  7.500256E-15
4561.64218612728  7.289269E-15
4562.72108278801  7.412199E-15
4563.79997944874  7.125588E-15
4564.87887610947  7.227868E-15
4565.9577727702  7.789163E-15
4567.03666943093  8.345705E-15
4568.11556609166  8.468730E-15
4569.19446275239  8.131598E-15
4570.27335941312  7.971009E-15
4571.35225607385  7.876948E-15
4572.43115273458  7.994601E-15
4573.51004939531  8.381316E-15
4574.58894605604  8.777889E-15
4575.66784271677  9.112425E-15
4576.7467393775  9.208107E-15
4577.82563603823  9.151427E-15
4578.90453269896  8.751096E-15
4579.98342935969  8.005745E-15
4581.06232602042  7.273399E-15
4582.14122268115  7.169783E-15
4583.22011934188  7.348788E-15
4584.29901600261  7.547924E-15
4585.37791266334  7.939840E-15
4586.45680932407  8.289747E-15
4587.5357059848  8.286954E-15
4588.61460264553  8.387618E-15
4589.69349930626  8.513781E-15
4590.77239596699  8.566046E-15
4591.85129262772  8.587448E-15
4592.93018928845  8.776701E-15
4594.00908594918  9.038791E-15
4595.08798260991  9.175382E-15
4596.16687927064  8.862745E-15
4597.24577593137  8.736262E-15
4598.3246725921  9.133273E-15
4599.40356925283  9.223196E-15
4600.48246591356  9.183571E-15
4601.56136257429  9.319036E-15
4602.64025923502  9.453820E-15
4603.71915589575  9.364556E-15
4604.79805255648  9.343914E-15
4605.87694921721  9.476334E-15
4606.95584587794  9.710379E-15
4608.03474253867  9.659961E-15
4609.1136391994  9.816679E-15
4610.19253586013  9.984161E-15
4611.27143252086  1.006748E-14
4612.35032918159  9.870071E-15
4613.42922584232  9.706065E-15
4614.50812250305  9.586472E-15
4615.58701916378  9.374530E-15
4616.66591582451  9.452992E-15
4617.74481248524  9.500097E-15
4618.82370914597  9.299268E-15
4619.9026058067  9.378057E-15
4620.98150246743  9.881056E-15
4622.06039912816  1.029533E-14
4623.13929578889  1.013197E-14
4624.21819244962  9.879636E-15
4625.29708911035  1.001823E-14
4626.37598577108  9.761541E-15
4627.45488243181  9.764160E-15
4628.53377909254  9.892978E-15
4629.61267575327  9.823738E-15
4630.691572414  1.025721E-14
4631.77046907473  1.028312E-14
4632.84936573546  1.001816E-14
4633.92826239619  9.899714E-15
4635.00715905692  9.664118E-15
4636.08605571765  9.519178E-15
4637.16495237838  9.772938E-15
4638.24384903911  1.023486E-14
4639.32274569984  1.063848E-14
4640.40164236057  1.066188E-14
4641.4805390213  1.065650E-14
4642.55943568203  1.066489E-14
4643.63833234276  1.015921E-14
4644.71722900349  9.934914E-15
4645.79612566422  1.008406E-14
4646.87502232495  1.000509E-14
4647.95391898568  9.799973E-15
4649.03281564641  9.525528E-15
4650.11171230714  9.647979E-15
4651.19060896787  1.008509E-14
4652.2695056286  1.028404E-14
4653.34840228933  1.075974E-14
4654.42729895006  1.077381E-14
4655.50619561079  1.036682E-14
4656.58509227152  1.015781E-14
4657.66398893225  1.034663E-14
4658.74288559298  1.047489E-14
4659.82178225371  1.064336E-14
4660.90067891444  1.097775E-14
4661.97957557517  1.102483E-14
4663.0584722359  1.052128E-14
4664.13736889663  1.034916E-14
4665.21626555736  1.012046E-14
4666.29516221809  9.840919E-15
4667.37405887882  9.974325E-15
4668.45295553955  9.885173E-15
4669.53185220028  9.706787E-15
4670.61074886101  9.883717E-15
4671.68964552174  1.049353E-14
4672.76854218247  1.062837E-14
4673.8474388432  1.049268E-14
4674.92633550393  1.055257E-14
4676.00523216466  1.107008E-14
4677.08412882539  1.141634E-14
4678.16302548612  1.107605E-14
4679.24192214685  1.068419E-14
4680.32081880758  1.047425E-14
4681.39971546831  1.046652E-14
4682.47861212904  1.063897E-14
4683.55750878977  1.102458E-14
4684.6364054505  1.097985E-14
4685.71530211123  1.090233E-14
4686.79419877197  1.070989E-14
4687.87309543269  1.064821E-14
4688.95199209342  1.095279E-14
4690.03088875415  1.114582E-14
4691.10978541488  1.108863E-14
4692.18868207561  1.103888E-14
4693.26757873634  1.084804E-14
4694.34647539707  1.107170E-14
4695.4253720578  1.127329E-14
4696.50426871853  1.117702E-14
4697.58316537926  1.126728E-14
4698.66206203999  1.098718E-14
4699.74095870072  1.082849E-14
4700.81985536145  1.118589E-14
4701.89875202218  1.139389E-14
4702.97764868291  1.081643E-14
4704.05654534364  1.071695E-14
4705.13544200437  1.073805E-14
4706.2143386651  1.058443E-14
4707.29323532583  1.042707E-14
4708.37213198656  1.046445E-14
4709.45102864729  1.063128E-14
4710.52992530802  1.083863E-14
4711.60882196875  1.091659E-14
4712.68771862948  1.115749E-14
4713.76661529021  1.102257E-14
4714.84551195095  1.081076E-14
4715.92440861167  1.114128E-14
4717.0033052724  1.137573E-14
4718.08220193313  1.135260E-14
4719.16109859386  1.132815E-14
4720.23999525459  1.158034E-14
4721.31889191532  1.166252E-14
4722.39778857605  1.148018E-14
4723.47668523678  1.181835E-14
4724.55558189751  1.196009E-14
4725.63447855824  1.163293E-14
4726.71337521897  1.174117E-14
4727.7922718797  1.114322E-14
4728.87116854043  1.094277E-14
4729.95006520116  1.087737E-14
4731.02896186189  1.038572E-14
4732.10785852262  1.071438E-14
4733.18675518335  1.138059E-14
4734.26565184409  1.150740E-14
4735.34454850481  1.133864E-14
4736.42344516554  1.086486E-14
4737.50234182627  1.093994E-14
4738.581238487  1.148779E-14
4739.66013514773  1.108776E-14
4740.73903180846  1.137447E-14
4741.81792846919  1.156703E-14
4742.89682512992  1.160669E-14
4743.97572179065  1.160648E-14
4745.05461845138  1.144578E-14
4746.13351511211  1.171432E-14
4747.21241177284  1.190336E-14
4748.29130843357  1.160314E-14
4749.3702050943  1.161604E-14
4750.44910175503  1.182718E-14
4751.52799841576  1.195406E-14
4752.60689507649  1.187680E-14
4753.68579173722  1.172712E-14
4754.76468839795  1.156000E-14
4755.84358505868  1.117760E-14
4756.92248171942  1.142749E-14
4758.00137838014  1.137465E-14
4759.08027504087  1.188515E-14
4760.1591717016  1.185675E-14
4761.23806836233  1.162733E-14
4762.31696502306  1.127947E-14
4763.39586168379  1.115074E-14
4764.47475834452  1.106053E-14
4765.55365500525  1.104085E-14
4766.63255166598  1.099128E-14
4767.71144832671  1.131380E-14
4768.79034498744  1.204469E-14
4769.86924164817  1.208789E-14
4770.9481383089  1.201802E-14
4772.02703496963  1.199808E-14
4773.10593163036  1.194148E-14
4774.18482829109  1.220075E-14
4775.26372495182  1.255617E-14
4776.34262161255  1.257004E-14
4777.42151827328  1.250921E-14
4778.50041493401  1.229893E-14
4779.57931159474  1.203051E-14
4780.65820825547  1.210122E-14
4781.7371049162  1.204818E-14
4782.81600157693  1.196651E-14
4783.89489823766  1.198401E-14
4784.97379489839  1.212961E-14
4786.05269155912  1.212378E-14
4787.13158821985  1.176748E-14
4788.21048488058  1.198896E-14
4789.28938154131  1.223191E-14
4790.36827820204  1.214792E-14
4791.44717486277  1.213983E-14
4792.5260715235  1.238166E-14
4793.60496818423  1.268489E-14
4794.68386484496  1.311861E-14
4795.76276150569  1.339990E-14
4796.84165816642  1.314048E-14
4797.92055482715  1.294757E-14
4798.99945148788  1.262820E-14
4800.07834814861  1.234397E-14
4801.15724480934  1.219095E-14
4802.23614147007  1.235596E-14
4803.3150381308  1.239614E-14
4804.39393479153  1.244345E-14
4805.47283145227  1.219318E-14
4806.55172811299  1.254200E-14
4807.63062477372  1.274777E-14
4808.70952143445  1.245614E-14
4809.78841809518  1.237643E-14
4810.86731475591  1.298842E-14
4811.94621141665  1.348842E-14
4813.02510807737  1.353725E-14
4814.1040047381  1.364141E-14
4815.18290139883  1.375429E-14
4816.26179805956  1.370327E-14
4817.34069472029  1.349018E-14
4818.41959138102  1.367249E-14
4819.49848804175  1.347827E-14
4820.57738470248  1.317663E-14
4821.65628136321  1.312434E-14
4822.73517802394  1.258557E-14
4823.81407468467  1.197614E-14
4824.8929713454  1.189302E-14
4825.97186800613  1.231111E-14
4827.05076466686  1.303045E-14
4828.12966132759  1.315619E-14
4829.20855798832  1.322294E-14
4830.28745464905  1.309201E-14
4831.36635130978  1.296545E-14
4832.44524797051  1.301618E-14
4833.52414463124  1.296880E-14
4834.60304129197  1.289263E-14
4835.6819379527  1.319647E-14
4836.76083461343  1.311574E-14
4837.83973127416  1.278770E-14
4838.91862793489  1.279989E-14
4839.99752459562  1.305839E-14
4841.07642125635  1.328185E-14
4842.15531791708  1.342397E-14
4843.23421457781  1.359407E-14
4844.31311123854  1.324762E-14
4845.39200789927  1.348222E-14
4846.47090456  1.370879E-14
4847.54980122074  1.326790E-14
4848.62869788146  1.302886E-14
4849.70759454219  1.310162E-14
4850.78649120292  1.352880E-14
4851.86538786365  1.397979E-14
4852.94428452438  1.380207E-14
4854.02318118511  1.326832E-14
4855.10207784584  1.225340E-14
4856.18097450657  1.045944E-14
4857.2598711673  7.336911E-15
4858.33876782803  4.355640E-15
4859.41766448876  2.799352E-15
4860.49656114949  3.185714E-15
4861.57545781022  5.292393E-15
4862.65435447095  7.757773E-15
4863.73325113168  1.010906E-14
4864.81214779241  1.178306E-14
4865.89104445314  1.274356E-14
4866.96994111387  1.270153E-14
4868.0488377746  1.323395E-14
4869.12773443533  1.359483E-14
4870.20663109606  1.320566E-14
4871.28552775679  1.305480E-14
4872.36442441752  1.312217E-14
4873.44332107825  1.307409E-14
4874.52221773898  1.295153E-14
4875.60111439971  1.265508E-14
4876.68001106045  1.298696E-14
4877.75890772117  1.341661E-14
4878.8378043819  1.341834E-14
4879.91670104263  1.360721E-14
4880.99559770336  1.356437E-14
4882.07449436409  1.364433E-14
4883.15339102482  1.366924E-14
4884.23228768555  1.305892E-14
4885.31118434628  1.277312E-14
4886.39008100701  1.322631E-14
4887.46897766774  1.338658E-14
4888.54787432847  1.338130E-14
4889.6267709892  1.332719E-14
4890.70566764993  1.324402E-14
4891.78456431066  1.327696E-14
4892.86346097139  1.353234E-14
4893.94235763212  1.390173E-14
4895.02125429285  1.411513E-14
4896.10015095358  1.443016E-14
4897.17904761431  1.473997E-14
4898.25794427504  1.431369E-14
4899.33684093577  1.379481E-14
4900.4157375965  1.389097E-14
4901.49463425723  1.377126E-14
4902.57353091796  1.411483E-14
4903.65242757869  1.434657E-14
4904.73132423942  1.451582E-14
4905.81022090015  1.476552E-14
4906.88911756088  1.461159E-14
4907.96801422161  1.419432E-14
4909.04691088234  1.390833E-14
4910.12580754307  1.375878E-14
4911.2047042038  1.334761E-14
4912.28360086453  1.336858E-14
4913.36249752526  1.391576E-14
4914.44139418599  1.427687E-14
4915.52029084672  1.434063E-14
4916.59918750745  1.456168E-14
4917.67808416818  1.404763E-14
4918.75698082891  1.262964E-14
4919.83587748964  1.096937E-14
4920.91477415037  9.353731E-15
4921.9936708111  8.990114E-15
4923.07256747183  1.007831E-14
4924.15146413256  1.123036E-14
4925.23036079329  1.264304E-14
4926.30925745402  1.353632E-14
4927.38815411475  1.410508E-14
4928.46705077548  1.466648E-14
4929.54594743621  1.430490E-14
4930.62484409694  1.496297E-14
4931.70374075767  1.434514E-14
4932.7826374184  1.325659E-14
4933.86153407913  1.349508E-14
4934.94043073986  1.336961E-14
4936.01932740059  1.326461E-14
4937.09822406132  1.325255E-14
4938.17712072205  1.371144E-14
4939.25601738278  1.404124E-14
4940.33491404351  1.440617E-14
4941.41381070424  1.452139E-14
4942.49270736497  1.527255E-14
4943.5716040257  1.565068E-14
4944.65050068643  1.525950E-14
4945.72939734716  1.508180E-14
4946.80829400789  1.501467E-14
4947.88719066862  1.482210E-14
4948.96608732936  1.527982E-14
4950.04498399008  1.509690E-14
4951.12388065081  1.506018E-14
4952.20277731154  1.494372E-14
4953.28167397227  1.500529E-14
4954.360570633  1.537725E-14
4955.43946729373  1.505651E-14
4956.51836395446  1.490176E-14
4957.5972606152  1.442967E-14
4958.67615727592  1.471710E-14
4959.75505393665  1.493619E-14
4960.83395059738  1.552375E-14
4961.91284725811  1.574690E-14
4962.99174391884  1.532024E-14
4964.07064057957  1.519287E-14
4965.1495372403  1.521896E-14
4966.22843390103  1.523443E-14
4967.30733056176  1.540820E-14
4968.38622722249  1.522759E-14
4969.46512388322  1.496499E-14
4970.54402054395  1.479103E-14
4971.62291720468  1.501736E-14
4972.70181386541  1.510939E-14
4973.78071052614  1.560648E-14
4974.85960718687  1.594284E-14
4975.9385038476  1.548524E-14
4977.01740050834  1.540050E-14
4978.09629716906  1.507470E-14
4979.17519382979  1.448255E-14
4980.25409049052  1.486391E-14
4981.33298715125  1.445658E-14
4982.41188381198  1.397935E-14
4983.49078047271  1.344357E-14
4984.56967713344  1.353812E-14
4985.64857379417  1.349166E-14
4986.7274704549  1.443131E-14
4987.80636711563  1.461136E-14
4988.88526377636  1.499246E-14
4989.9641604371  1.490435E-14
4991.04305709782  1.501472E-14
4992.12195375855  1.544115E-14
4993.20085041928  1.535357E-14
4994.27974708001  1.508907E-14
4995.35864374074  1.553605E-14
4996.43754040147  1.527778E-14
4997.5164370622  1.484029E-14
4998.59533372293  1.507415E-14
4999.67423038366  1.521361E-14
5000.75312704439  1.516047E-14
5001.83202370512  1.527352E-14
5002.91092036586  1.520087E-14
5003.98981702658  1.537518E-14
5005.06871368731  1.523812E-14
5006.14761034804  1.507718E-14
5007.22650700877  1.533894E-14
5008.3054036695  1.533894E-14
5009.38430033023  1.544063E-14
5010.46319699096  1.535341E-14
5011.54209365169  1.557950E-14
5012.62099031242  1.480919E-14
5013.69988697315  1.278681E-14
5014.77878363388  1.092072E-14
5015.85768029461  9.292256E-15
5016.93657695534  8.590888E-15
5018.01547361607  9.904936E-15
5019.0943702768  1.185895E-14
5020.17326693754  1.372987E-14
5021.25216359826  1.501413E-14
5022.33106025899  1.507769E-14
5023.40995691972  1.570070E-14
5024.48885358045  1.615812E-14
5025.56775024118  1.608911E-14
5026.64664690191  1.554744E-14
5027.72554356265  1.506372E-14
5028.80444022338  1.530865E-14
5029.88333688411  1.519176E-14
5030.96223354484  1.524552E-14
5032.04113020557  1.569648E-14
5033.1200268663  1.565922E-14
5034.19892352703  1.567465E-14
5035.27782018775  1.614925E-14
5036.35671684849  1.595291E-14
5037.43561350922  1.541203E-14
5038.51451016995  1.544709E-14
5039.59340683067  1.543792E-14
5040.67230349141  1.548398E-14
5041.75120015214  1.555076E-14
5042.83009681287  1.586329E-14
5043.9089934736  1.618738E-14
5044.98789013433  1.614938E-14
5046.06678679505  1.657792E-14
5047.14568345579  1.676700E-14
5048.22458011652  1.587527E-14
5049.30347677725  1.558564E-14
5050.38237343798  1.604283E-14
5051.4612700987  1.628258E-14
5052.54016675943  1.616004E-14
5053.61906342017  1.658652E-14
5054.6979600809  1.691507E-14
5055.77685674162  1.674988E-14
5056.85575340235  1.654219E-14
5057.93465006309  1.697991E-14
5059.01354672381  1.649491E-14
5060.09244338455  1.624556E-14
5061.17134004527  1.654224E-14
5062.25023670601  1.739920E-14
5063.32913336673  1.670559E-14
5064.40803002746  1.688844E-14
5065.48692668819  1.672997E-14
5066.56582334893  1.638348E-14
5067.64472000966  1.623578E-14
5068.72361667038  1.650648E-14
5069.80251333111  1.663498E-14
5070.88140999185  1.656140E-14
5071.96030665257  1.650680E-14
5073.0392033133  1.649280E-14
5074.11809997403  1.666318E-14
5075.19699663476  1.643576E-14
5076.2758932955  1.627319E-14
5077.35478995622  1.637710E-14
5078.43368661695  1.671368E-14
5079.51258327769  1.698828E-14
5080.59147993841  1.688965E-14
5081.67037659914  1.678420E-14
5082.74927325988  1.665610E-14
5083.82816992061  1.736525E-14
5084.90706658134  1.709827E-14
5085.98596324207  1.679573E-14
5087.0648599028  1.688458E-14
5088.14375656352  1.647737E-14
5089.22265322426  1.677447E-14
5090.30154988499  1.669152E-14
5091.38044654572  1.682851E-14
5092.45934320645  1.681010E-14
5093.53823986717  1.698689E-14
5094.6171365279  1.693923E-14
5095.69603318864  1.667715E-14
5096.77492984937  1.638735E-14
5097.85382651009  1.611168E-14
5098.93272317083  1.566997E-14
5100.01161983156  1.584741E-14
5101.09051649229  1.648052E-14
5102.16941315302  1.644555E-14
5103.24830981375  1.718683E-14
5104.32720647448  1.783787E-14
5105.40610313521  1.776530E-14
5106.48499979593  1.751870E-14
5107.56389645666  1.745385E-14
5108.6427931174  1.741200E-14
5109.72168977813  1.724253E-14
5110.80058643885  1.724005E-14
5111.87948309958  1.716987E-14
5112.95837976032  1.744308E-14
5114.03727642104  1.678446E-14
5115.11617308178  1.639657E-14
5116.1950697425  1.669205E-14
5117.27396640323  1.693782E-14
5118.35286306397  1.744873E-14
5119.4317597247  1.737317E-14
5120.51065638542  1.704597E-14
5121.58955304616  1.678404E-14
5122.66844970688  1.672586E-14
5123.74734636761  1.719293E-14
5124.82624302834  1.680454E-14
5125.90513968907  1.616748E-14
5126.9840363498  1.649061E-14
5128.06293301054  1.647860E-14
5129.14182967126  1.636399E-14
5130.22072633199  1.658290E-14
5131.29962299273  1.630594E-14
5132.37851965346  1.630705E-14
5133.45741631418  1.682624E-14
5134.53631297491  1.716704E-14
5135.61520963564  1.720587E-14
5136.69410629638  1.685000E-14
5137.77300295711  1.695821E-14
5138.85189961784  1.634094E-14
5139.93079627857  1.626995E-14
5141.00969293929  1.660570E-14
5142.08858960003  1.695709E-14
5143.16748626076  1.735599E-14
5144.24638292149  1.741241E-14
5145.32527958221  1.701959E-14
5146.40417624295  1.686472E-14
5147.48307290368  1.670934E-14
5148.56196956441  1.653798E-14
5149.64086622513  1.636919E-14
5150.71976288587  1.756253E-14
5151.7986595466  1.785397E-14
5152.87755620733  1.703978E-14
5153.95645286805  1.688616E-14
5155.03534952879  1.759226E-14
5156.11424618952  1.888669E-14
5157.19314285025  1.948066E-14
5158.27203951097  1.927322E-14
5159.3509361717  1.838285E-14
5160.42983283244  1.746757E-14
5161.50872949316  1.734570E-14
5162.58762615389  1.637567E-14
5163.66652281463  1.434307E-14
5164.74541947536  1.148651E-14
5165.82431613608  8.501147E-15
5166.90321279682  7.794239E-15
5167.98210945755  9.200585E-15
5169.06100611828  1.074209E-14
5170.139902779  1.288064E-14
5171.21879943973  1.370208E-14
5172.29769610047  1.517717E-14
5173.37659276119  1.637823E-14
5174.45548942192  1.741307E-14
5175.53438608265  1.837814E-14
5176.61328274339  1.869996E-14
5177.69217940411  1.847351E-14
5178.77107606484  1.718539E-14
5179.84997272558  1.431290E-14
5180.92886938631  1.197114E-14
5182.00776604703  1.208594E-14
5183.08666270776  1.301731E-14
5184.16555936849  1.440856E-14
5185.24445602923  1.549474E-14
5186.32335268996  1.646851E-14
5187.40224935068  1.675003E-14
5188.48114601141  1.684421E-14
5189.56004267214  1.695368E-14
5190.63893933288  1.767035E-14
5191.71783599361  1.720390E-14
5192.79673265434  1.701313E-14
5193.87562931507  1.682754E-14
5194.95452597579  1.722824E-14
5196.03342263653  1.730243E-14
5197.11231929726  1.680633E-14
5198.19121595798  1.742527E-14
5199.27011261872  1.787258E-14
5200.34900927945  1.796361E-14
5201.42790594018  1.744982E-14
5202.50680260091  1.666525E-14
5203.58569926164  1.586156E-14
5204.66459592237  1.482042E-14
5205.7434925831  1.419466E-14
5206.82238924382  1.426615E-14
5207.90128590455  1.477082E-14
5208.98018256529  1.611150E-14
5210.05907922602  1.790069E-14
5211.13797588675  1.879608E-14
5212.21687254748  1.867782E-14
5213.29576920821  1.839803E-14
5214.37466586893  1.876490E-14
5215.45356252967  1.884143E-14
5216.5324591904  1.829889E-14
5217.61135585112  1.852781E-14
5218.69025251186  1.920453E-14
5219.76914917259  1.933512E-14
5220.84804583331  1.904535E-14
5221.92694249404  1.868341E-14
5223.00583915478  1.822646E-14
5224.0847358155  1.773817E-14
5225.16363247624  1.693528E-14
5226.24252913696  1.610512E-14
5227.32142579769  1.673677E-14
5228.40032245843  1.714191E-14
5229.47921911915  1.755774E-14
5230.55811577988  1.759800E-14
5231.63701244062  1.726250E-14
5232.71590910135  1.666617E-14
5233.79480576208  1.666542E-14
5234.8737024228  1.707825E-14
5235.95259908353  1.714418E-14
5237.03149574426  1.792395E-14
5238.11039240499  1.866800E-14
5239.18928906572  1.842572E-14
5240.26818572645  1.871325E-14
5241.34708238719  1.878389E-14
5242.42597904791  1.885395E-14
5243.50487570864  1.900949E-14
5244.58377236938  1.901658E-14
5245.66266903011  1.914050E-14
5246.74156569083  1.959200E-14
5247.82046235157  1.859205E-14
5248.8993590123  1.848005E-14
5249.97825567303  1.849140E-14
5251.05715233376  1.870133E-14
5252.13604899449  1.903014E-14
5253.21494565522  1.846155E-14
5254.29384231594  1.887189E-14
5255.37273897667  1.853687E-14
5256.45163563741  1.892005E-14
5257.53053229814  1.965869E-14
5258.60942895887  2.044527E-14
5259.68832561959  2.063151E-14
5260.76722228033  2.012303E-14
5261.84611894106  1.899621E-14
5262.92501560178  1.766759E-14
5264.00391226252  1.698146E-14
5265.08280892325  1.660074E-14
5266.16170558398  1.669374E-14
5267.24060224471  1.717574E-14
5268.31949890543  1.732380E-14
5269.39839556617  1.819294E-14
5270.4772922269  1.883966E-14
5271.55618888762  1.909709E-14
5272.63508554835  1.820478E-14
5273.71398220909  1.699776E-14
5274.79287886981  1.641526E-14
5275.87177553054  1.725974E-14
5276.95067219127  1.797748E-14
5278.02956885201  1.804097E-14
5279.10846551273  1.842123E-14
5280.18736217347  1.855595E-14
5281.2662588342  1.864366E-14
5282.34515549493  1.830191E-14
5283.42405215565  1.884475E-14
5284.50294881638  1.914359E-14
5285.58184547711  1.979347E-14
5286.66074213785  1.986808E-14
5287.73963879857  1.976353E-14
5288.8185354593  1.981821E-14
5289.89743212004  1.954439E-14
5290.97632878076  1.968733E-14
5292.05522544149  1.988189E-14
5293.13412210223  1.957415E-14
5294.21301876295  1.947302E-14
5295.29191542368  1.934611E-14
5296.37081208441  1.898945E-14
5297.44970874514  1.870182E-14
5298.52860540587  1.865803E-14
5299.60750206661  1.925404E-14
5300.68639872734  1.892348E-14
5301.76529538806  1.847867E-14
5302.8441920488  1.925870E-14
5303.92308870953  1.961467E-14
5305.00198537026  1.956069E-14
5306.08088203099  1.927831E-14
5307.15977869172  1.942381E-14
5308.23867535244  1.997297E-14
5309.31757201318  2.048855E-14
5310.39646867391  2.036193E-14
5311.47536533464  1.914476E-14
5312.55426199537  1.843732E-14
5313.6331586561  1.745311E-14
5314.71205531683  1.758440E-14
5315.79095197756  1.790838E-14
5316.86984863829  1.862085E-14
5317.94874529902  1.913613E-14
5319.02764195974  1.948383E-14
5320.10653862048  1.949464E-14
5321.1854352812  1.919380E-14
5322.26433194194  1.940053E-14
5323.34322860266  1.900222E-14
5324.4221252634  1.913816E-14
5325.50102192413  1.907140E-14
5326.57991858486  1.969015E-14
5327.65881524558  2.017667E-14
5328.73771190632  1.983826E-14
5329.81660856705  1.991146E-14
5330.89550522777  2.088750E-14
5331.9744018885  2.123731E-14
5333.05329854924  2.066651E-14
5334.13219520997  2.066673E-14
5335.21109187069  1.979577E-14
5336.28998853142  1.946506E-14
5337.36888519215  1.882307E-14
5338.44778185289  1.990388E-14
5339.52667851361  2.013138E-14
5340.60557517434  2.012490E-14
5341.68447183508  2.010730E-14
5342.76336849581  2.025595E-14
5343.84226515653  2.023502E-14
5344.92116181726  2.011151E-14
5346.000058478  2.023951E-14
5347.07895513873  2.027376E-14
5348.15785179945  2.013853E-14
5349.23674846018  1.978014E-14
5350.31564512092  1.987828E-14
5351.39454178164  1.988069E-14
5352.47343844237  1.990839E-14
5353.55233510311  2.026823E-14
5354.63123176384  2.075145E-14
5355.71012842456  2.076492E-14
5356.7890250853  2.082091E-14
5357.86792174603  2.107548E-14
5358.94681840676  2.044465E-14
5360.02571506749  2.041702E-14
5361.10461172822  2.042361E-14
5362.18350838895  1.995441E-14
5363.26240504968  1.968282E-14
5364.34130171041  1.969417E-14
5365.42019837114  1.977640E-14
5366.49909503187  1.998142E-14
5367.5779916926  1.971820E-14
5368.65688835332  1.912491E-14
5369.73578501406  1.899495E-14
5370.81468167479  1.957642E-14
5371.89357833552  2.035521E-14
5372.97247499625  2.105459E-14
5374.05137165698  2.174317E-14
5375.13026831771  2.207078E-14
5376.20916497844  2.143149E-14
5377.28806163917  2.079877E-14
5378.36695829989  2.058916E-14
5379.44585496063  2.009141E-14
5380.52475162136  1.997727E-14
5381.60364828209  1.988249E-14
5382.68254494282  2.007451E-14
5383.76144160355  2.059229E-14
5384.84033826427  2.054670E-14
5385.91923492501  2.048617E-14
5386.99813158574  2.046627E-14
5388.07702824646  2.043694E-14
5389.1559249072  2.025525E-14
5390.23482156793  2.033531E-14
5391.31371822865  1.999308E-14
5392.39261488939  1.949078E-14
5393.47151155012  2.069670E-14
5394.55040821085  2.086271E-14
5395.62930487157  2.063258E-14
5396.7082015323  2.120051E-14
5397.78709819303  2.061212E-14
5398.86599485377  2.027101E-14
5399.94489151449  2.067649E-14
5401.02378817523  2.015566E-14
5402.10268483596  2.006789E-14
5403.18158149669  1.938832E-14
5404.26047815741  1.902558E-14
5405.33937481815  1.967441E-14
5406.41827147888  1.992694E-14
5407.49716813961  2.049576E-14
5408.57606480034  2.040957E-14
5409.65496146107  2.068541E-14
5410.7338581218  2.057846E-14
5411.81275478253  2.068013E-14
5412.89165144326  2.098205E-14
5413.97054810399  2.068382E-14
5415.04944476472  2.012514E-14
5416.12834142544  1.986583E-14
5417.20723808618  2.089226E-14
5418.28613474691  2.028899E-14
5419.36503140764  1.985811E-14
5420.44392806836  2.006389E-14
5421.5228247291  2.059703E-14
5422.60172138983  2.049490E-14
5423.68061805056  2.046391E-14
5424.75951471129  2.034711E-14
5425.83841137202  2.060081E-14
5426.91730803275  2.056877E-14
5427.99620469348  2.130240E-14
5429.07510135421  2.096157E-14
5430.15399801494  2.102902E-14
5431.23289467567  2.149826E-14
5432.31179133639  2.116835E-14
5433.39068799712  2.139509E-14
5434.46958465786  2.108194E-14
5435.54848131859  2.079302E-14
5436.62737797931  2.029283E-14
5437.70627464005  2.072290E-14
5438.78517130078  2.124333E-14
5439.86406796151  2.114400E-14
5440.94296462224  2.157358E-14
5442.02186128297  2.171451E-14
5443.1007579437  2.141620E-14
5444.17965460442  2.119642E-14
5445.25855126515  2.029985E-14
5446.33744792588  2.051525E-14
5447.41634458662  2.111196E-14
5448.49524124735  2.197109E-14
5449.57413790807  2.328585E-14
5450.65303456881  2.370422E-14
5451.73193122954  2.331422E-14
5452.81082789026  2.277772E-14
5453.889724551  2.263449E-14
5454.96862121172  2.252544E-14
5456.04751787246  2.252777E-14
5457.12641453319  2.272588E-14
5458.20531119391  2.305812E-14
5459.28420785464  2.329225E-14
5460.36310451538  2.274109E-14
5461.44200117611  2.239241E-14
5462.52089783684  2.246505E-14
5463.59979449757  2.166755E-14
5464.6786911583  2.204839E-14
5465.75758781903  2.219222E-14
5466.83648447976  2.201360E-14
5467.91538114049  2.275244E-14
5468.99427780121  2.300162E-14
5470.07317446195  2.265380E-14
5471.15207112268  2.203081E-14
5472.23096778341  2.178262E-14
5473.30986444414  2.191502E-14
5474.38876110487  2.169954E-14
5475.4676577656  2.162503E-14
5476.54655442633  2.139245E-14
5477.62545108706  2.130161E-14
5478.70434774779  2.210133E-14
5479.78324440852  2.169427E-14
5480.86214106925  2.164882E-14
5481.94103772998  2.224802E-14
5483.01993439071  2.216323E-14
5484.09883105144  2.207486E-14
5485.17772771217  2.250404E-14
5486.2566243729  2.202955E-14
5487.33552103363  2.157998E-14
5488.41441769436  2.137561E-14
5489.49331435509  2.200174E-14
5490.57221101582  2.195665E-14
5491.65110767654  2.200583E-14
5492.73000433727  2.239017E-14
5493.80890099801  2.157676E-14
5494.88779765874  2.236520E-14
5495.96669431947  2.250866E-14
5497.04559098019  2.283817E-14
5498.12448764092  2.294215E-14
5499.20338430166  2.351346E-14
5500.28228096239  2.338225E-14
5501.36117762311  2.365429E-14
5502.44007428385  2.320119E-14
5503.51897094458  2.284582E-14
5504.59786760531  2.278073E-14
5505.67676426603  2.297771E-14
5506.75566092677  2.353232E-14
5507.8345575875  2.352709E-14
5508.91345424822  2.288841E-14
5509.99235090895  2.261399E-14
5511.07124756968  2.205036E-14
5512.15014423042  2.279007E-14
5513.22904089114  2.312307E-14
5514.30793755187  2.354644E-14
5515.38683421261  2.412183E-14
5516.46573087334  2.299242E-14
5517.54462753406  2.269390E-14
5518.6235241948  2.338122E-14
5519.70242085553  2.350192E-14
5520.78131751626  2.310441E-14
5521.86021417699  2.295750E-14
5522.93911083772  2.341611E-14
5524.01800749845  2.343537E-14
5525.09690415918  2.358215E-14
5526.17580081991  2.339840E-14
5527.25469748064  2.207633E-14
5528.33359414137  2.128658E-14
5529.4124908021  2.171669E-14
5530.49138746282  2.208468E-14
5531.57028412356  2.197637E-14
5532.64918078429  2.223271E-14
5533.72807744501  2.251166E-14
5534.80697410575  2.250637E-14
5535.88587076648  2.256044E-14
5536.96476742721  2.239016E-14
5538.04366408794  2.276957E-14
5539.12256074866  2.345573E-14
5540.2014574094  2.301134E-14
5541.28035407013  2.318228E-14
5542.35925073086  2.349638E-14
5543.43814739159  2.295238E-14
5544.51704405232  2.226541E-14
5545.59594071304  2.196834E-14
5546.67483737377  2.273896E-14
5547.75373403451  2.282398E-14
5548.83263069524  2.330194E-14
5549.91152735596  2.352339E-14
5550.9904240167  2.357639E-14
5552.06932067743  2.311270E-14
5553.14821733816  2.284480E-14
5554.22711399889  2.313069E-14
5555.30601065962  2.312481E-14
5556.38490732034  2.338982E-14
5557.46380398108  2.405488E-14
5558.5427006418  2.337863E-14
5559.62159730253  2.302761E-14
5560.70049396327  2.304074E-14
5561.779390624  2.283394E-14
5562.85828728472  2.248985E-14
5563.93718394546  2.273612E-14
5565.01608060619  2.326377E-14
5566.09497726691  2.283696E-14
5567.17387392765  2.302087E-14
5568.25277058837  2.305556E-14
5569.3316672491  2.306800E-14
5570.41056390984  2.298878E-14
5571.48946057057  2.314438E-14
5572.5683572313  2.246177E-14
5573.64725389203  2.267815E-14
5574.72615055276  2.331493E-14
5575.80504721349  2.378133E-14
5576.88394387422  2.399258E-14
5577.96284053495  2.389806E-14
5579.04173719568  2.349172E-14
5580.12063385641  2.371085E-14
5581.19953051714  2.306514E-14
5582.27842717787  2.262877E-14
5583.3573238386  2.278921E-14
5584.43622049933  2.331399E-14
5585.51511716006  2.281733E-14
5586.59401382079  2.219156E-14
5587.67291048152  2.220925E-14
5588.75180714225  2.173060E-14
5589.83070380298  2.140417E-14
5590.90960046371  2.250511E-14
5591.98849712444  2.293077E-14
5593.06739378517  2.212779E-14
5594.14629044589  2.177607E-14
5595.22518710663  2.195506E-14
5596.30408376736  2.247414E-14
5597.38298042809  2.316125E-14
5598.46187708881  2.342350E-14
5599.54077374955  2.372130E-14
5600.61967041028  2.351091E-14
5601.69856707101  2.303762E-14
5602.77746373174  2.269741E-14
5603.85636039247  2.316137E-14
5604.9352570532  2.425245E-14
5606.01415371392  2.465472E-14
5607.09305037465  2.481262E-14
5608.17194703539  2.475773E-14
5609.25084369612  2.466863E-14
5610.32974035684  2.429008E-14
5611.40863701757  2.413522E-14
5612.48753367831  2.443752E-14
5613.56643033904  2.404105E-14
5614.64532699976  2.309572E-14
5615.72422366049  2.310330E-14
5616.80312032123  2.290342E-14
5617.88201698196  2.324228E-14
5618.96091364269  2.345229E-14
5620.03981030341  2.361054E-14
5621.11870696415  2.350257E-14
5622.19760362487  2.425958E-14
5623.2765002856  2.408609E-14
5624.35539694634  2.350982E-14
5625.43429360707  2.335751E-14
5626.5131902678  2.379765E-14
5627.59208692853  2.424479E-14
5628.67098358926  2.417812E-14
5629.74988024999  2.516890E-14
5630.82877691071  2.489041E-14
5631.90767357145  2.466939E-14
5632.98657023218  2.453021E-14
5634.06546689291  2.435217E-14
5635.14436355364  2.409662E-14
5636.22326021437  2.388856E-14
5637.3021568751  2.416053E-14
5638.38105353583  2.436308E-14
5639.45995019656  2.458655E-14
5640.53884685728  2.327670E-14
5641.61774351802  2.361131E-14
5642.69664017875  2.372664E-14
5643.77553683948  2.415364E-14
5644.85443350021  2.451147E-14
5645.93333016094  2.434517E-14
5647.01222682166  2.471758E-14
5648.0911234824  2.498486E-14
5649.17002014313  2.432493E-14
5650.24891680386  2.404178E-14
5651.32781346459  2.407906E-14
5652.40671012532  2.357481E-14
5653.48560678604  2.443663E-14
5654.56450344678  2.404600E-14
5655.64340010751  2.333776E-14
5656.72229676824  2.323519E-14
5657.80119342897  2.229580E-14
5658.88009008969  2.236584E-14
5659.95898675042  2.307537E-14
5661.03788341116  2.329727E-14
5662.11678007189  2.350795E-14
5663.19567673262  2.340601E-14
5664.27457339335  2.390427E-14
5665.35347005408  2.423147E-14
5666.43236671481  2.346823E-14
5667.51126337554  2.358515E-14
5668.59016003627  2.360007E-14
5669.669056697  2.406861E-14
5670.74795335772  2.474394E-14
5671.82685001846  2.458654E-14
5672.90574667919  2.513301E-14
5673.98464333992  2.526899E-14
5675.06354000064  2.484231E-14
5676.14243666138  2.496309E-14
5677.22133332211  2.505969E-14
5678.30022998284  2.495183E-14
5679.37912664357  2.512983E-14
5680.4580233043  2.504717E-14
5681.53691996503  2.423470E-14
5682.61581662576  2.378003E-14
5683.69471328649  2.357611E-14
5684.77360994722  2.365079E-14
5685.85250660795  2.386754E-14
5686.93140326868  2.349057E-14
5688.01029992941  2.321145E-14
5689.08919659014  2.343998E-14
5690.16809325087  2.383868E-14
5691.2469899116  2.439734E-14
5692.32588657233  2.468377E-14
5693.40478323306  2.410720E-14
5694.48367989379  2.464785E-14
5695.56257655452  2.545469E-14
5696.64147321525  2.530908E-14
5697.72036987598  2.532287E-14
5698.79926653671  2.497667E-14
5699.87816319744  2.469231E-14
5700.95705985817  2.459509E-14
5702.0359565189  2.445772E-14
5703.11485317963  2.480504E-14
5704.19374984036  2.438011E-14
5705.27264650109  2.410528E-14
5706.35154316182  2.396816E-14
5707.43043982254  2.409407E-14
5708.50933648328  2.390154E-14
5709.58823314401  2.397896E-14
5710.66712980474  2.444203E-14
5711.74602646547  2.461970E-14
5712.8249231262  2.466572E-14
5713.90381978693  2.450897E-14
5714.98271644766  2.449188E-14
5716.06161310839  2.532854E-14
5717.14050976911  2.505272E-14
5718.21940642985  2.589214E-14
5719.29830309058  2.511963E-14
5720.3771997513  2.530577E-14
5721.45609641204  2.545609E-14
5722.53499307277  2.569532E-14
5723.61388973349  2.581319E-14
5724.69278639423  2.542890E-14
5725.77168305496  2.612951E-14
5726.85057971569  2.640448E-14
5727.92947637642  2.553750E-14
5729.00837303714  2.562157E-14
5730.08726969787  2.570137E-14
5731.16616635861  2.540614E-14
5732.24506301934  2.511924E-14
5733.32395968007  2.540072E-14
5734.4028563408  2.575081E-14
5735.48175300153  2.574843E-14
5736.56064966226  2.561456E-14
5737.63954632299  2.589171E-14
5738.71844298372  2.561306E-14
5739.79733964445  2.556727E-14
5740.87623630518  2.612467E-14
5741.95513296591  2.588819E-14
5743.03402962664  2.558907E-14
5744.11292628737  2.575491E-14
5745.1918229481  2.553497E-14
5746.27071960883  2.558667E-14
5747.34961626956  2.550865E-14
5748.42851293029  2.527153E-14
5749.50740959102  2.620049E-14
5750.58630625175  2.566703E-14
5751.66520291248  2.478067E-14
5752.74409957321  2.486588E-14
5753.82299623394  2.448930E-14
5754.90189289467  2.460053E-14
5755.9807895554  2.532333E-14
5757.05968621613  2.594959E-14
5758.13858287686  2.598085E-14
5759.21747953759  2.608048E-14
5760.29637619832  2.630784E-14
5761.37527285905  2.639827E-14
5762.45416951978  2.629498E-14
5763.53306618051  2.627396E-14
5764.61196284124  2.706141E-14
5765.69085950197  2.702807E-14
5766.7697561627  2.719835E-14
5767.84865282342  2.709532E-14
5768.92754948416  2.624059E-14
5770.00644614489  2.655104E-14
5771.08534280562  2.673813E-14
5772.16423946634  2.680284E-14
5773.24313612708  2.672838E-14
5774.32203278781  2.637509E-14
5775.40092944854  2.622111E-14
5776.47982610926  2.650057E-14
5777.55872277  2.708747E-14
5778.63761943073  2.614333E-14
5779.71651609146  2.535413E-14
5780.79541275219  2.453209E-14
5781.87430941292  2.482043E-14
5782.95320607365  2.502833E-14
5784.03210273437  2.576682E-14
5785.1109993951  2.570972E-14
5786.18989605584  2.557648E-14
5787.26879271657  2.666654E-14
5788.3476893773  2.679292E-14
5789.42658603803  2.605691E-14
5790.50548269876  2.598762E-14
5791.58437935949  2.564104E-14
5792.66327602022  2.578395E-14
5793.74217268095  2.607965E-14
5794.82106934168  2.657026E-14
5795.89996600241  2.576630E-14
5796.97886266314  2.513124E-14
5798.05775932387  2.530244E-14
5799.1366559846  2.598294E-14
5800.21555264533  2.654373E-14
5801.29444930605  2.638138E-14
5802.37334596679  2.646856E-14
5803.45224262752  2.720080E-14
5804.53113928825  2.630163E-14
5805.61003594898  2.610348E-14
5806.68893260971  2.643085E-14
5807.76782927044  2.602612E-14
5808.84672593117  2.639183E-14
5809.9256225919  2.692513E-14
5811.00451925263  2.765636E-14
5812.08341591336  2.730096E-14
5813.16231257409  2.843492E-14
5814.24120923482  2.857662E-14
5815.32010589555  2.798441E-14
5816.39900255628  2.783880E-14
5817.47789921701  2.796750E-14
5818.55679587774  2.877392E-14
5819.63569253847  2.842433E-14
5820.71458919919  2.814731E-14
5821.79348585993  2.818839E-14
5822.87238252066  2.884618E-14
5823.95127918139  2.864488E-14
5825.03017584212  2.800024E-14
5826.10907250285  2.783370E-14
5827.18796916358  2.864227E-14
5828.26686582431  2.835756E-14
5829.34576248504  2.800220E-14
5830.42465914576  2.865484E-14
5831.5035558065  2.862322E-14
5832.58245246723  2.809174E-14
5833.66134912796  2.776040E-14
5834.74024578869  2.796603E-14
5835.81914244942  2.774175E-14
5836.89803911014  2.750926E-14
5837.97693577088  2.801689E-14
5839.05583243161  2.795389E-14
5840.13472909234  2.774158E-14
5841.21362575307  2.818280E-14
5842.2925224138  2.768934E-14
5843.37141907453  2.716373E-14
5844.45031573526  2.775663E-14
5845.52921239599  2.772698E-14
5846.60810905672  2.761241E-14
5847.68700571745  2.752356E-14
5848.76590237818  2.736525E-14
5849.84479903891  2.703249E-14
5850.92369569964  2.714454E-14
5852.00259236037  2.681213E-14
5853.0814890211  2.644501E-14
5854.16038568183  2.672506E-14
5855.23928234256  2.699816E-14
5856.31817900329  2.661427E-14
5857.39707566402  2.630701E-14
5858.47597232475  2.704331E-14
5859.55486898548  2.705702E-14
5860.63376564621  2.710976E-14
5861.71266230694  2.691785E-14
5862.79155896767  2.788845E-14
5863.8704556284  2.853939E-14
5864.94935228913  2.872112E-14
5866.02824894986  2.847447E-14
5867.10714561059  2.929736E-14
5868.18604227132  2.898303E-14
5869.26493893204  2.929601E-14
5870.34383559278  2.853944E-14
5871.42273225351  2.819082E-14
5872.50162891424  2.841873E-14
5873.58052557497  2.874303E-14
5874.6594222357  2.791580E-14
5875.73831889643  2.772188E-14
5876.81721555716  2.701106E-14
5877.89611221788  2.801286E-14
5878.97500887862  2.754722E-14
5880.05390553935  2.777138E-14
5881.13280220008  2.743228E-14
5882.2116988608  2.675978E-14
5883.29059552154  2.539892E-14
5884.36949218227  1.996169E-14
5885.44838884299  1.139155E-14
5886.52728550373  5.502384E-15
5887.60618216446  3.093202E-15
5888.68507882519  5.209756E-15
5889.76397548592  7.415596E-15
5890.84287214664  7.540258E-15
5891.92176880738  5.833957E-15
5893.00066546811  3.695800E-15
5894.07956212884  4.577417E-15
5895.15845878957  8.952350E-15
5896.2373554503  1.469916E-14
5897.31625211103  2.074731E-14
5898.39514877176  2.463003E-14
5899.47404543249  2.661670E-14
5900.55294209322  2.684453E-14
5901.63183875395  2.751825E-14
5902.71073541468  2.780594E-14
5903.78963207541  2.820995E-14
5904.86852873614  2.845968E-14
5905.94742539687  2.786341E-14
5907.0263220576  2.822231E-14
5908.10521871833  2.843746E-14
5909.18411537906  2.801585E-14
5910.26301203979  2.779479E-14
5911.34190870052  2.864451E-14
5912.42080536125  2.880464E-14
5913.49970202198  2.845258E-14
5914.57859868271  2.827995E-14
5915.65749534344  2.865348E-14
5916.73639200417  2.945046E-14
5917.8152886649  2.888054E-14
5918.89418532563  2.826625E-14
5919.97308198636  2.802746E-14
5921.05197864709  2.834647E-14
5922.13087530782  2.934671E-14
5923.20977196855  2.901224E-14
5924.28866862928  2.819930E-14
5925.36756529001  2.828550E-14
5926.44646195074  2.880983E-14
5927.52535861147  2.933132E-14
5928.6042552722  2.862549E-14
5929.68315193293  2.804418E-14
5930.76204859366  2.879154E-14
5931.84094525439  2.840412E-14
5932.91984191512  2.835976E-14
5933.99873857585  2.894410E-14
5935.07763523658  2.949661E-14
5936.15653189731  2.948970E-14
5937.23542855804  2.944212E-14
5938.31432521877  2.973666E-14
5939.3932218795  2.953545E-14
5940.47211854023  2.914359E-14
5941.55101520096  2.831908E-14
5942.62991186169  2.723634E-14
5943.70880852241  2.837343E-14
5944.78770518315  2.848042E-14
5945.86660184387  2.802998E-14
5946.94549850461  2.828021E-14
5948.02439516534  2.815576E-14
5949.10329182607  2.840119E-14
5950.1821884868  2.928524E-14
5951.26108514753  2.859603E-14
5952.33998180826  2.887849E-14
5953.41887846899  2.932938E-14
5954.49777512972  3.006483E-14
5955.57667179045  3.021459E-14
5956.65556845118  3.040707E-14
5957.73446511191  2.980116E-14
5958.81336177264  2.946337E-14
5959.89225843337  2.926468E-14
5960.9711550941  2.949622E-14
5962.05005175483  2.965321E-14
5963.12894841556  2.995325E-14
5964.20784507629  2.992766E-14
5965.28674173702  2.963854E-14
5966.36563839775  2.946439E-14
5967.44453505848  2.935432E-14
5968.52343171921  2.891130E-14
5969.60232837994  2.967141E-14
5970.68122504067  2.969111E-14
5971.7601217014  3.008036E-14
5972.83901836213  3.040749E-14
5973.91791502286  3.060737E-14
5974.99681168359  2.935980E-14
5976.07570834432  2.900567E-14
5977.15460500505  2.934696E-14
5978.23350166578  2.984297E-14
5979.31239832651  3.066408E-14
5980.39129498724  3.002966E-14
5981.47019164797  2.993695E-14
5982.5490883087  3.006525E-14
5983.62798496943  2.906101E-14
5984.70688163016  2.890032E-14
5985.78577829089  2.988633E-14
5986.86467495162  2.981326E-14
5987.94357161235  2.948050E-14
5989.02246827308  3.019989E-14
5990.10136493381  3.020613E-14
5991.18026159453  3.027072E-14
5992.25915825527  2.990978E-14
5993.338054916  2.998595E-14
5994.41695157673  2.917930E-14
5995.49584823746  2.891908E-14
5996.57474489819  2.954946E-14
5997.65364155892  2.937507E-14
5998.73253821965  2.951109E-14
5999.81143488038  3.047992E-14
6000.89033154111  3.042189E-14
6001.96922820184  2.963206E-14
6003.04812486257  2.954449E-14
6004.1270215233  2.972140E-14
6005.20591818403  2.995012E-14
6006.28481484476  3.022411E-14
6007.36371150549  3.004663E-14
6008.44260816622  2.977923E-14
6009.52150482695  3.015830E-14
6010.60040148768  3.008485E-14
6011.67929814841  2.983925E-14
6012.75819480914  2.984123E-14
6013.83709146987  2.973271E-14
6014.9159881306  3.002976E-14
6015.99488479133  3.018830E-14
6017.07378145206  2.998056E-14
6018.15267811279  2.995554E-14
6019.23157477352  3.002734E-14
6020.31047143425  2.932748E-14
6021.38936809498  2.869218E-14
6022.46826475571  2.943966E-14
6023.54716141644  3.038478E-14
6024.62605807717  3.006422E-14
6025.7049547379  2.947550E-14
6026.78385139863  2.958645E-14
6027.86274805936  2.997764E-14
6028.94164472009  3.083352E-14
6030.02054138082  3.050769E-14
6031.09943804155  3.046740E-14
6032.17833470228  3.087346E-14
6033.25723136301  3.066405E-14
6034.33612802374  3.050374E-14
6035.41502468447  3.051814E-14
6036.4939213452  3.086991E-14
6037.57281800593  3.087926E-14
6038.65171466665  3.131661E-14
6039.73061132739  3.096565E-14
6040.80950798812  3.065014E-14
6041.88840464885  3.061608E-14
6042.96730130958  3.108456E-14
6044.04619797031  3.085927E-14
6045.12509463104  3.064671E-14
6046.20399129177  3.086039E-14
6047.2828879525  3.073956E-14
6048.36178461323  3.050452E-14
6049.44068127396  3.089309E-14
6050.51957793469  3.112331E-14
6051.59847459542  3.096767E-14
6052.67737125615  3.113472E-14
6053.75626791688  3.012522E-14
6054.83516457761  3.053687E-14
6055.91406123833  3.126423E-14
6056.99295789907  3.137531E-14
6058.0718545598  3.089544E-14
6059.15075122053  3.122986E-14
6060.22964788126  3.106886E-14
6061.30854454199  3.034109E-14
6062.38744120272  3.071669E-14
6063.46633786345  3.139219E-14
6064.54523452418  3.156152E-14
6065.62413118491  3.158535E-14
6066.70302784564  3.130049E-14
6067.78192450637  3.151221E-14
6068.8608211671  3.184567E-14
6069.93971782783  3.200977E-14
6071.01861448856  3.081262E-14
6072.09751114929  3.149530E-14
6073.17640781002  3.247655E-14
6074.25530447075  3.164930E-14
6075.33420113148  3.199051E-14
6076.41309779221  3.091268E-14
6077.49199445294  3.067433E-14
6078.57089111367  3.040733E-14
6079.6497877744  3.157058E-14
6080.72868443513  3.165749E-14
6081.80758109586  3.180435E-14
6082.88647775659  3.259879E-14
6083.96537441732  3.224413E-14
6085.04427107805  3.147096E-14
6086.12316773878  3.168095E-14
6087.20206439951  3.114913E-14
6088.28096106024  3.136630E-14
6089.35985772097  3.195927E-14
6090.4387543817  3.193510E-14
6091.51765104243  3.140209E-14
6092.59654770316  3.149631E-14
6093.67544436389  3.095011E-14
6094.75434102462  3.130880E-14
6095.83323768535  3.183630E-14
6096.91213434608  3.180480E-14
6097.99103100681  3.193776E-14
6099.06992766754  3.157466E-14
6100.14882432827  3.138712E-14
6101.227720989  3.048243E-14
6102.30661764973  2.997017E-14
6103.38551431046  3.042869E-14
6104.46441097119  3.141321E-14
6105.54330763192  3.210421E-14
6106.62220429265  3.197806E-14
6107.70110095338  3.265485E-14
6108.77999761411  3.241571E-14
6109.85889427484  3.212643E-14
6110.93779093557  3.258500E-14
6112.0166875963  3.169267E-14
6113.09558425703  3.195080E-14
6114.17448091776  3.218861E-14
6115.25337757849  3.294548E-14
6116.33227423922  3.275578E-14
6117.41117089995  3.176646E-14
6118.49006756068  3.273578E-14
6119.56896422141  3.297762E-14
6120.64786088214  3.236475E-14
6121.72675754287  3.208790E-14
6122.8056542036  3.145265E-14
6123.88455086433  3.130091E-14
6124.96344752506  3.230539E-14
6126.04234418579  3.240975E-14
6127.12124084652  3.230138E-14
6128.20013750725  3.209854E-14
6129.27903416798  3.167722E-14
6130.35793082871  3.258188E-14
6131.43682748944  3.277671E-14
6132.51572415017  3.287677E-14
6133.5946208109  3.262822E-14
6134.67351747163  3.205922E-14
6135.75241413236  3.261434E-14
6136.83131079309  3.271609E-14
6137.91020745382  3.292831E-14
6138.98910411455  3.279895E-14
6140.06800077527  3.230397E-14
6141.14689743601  3.125720E-14
6142.22579409674  3.130066E-14
6143.30469075747  3.161809E-14
6144.3835874182  3.141895E-14
6145.46248407893  3.123864E-14
6146.54138073966  3.163924E-14
6147.62027740039  3.162873E-14
6148.69917406112  3.138174E-14
6149.77807072185  3.228699E-14
6150.85696738258  3.284435E-14
6151.93586404331  3.268662E-14
6153.01476070403  3.279233E-14
6154.09365736477  3.215373E-14
6155.1725540255  3.237989E-14
6156.25145068623  3.216338E-14
6157.33034734696  3.307227E-14
6158.40924400769  3.348305E-14
6159.48814066842  3.425615E-14
6160.56703732915  3.345091E-14
6161.64593398988  3.306424E-14
6162.72483065061  3.346549E-14
6163.80372731134  3.417730E-14
6164.88262397207  3.464742E-14
6165.9615206328  3.517611E-14
6167.04041729353  3.556578E-14
6168.11931395426  3.525106E-14
6169.19821061499  3.457781E-14
6170.27710727572  3.376015E-14
6171.35600393645  3.475733E-14
6172.43490059718  3.485198E-14
6173.51379725791  3.478308E-14
6174.59269391864  3.393069E-14
6175.67159057937  3.451431E-14
6176.7504872401  3.393354E-14
6177.82938390083  3.450284E-14
6178.90828056156  3.456363E-14
6179.98717722229  3.409177E-14
6181.06607388302  3.546775E-14
6182.14497054375  3.512918E-14
6183.22386720448  3.547129E-14
6184.30276386521  3.532787E-14
6185.38166052594  3.433273E-14
6186.46055718667  3.498734E-14
6187.5394538474  3.531171E-14
6188.61835050813  3.515772E-14
6189.69724716886  3.503356E-14
6190.77614382959  3.660520E-14
6191.85504049032  3.724233E-14
6192.93393715105  3.646718E-14
6194.01283381178  3.494351E-14
6195.09173047251  3.468734E-14
6196.17062713324  3.640645E-14
6197.24952379397  3.564058E-14
6198.3284204547  3.664658E-14
6199.40731711543  3.606234E-14
6200.48621377616  3.526136E-14
6201.56511043689  3.438154E-14
6202.64400709762  3.509768E-14
6203.72290375835  3.558444E-14
6204.80180041908  3.447417E-14
6205.88069707981  3.532280E-14
6206.95959374054  3.551736E-14
6208.03849040127  3.618826E-14
6209.117387062  3.605617E-14
6210.19628372273  3.598636E-14
6211.27518038346  3.657272E-14
6212.35407704419  3.603375E-14
6213.43297370492  3.632834E-14
6214.51187036565  3.707188E-14
6215.59076702638  3.744806E-14
6216.6696636871  3.733781E-14
6217.74856034784  3.645545E-14
6218.82745700857  3.560870E-14
6219.9063536693  3.626118E-14
6220.98525033003  3.755880E-14
6222.06414699076  3.723010E-14
6223.14304365149  3.737797E-14
6224.22194031222  3.731642E-14
6225.30083697295  3.777492E-14
6226.37973363368  3.650770E-14
6227.45863029441  3.679747E-14
6228.53752695514  3.654726E-14
6229.61642361587  3.692582E-14
6230.6953202766  3.692029E-14
6231.77421693733  3.681467E-14
6232.85311359806  3.659160E-14
6233.93201025879  3.640861E-14
6235.01090691952  3.706162E-14
6236.08980358025  3.709541E-14
6237.16870024098  3.704330E-14
6238.24759690171  3.676123E-14
6239.32649356244  3.593002E-14
6240.40539022317  3.619562E-14
6241.4842868839  3.727491E-14
6242.56318354463  3.661894E-14
6243.64208020536  3.525995E-14
6244.72097686609  3.492634E-14
6245.79987352682  3.481980E-14
6246.87877018755  3.436303E-14
6247.95766684828  3.563435E-14
6249.03656350901  3.608584E-14
6250.11546016974  3.618378E-14
6251.19435683047  3.655396E-14
6252.2732534912  3.648055E-14
6253.35215015192  3.682699E-14
6254.43104681266  3.660837E-14
6255.50994347339  3.665439E-14
6256.58884013412  3.604700E-14
6257.66773679485  3.657568E-14
6258.74663345558  3.768015E-14
6259.82553011631  3.683309E-14
6260.90442677704  3.701301E-14
6261.98332343777  3.766931E-14
6263.0622200985  3.722969E-14
6264.14111675923  3.650340E-14
6265.22001341996  3.642131E-14
6266.29891008069  3.703456E-14
6267.37780674142  3.737606E-14
6268.45670340215  3.682950E-14
6269.53560006288  3.682173E-14
6270.61449672361  3.695496E-14
6271.69339338434  3.585911E-14
6272.77229004507  3.604058E-14
6273.8511867058  3.676100E-14
6274.93008336653  3.687515E-14
6276.00898002726  3.727248E-14
6277.08787668799  3.602256E-14
6278.16677334872  3.440717E-14
6279.24567000945  3.460505E-14
6280.32456667018  3.499643E-14
6281.40346333091  3.451925E-14
6282.48235999164  3.396494E-14
6283.56125665237  3.422767E-14
6284.6401533131  3.443507E-14
6285.71904997383  3.447076E-14
6286.79794663456  3.508195E-14
6287.87684329529  3.635270E-14
6288.95573995602  3.565101E-14
6290.03463661675  3.489448E-14
6291.11353327748  3.573681E-14
6292.19242993821  3.606314E-14
6293.27132659894  3.573467E-14
6294.35022325967  3.703312E-14
6295.4291199204  4.028934E-14
6296.50801658113  4.593036E-14
6297.58691324186  4.856727E-14
6298.66580990259  4.737935E-14
6299.74470656332  4.281511E-14
6300.82360322405  3.863206E-14
6301.90249988478  3.737950E-14
6302.98139654551  3.680397E-14
6304.06029320624  3.563761E-14
6305.13918986697  3.682752E-14
6306.2180865277  3.718379E-14
6307.29698318843  3.660499E-14
6308.37587984916  3.765375E-14
6309.45477650989  3.637926E-14
6310.53367317062  3.656453E-14
6311.61256983135  3.726473E-14
6312.69146649208  3.630717E-14
6313.77036315281  3.665210E-14
6314.84925981354  3.640373E-14
6315.92815647427  3.638206E-14
6317.007053135  3.566927E-14
6318.08594979573  3.541810E-14
6319.16484645646  3.519139E-14
6320.24374311719  3.548445E-14
6321.32263977792  3.590575E-14
6322.40153643865  3.462315E-14
6323.48043309938  3.575198E-14
6324.55932976011  3.727962E-14
6325.63822642084  3.707238E-14
6326.71712308157  3.661203E-14
6327.7960197423  3.592790E-14
6328.87491640303  3.696132E-14
6329.95381306376  3.731465E-14
6331.03270972449  3.776617E-14
6332.11160638522  3.745409E-14
6333.19050304595  3.793559E-14
6334.26939970668  3.679192E-14
6335.34829636741  3.650244E-14
6336.42719302814  3.661635E-14
6337.50608968887  3.685919E-14
6338.5849863496  3.725698E-14
6339.66388301033  3.659926E-14
6340.74277967106  3.555735E-14
6341.82167633179  3.669765E-14
6342.90057299252  3.625695E-14
6343.97946965325  3.623253E-14
6345.05836631398  3.634078E-14
6346.13726297471  3.633426E-14
6347.21615963544  3.488184E-14
6348.29505629617  3.558749E-14
6349.3739529569  3.689925E-14
6350.45284961763  3.747996E-14
6351.53174627836  3.748160E-14
6352.61064293909  3.702833E-14
6353.68953959982  3.671182E-14
6354.76843626055  3.708792E-14
6355.84733292128  3.715707E-14
6356.92622958201  3.717898E-14
6358.00512624274  3.826818E-14
6359.08402290347  3.896827E-14
6360.1629195642  4.008962E-14
6361.24181622493  3.953373E-14
6362.32071288566  3.875239E-14
6363.39960954639  3.792497E-14
6364.47850620712  3.698198E-14
6365.55740286785  3.729156E-14
6366.63629952858  3.711379E-14
6367.71519618931  3.773101E-14
6368.79409285004  3.803880E-14
6369.87298951077  3.590952E-14
6370.9518861715  3.707320E-14
6372.03078283223  3.579600E-14
6373.10967949296  3.663297E-14
6374.18857615369  3.700705E-14
6375.26747281442  3.626416E-14
6376.34636947515  3.721290E-14
6377.42526613588  3.704154E-14
6378.50416279661  3.639624E-14
6379.58305945734  3.657857E-14
6380.66195611807  3.650940E-14
6381.7408527788  3.767444E-14
6382.81974943953  3.787349E-14
6383.89864610026  3.740816E-14
6384.97754276099  3.648727E-14
6386.05643942172  3.688293E-14
6387.13533608245  3.756746E-14
6388.21423274318  3.796560E-14
6389.29312940391  3.767337E-14
6390.37202606464  3.729834E-14
6391.45092272537  3.691642E-14
6392.5298193861  3.765871E-14
6393.60871604683  3.768514E-14
6394.68761270756  3.784732E-14
6395.76650936829  3.850623E-14
6396.84540602902  3.817868E-14
6397.92430268975  3.701595E-14
6399.00319935048  3.773034E-14
6400.08209601121  3.774156E-14
6401.16099267194  3.795019E-14
6402.23988933267  3.856256E-14
6403.3187859934  3.840371E-14
6404.39768265413  3.814016E-14
6405.47657931486  3.644317E-14
6406.55547597559  3.584848E-14
6407.63437263632  3.799251E-14
6408.71326929705  3.707128E-14
6409.79216595778  3.708740E-14
6410.87106261851  3.652578E-14
6411.94995927924  3.628859E-14
6413.02885593997  3.664863E-14
6414.1077526007  3.698425E-14
6415.18664926143  3.603530E-14
6416.26554592216  3.627495E-14
6417.34444258289  3.582369E-14
6418.42333924362  3.633557E-14
6419.50223590435  3.826966E-14
6420.58113256508  3.664611E-14
6421.66002922581  3.759639E-14
6422.73892588654  3.838036E-14
6423.81782254727  3.828649E-14
6424.896719208  3.843938E-14
6425.97561586873  3.930995E-14
6427.05451252945  3.817510E-14
6428.13340919019  3.688040E-14
6429.21230585092  3.773158E-14
6430.29120251165  3.792013E-14
6431.37009917238  3.906447E-14
6432.44899583311  3.900112E-14
6433.52789249384  3.982437E-14
6434.60678915457  3.922154E-14
6435.6856858153  3.838742E-14
6436.76458247603  3.814680E-14
6437.84347913676  3.714465E-14
6438.92237579749  3.664939E-14
6440.00127245822  3.618933E-14
6441.08016911895  3.519508E-14
6442.15906577968  3.674043E-14
6443.23796244041  3.798784E-14
6444.31685910114  3.836425E-14
6445.39575576187  3.890730E-14
6446.4746524226  3.873198E-14
6447.55354908333  3.769548E-14
6448.63244574406  3.778455E-14
6449.71134240479  3.715701E-14
6450.79023906552  3.715073E-14
6451.86913572625  3.777965E-14
6452.94803238698  3.792482E-14
6454.02692904771  3.687818E-14
6455.10582570844  3.518285E-14
6456.18472236917  3.480820E-14
6457.2636190299  3.771029E-14
6458.34251569063  3.812369E-14
6459.42141235136  3.790321E-14
6460.50030901209  3.788878E-14
6461.57920567282  3.709966E-14
6462.65810233355  3.625876E-14
6463.73699899428  3.676338E-14
6464.81589565501  3.783993E-14
6465.89479231574  3.773159E-14
6466.97368897647  3.757882E-14
6468.0525856372  3.778294E-14
6469.13148229793  3.727691E-14
6470.21037895866  3.654827E-14
6471.28927561939  3.655396E-14
6472.36817228012  3.711318E-14
6473.44706894085  3.627752E-14
6474.52596560158  3.792763E-14
6475.60486226231  3.697295E-14
6476.68375892304  3.741400E-14
6477.76265558377  3.874263E-14
6478.8415522445  3.962793E-14
6479.92044890523  3.874730E-14
6480.99934556596  4.006959E-14
6482.07824222669  3.801380E-14
6483.15713888742  3.780722E-14
6484.23603554815  3.754947E-14
6485.31493220888  3.855387E-14
6486.39382886961  3.872518E-14
6487.47272553034  3.869742E-14
6488.55162219107  3.863578E-14
6489.6305188518  3.793547E-14
6490.70941551253  3.778819E-14
6491.78831217326  3.708353E-14
6492.86720883399  3.696647E-14
6493.94610549472  3.689232E-14
6495.02500215545  3.687709E-14
6496.10389881618  3.625609E-14
6497.18279547691  3.585697E-14
6498.26169213764  3.697108E-14
6499.34058879837  3.803914E-14
6500.4194854591  3.892624E-14
6501.49838211983  3.864695E-14
6502.57727878056  4.017740E-14
6503.65617544129  3.987509E-14
6504.73507210202  3.947972E-14
6505.81396876275  3.862782E-14
6506.89286542348  3.954589E-14
6507.97176208421  3.972327E-14
6509.05065874494  3.861850E-14
6510.12955540567  3.931122E-14
6511.2084520664  3.868916E-14
6512.28734872713  3.888406E-14
6513.36624538786  3.887366E-14
6514.44514204859  3.851491E-14
6515.52403870932  3.976518E-14
6516.60293537005  3.838657E-14
6517.68183203078  3.921428E-14
6518.76072869151  3.865353E-14
6519.83962535224  3.785440E-14
6520.91852201297  3.869567E-14
6521.9974186737  3.971554E-14
6523.07631533443  4.008449E-14
6524.15521199516  3.921127E-14
6525.23410865589  3.914955E-14
6526.31300531662  3.869478E-14
6527.39190197735  3.773743E-14
6528.47079863808  3.707073E-14
6529.54969529881  3.814668E-14
6530.62859195954  3.922609E-14
6531.70748862027  3.844994E-14
6532.786385281  3.852877E-14
6533.86528194173  3.957908E-14
6534.94417860246  3.895411E-14
6536.02307526319  3.955906E-14
6537.10197192392  3.962669E-14
6538.18086858465  4.073686E-14
6539.25976524538  3.955597E-14
6540.33866190611  3.911964E-14
6541.41755856684  3.903526E-14
6542.49645522757  3.931712E-14
6543.5753518883  3.952082E-14
6544.65424854903  3.897979E-14
6545.73314520976  4.001490E-14
6546.81204187049  4.053603E-14
6547.89093853122  3.950123E-14
6548.96983519195  3.976508E-14
6550.04873185268  4.063764E-14
6551.12762851341  4.117043E-14
6552.20652517414  4.129426E-14
6553.28542183487  4.106457E-14
6554.3643184956  4.101702E-14
6555.44321515633  3.851833E-14
6556.52211181706  3.093009E-14
6557.60100847779  2.014595E-14
6558.67990513852  1.602244E-14
6559.75880179925  1.217285E-14
6560.83769845998  2.174045E-14
6561.91659512071  5.020531E-14
6562.99549178144  7.337120E-14
6564.07438844217  7.687209E-14
6565.1532851029  6.730066E-14
6566.23218176363  5.702855E-14
6567.31107842436  5.072472E-14
6568.38997508509  4.622768E-14
6569.46887174582  4.392024E-14
6570.54776840655  4.132995E-14
6571.62666506728  4.281948E-14
6572.70556172801  4.370199E-14
6573.78445838874  4.271572E-14
6574.86335504947  4.189353E-14
6575.9422517102  4.187815E-14
6577.02114837093  4.299864E-14
6578.10004503166  4.300787E-14
6579.17894169239  4.337095E-14
6580.25783835312  4.342623E-14
6581.33673501385  4.312487E-14
6582.41563167458  4.371501E-14
6583.49452833531  4.318977E-14
6584.57342499604  4.148307E-14
6585.65232165677  4.365365E-14
6586.7312183175  4.182918E-14
6587.81011497823  4.173230E-14
6588.88901163895  4.215627E-14
6589.96790829969  4.209120E-14
6591.04680496042  4.118533E-14
6592.12570162115  4.226716E-14
6593.20459828188  4.285272E-14
6594.28349494261  4.359424E-14
6595.36239160334  4.389395E-14
6596.44128826407  4.247698E-14
6597.52018492479  4.069535E-14
6598.59908158553  4.260209E-14
6599.67797824626  4.290962E-14
6600.75687490699  4.285564E-14
6601.83577156772  4.384828E-14
6602.91466822845  4.203188E-14
6603.99356488918  4.127660E-14
6605.07246154991  4.223680E-14
6606.15135821064  4.204249E-14
6607.23025487137  4.318370E-14
6608.3091515321  4.316078E-14
6609.38804819283  4.256574E-14
6610.46694485356  4.346204E-14
6611.54584151429  4.341254E-14
6612.62473817502  4.379051E-14
6613.70363483575  4.151888E-14
6614.78253149648  4.239971E-14
6615.86142815721  4.308234E-14
6616.94032481794  4.296864E-14
6618.01922147867  4.433164E-14
6619.0981181394  4.448512E-14
6620.17701480013  4.383889E-14
6621.25591146086  4.303246E-14
6622.33480812159  4.416086E-14
6623.41370478232  4.356208E-14
6624.49260144305  4.320882E-14
6625.57149810378  4.392748E-14
6626.65039476451  4.292161E-14
6627.72929142524  4.452136E-14
6628.80818808597  4.486340E-14
6629.8870847467  4.364742E-14
6630.96598140743  4.359464E-14
6632.04487806816  4.369912E-14
6633.12377472889  4.203859E-14
6634.20267138962  4.271661E-14
6635.28156805035  4.331404E-14
6636.36046471108  4.403338E-14
6637.43936137181  4.509024E-14
6638.51825803254  4.482457E-14
6639.59715469327  4.422043E-14
6640.676051354  4.505367E-14
6641.75494801473  4.432084E-14
6642.83384467546  4.272398E-14
6643.91274133619  4.378073E-14
6644.99163799692  4.320393E-14
6646.07053465765  4.298014E-14
6647.14943131838  4.345408E-14
6648.22832797911  4.343389E-14
6649.30722463984  4.429407E-14
6650.38612130057  4.375228E-14
6651.4650179613  4.470042E-14
6652.54391462203  4.419766E-14
6653.62281128276  4.278685E-14
6654.70170794349  4.261484E-14
6655.78060460422  4.355009E-14
6656.85950126495  4.349091E-14
6657.93839792568  4.334701E-14
6659.01729458641  4.350591E-14
6660.09619124714  4.311692E-14
6661.17508790787  4.244483E-14
6662.2539845686  4.333647E-14
6663.33288122933  4.387318E-14
6664.41177789006  4.291865E-14
6665.49067455079  4.280946E-14
6666.56957121152  4.382041E-14
6667.64846787225  4.402211E-14
6668.72736453298  4.255255E-14
6669.80626119371  4.155708E-14
6670.88515785444  4.229526E-14
6671.96405451517  4.319996E-14
6673.0429511759  4.243289E-14
6674.12184783663  4.211034E-14
6675.20074449736  4.400113E-14
6676.27964115809  4.475526E-14
6677.35853781882  4.347339E-14
6678.43743447955  4.333587E-14
6679.51633114028  4.332297E-14
6680.59522780101  4.212441E-14
6681.67412446174  4.382872E-14
6682.75302112247  4.458552E-14
6683.8319177832  4.369659E-14
6684.91081444393  4.323262E-14
6685.98971110466  4.480495E-14
6687.06860776539  4.328447E-14
6688.14750442612  4.249694E-14
6689.22640108685  4.394671E-14
6690.30529774758  4.332734E-14
6691.38419440831  4.294696E-14
6692.46309106904  4.233965E-14
6693.54198772977  4.377329E-14
6694.6208843905  4.336626E-14
6695.69978105123  4.407025E-14
6696.77867771196  4.268257E-14
6697.85757437269  4.348128E-14
6698.93647103342  4.253880E-14
6700.01536769415  4.012206E-14
6701.09426435488  4.139343E-14
6702.17316101561  4.209237E-14
6703.25205767634  4.180110E-14
6704.33095433707  4.283616E-14
6705.4098509978  4.164744E-14
6706.48874765853  3.967521E-14
6707.56764431926  3.982522E-14
6708.64654097999  4.036693E-14
6709.72543764072  4.058810E-14
6710.80433430145  4.031037E-14
6711.88323096218  4.144944E-14
6712.96212762291  4.175937E-14
6714.04102428364  4.227927E-14
6715.11992094437  4.167795E-14
6716.1988176051  4.209489E-14
6717.27771426583  4.138195E-14
6718.35661092656  4.062118E-14
6719.43550758729  4.069917E-14
6720.51440424802  4.004880E-14
6721.59330090875  4.138886E-14
6722.67219756948  4.258679E-14
6723.75109423021  4.168289E-14
6724.82999089094  4.189630E-14
6725.90888755167  4.176965E-14
6726.9877842124  4.255670E-14
6728.06668087313  4.329335E-14
6729.14557753386  4.236450E-14
6730.22447419459  4.331838E-14
6731.30337085532  4.313194E-14
6732.38226751605  4.224684E-14
6733.46116417678  4.008504E-14
6734.54006083751  4.051228E-14
6735.61895749824  4.053332E-14
6736.69785415897  4.173022E-14
6737.7767508197  4.121056E-14
6738.85564748043  4.004447E-14
6739.93454414116  4.083987E-14
6741.01344080189  4.025016E-14
6742.09233746262  4.093189E-14
6743.17123412335  3.998815E-14
6744.25013078408  4.032179E-14
6745.32902744481  3.924160E-14
6746.40792410554  3.922938E-14
6747.48682076627  4.111051E-14
6748.565717427  3.962169E-14
6749.64461408773  3.928487E-14
6750.72351074846  3.994385E-14
6751.80240740919  3.810754E-14
6752.88130406992  3.949665E-14
6753.96020073065  4.020057E-14
6755.03909739138  4.098529E-14
6756.11799405211  3.977792E-14
6757.19689071284  3.870419E-14
6758.27578737357  3.990518E-14
6759.3546840343  4.000091E-14
6760.43358069503  3.965020E-14
6761.51247735576  3.969455E-14
6762.59137401649  4.070864E-14
6763.67027067722  3.997341E-14
6764.74916733795  3.734905E-14
6765.82806399868  3.826272E-14
6766.90696065941  3.880021E-14
6767.98585732014  3.848709E-14
6769.06475398087  3.831777E-14
6770.1436506416  3.740541E-14
6771.22254730233  3.880296E-14
6772.30144396306  3.878932E-14
6773.38034062379  3.794016E-14
6774.45923728452  3.839314E-14
6775.53813394525  3.768540E-14
6776.61703060598  3.604591E-14
6777.69592726671  3.614611E-14
6778.77482392744  3.741072E-14
6779.85372058817  3.731909E-14
6780.9326172489  3.690293E-14
6782.01151390963  3.640403E-14
6783.09041057036  3.614843E-14
6784.16930723109  3.743839E-14
6785.24820389182  3.760275E-14
6786.32710055255  3.713112E-14
6787.40599721328  3.677367E-14
6788.48489387401  3.564890E-14
6789.56379053474  3.698752E-14
6790.64268719547  3.758718E-14
6791.7215838562  3.818443E-14
6792.80048051693  3.693612E-14
6793.87937717766  3.594099E-14
6794.95827383839  3.622355E-14
6796.03717049912  3.615997E-14
6797.11606715985  3.578208E-14
6798.19496382058  3.574632E-14
6799.27386048131  3.648007E-14
6800.35275714204  3.667433E-14
6801.43165380277  3.660632E-14
6802.5105504635  3.527980E-14
6803.58944712423  3.601767E-14
6804.66834378496  3.459288E-14
6805.74724044569  3.541831E-14
6806.82613710642  3.490613E-14
6807.90503376715  3.499636E-14
6808.98393042788  3.500641E-14
6810.06282708861  3.497810E-14
6811.14172374934  3.504830E-14
6812.22062041007  3.570807E-14
6813.2995170708  3.635627E-14
6814.37841373153  3.494926E-14
6815.45731039226  3.620974E-14
6816.53620705299  3.575145E-14
6817.61510371372  3.621293E-14
6818.69400037445  3.561739E-14
6819.77289703518  3.576545E-14
6820.85179369591  3.562860E-14
6821.93069035664  3.547029E-14
6823.00958701737  3.586871E-14
6824.0884836781  3.565912E-14
