      1.41065  5.57480e-14  9.19665e-16
      1.41087  9.12428e-14  1.24731e-15
      1.41108  9.50781e-14  1.48808e-15
      1.41130  4.72647e-14  1.01463e-15
      1.41152  3.77096e-14  7.27542e-16
      1.41174  6.09789e-14  7.74438e-16
      1.41195  8.68311e-14  1.03555e-15
      1.41217  6.02146e-14  9.06065e-16
      1.41239  2.75006e-14  4.71465e-16
      1.41261  3.52403e-14  3.59736e-16
      1.41282  6.08449e-14  3.95016e-16
      1.41304  9.57915e-14  5.38120e-16
      1.41326  1.38074e-13  9.00987e-16
      1.41348  1.59408e-13  1.54308e-15
      1.41369  1.34622e-13  2.29057e-15
      1.41391  1.18436e-13  3.41884e-15
      1.41413  1.48997e-13  7.30997e-15
      1.41435  1.23086e-13  1.48001e-14
      1.41456  2.87313e-14  9.88092e-15
      1.41478  2.66764e-14  5.67276e-15
      1.41500  3.64951e-14  3.53613e-15
      1.41522  2.64506e-14  1.66939e-15
      1.41543  2.00478e-14  6.78292e-16
      1.41565  2.84953e-14  4.27488e-16
      1.41587  4.02703e-14  3.50116e-16
      1.41609  5.93292e-14  3.71507e-16
      1.41630  8.72732e-14  4.71933e-16
      1.41652  1.07060e-13  6.29396e-16
      1.41674  9.82994e-14  7.34499e-16
      1.41696  7.65152e-14  7.15283e-16
      1.41717  7.71769e-14  7.70811e-16
      1.41739  7.17742e-14  7.93251e-16
      1.41761  5.52452e-14  7.08016e-16
      1.41783  4.39783e-14  5.49277e-16
      1.41805  4.73281e-14  4.82176e-16
      1.41826  7.22401e-14  5.82072e-16
      1.41848  1.25971e-13  1.08988e-15
      1.41870  3.98686e-13  1.50398e-14
      1.41892  1.13133e-12  1.00882e-13
      1.41913  4.33880e-13  9.63011e-14
      1.41935 -3.64642e-14  7.64338e-15
      1.41957 -1.04086e-14  2.87823e-15
      1.41979  1.14403e-14  1.17068e-15
      1.42000  3.74709e-14  7.50668e-16
      1.42022  7.00077e-14  8.23972e-16
      1.42044  6.95758e-14  7.81537e-16
      1.42066  5.08712e-14  6.05018e-16
      1.42087  4.93892e-14  5.20085e-16
      1.42109  6.29065e-14  5.35337e-16
      1.42131  6.48205e-14  5.00498e-16
      1.42153  5.53567e-14  4.18351e-16
      1.42174  5.59468e-14  3.70190e-16
      1.42196  5.88550e-14  3.46344e-16
      1.42218  7.23797e-14  3.85038e-16
      1.42240  9.55615e-14  5.13844e-16
      1.42261  1.13455e-13  7.17946e-16
      1.42283  1.13619e-13  9.60628e-16
      1.42305  9.29829e-14  1.04871e-15
      1.42327  6.97498e-14  1.00016e-15
      1.42348  5.98132e-14  9.37051e-16
      1.42370  4.64046e-14  8.18303e-16
      1.42392  2.88923e-14  4.24048e-16
      1.42414  3.60349e-14  3.35801e-16
      1.42435  5.83468e-14  3.52079e-16
      1.42457  8.14023e-14  4.07362e-16
      1.42479  9.23169e-14  4.77928e-16
      1.42501  9.82929e-14  5.94042e-16
      1.42523  1.08607e-13  7.92813e-16
      1.42544  1.00204e-13  9.42671e-16
      1.42566  4.43834e-14  5.47043e-16
      1.42588  2.90570e-14  3.13663e-16
      1.42610  4.06788e-14  2.80267e-16
      1.42631  5.91791e-14  3.06209e-16
      1.42653  8.14417e-14  3.74692e-16
      1.42675  1.05131e-13  5.12979e-16
      1.42697  1.19106e-13  7.03333e-16
      1.42718  1.01658e-13  8.15877e-16
      1.42740  7.33859e-14  9.59001e-16
      1.42762  5.62126e-14  1.05837e-15
      1.42784  6.92828e-14  1.28144e-15
      1.42805  8.35000e-14  1.31681e-15
      1.42827  8.08796e-14  1.53364e-15
      1.42849  4.96472e-14  9.83342e-16
      1.42871  2.68038e-14  4.13727e-16
      1.42892  3.23563e-14  2.94249e-16
      1.42914  5.54960e-14  3.28126e-16
      1.42936  8.41005e-14  4.20283e-16
      1.42958  8.77624e-14  4.70631e-16
      1.42979  5.42701e-14  3.36455e-16
      1.43001  4.36778e-14  2.41152e-16
      1.43023  5.77697e-14  2.38938e-16
      1.43045  8.53091e-14  2.99319e-16
      1.43066  1.24426e-13  4.46312e-16
      1.43088  1.68168e-13  7.63309e-16
      1.43110  1.73379e-13  1.21302e-15
      1.43132  1.16550e-13  1.38319e-15
      1.43153  6.56014e-14  1.09469e-15
      1.43175  4.42262e-14  9.05052e-16
      1.43197  5.64770e-14  7.75545e-16
      1.43219  7.49328e-14  8.76489e-16
      1.43240  5.14068e-14  7.14670e-16
      1.43262  3.34423e-14  4.58048e-16
      1.43284  3.60942e-14  3.18520e-16
      1.43306  5.08002e-14  2.90576e-16
      1.43327  7.62079e-14  3.54895e-16
      1.43349  1.02286e-13  4.86273e-16
      1.43371  1.13846e-13  6.53892e-16
      1.43393  1.03288e-13  7.93704e-16
      1.43414  7.59243e-14  8.05512e-16
      1.43436  3.73433e-14  4.95483e-16
      1.43458  3.55671e-14  3.54074e-16
      1.43480  5.40491e-14  3.53925e-16
      1.43501  6.46911e-14  3.56228e-16
      1.43523  6.11092e-14  3.23882e-16
      1.43545  6.44040e-14  3.19198e-16
      1.43567  8.91763e-14  4.08091e-16
      1.43589  1.09270e-13  5.51522e-16
      1.43610  7.87347e-14  4.94984e-16
      1.43632  4.88519e-14  3.41238e-16
      1.43654  6.01945e-14  3.42402e-16
      1.43676  9.56097e-14  4.87679e-16
      1.43697  1.46134e-13  8.53661e-16
      1.43719  1.72557e-13  1.49595e-15
      1.43741  1.18627e-13  1.81226e-15
      1.43763  3.36376e-14  8.71007e-16
      1.43784  2.07605e-14  4.11270e-16
      1.43806  3.62458e-14  3.31320e-16
      1.43828  5.18343e-14  3.00497e-16
      1.43850  6.15754e-14  2.94478e-16
      1.43871  7.63710e-14  3.31634e-16
      1.43893  9.93572e-14  4.22561e-16
      1.43915  1.16243e-13  5.91024e-16
      1.43937  7.62044e-14  5.56366e-16
      1.43958  4.29883e-14  3.68880e-16
      1.43980  4.53270e-14  2.93001e-16
      1.44002  6.60095e-14  3.18460e-16
      1.44024  8.18305e-14  3.65333e-16
      1.44045  8.20194e-14  3.94202e-16
      1.44067  7.78899e-14  4.12096e-16
      1.44089  8.56459e-14  4.75710e-16
      1.44111  9.56683e-14  5.77758e-16
      1.44132  6.81169e-14  5.04401e-16
      1.44154  4.51985e-14  3.57043e-16
      1.44176  5.31465e-14  3.33098e-16
      1.44198  7.02008e-14  3.66690e-16
      1.44219  8.01396e-14  4.13250e-16
      1.44241  8.82113e-14  4.78058e-16
      1.44263  8.35666e-14  5.23366e-16
      1.44285  4.77647e-14  3.57051e-16
      1.44306  3.83389e-14  2.48132e-16
      1.44328  5.57681e-14  2.50944e-16
      1.44350  7.76042e-14  2.85272e-16
      1.44372  9.64550e-14  3.49491e-16
      1.44393  1.01080e-13  4.15043e-16
      1.44415  7.69925e-14  3.80225e-16
      1.44437  5.40097e-14  2.94856e-16
      1.44459  5.96514e-14  2.89185e-16
      1.44480  9.01564e-14  3.96838e-16
      1.44502  1.39488e-13  7.03084e-16
      1.44524  1.75232e-13  1.33620e-15
      1.44546  1.20442e-13  1.72260e-15
      1.44567  2.96601e-14  7.80765e-16
      1.44589  2.42260e-14  4.05015e-16
      1.44611  3.56843e-14  2.82640e-16
      1.44633  5.49315e-14  2.85224e-16
      1.44654  8.43763e-14  3.76031e-16
      1.44676  1.04581e-13  4.94177e-16
      1.44698  7.65437e-14  4.32344e-16
      1.44720  4.16134e-14  2.51945e-16
      1.44741  4.20411e-14  2.01808e-16
      1.44763  5.96640e-14  2.16853e-16
      1.44785  7.95717e-14  2.58664e-16
      1.44807  8.64092e-14  2.89006e-16
      1.44828  8.12163e-14  2.94181e-16
      1.44850  7.24569e-14  2.74240e-16
      1.44872  6.55751e-14  2.51349e-16
      1.44894  6.49422e-14  2.39355e-16
      1.44915  8.03265e-14  2.67916e-16
      1.44937  1.02416e-13  3.46795e-16
      1.44959  1.16598e-13  4.56930e-16
      1.44981  1.31425e-13  6.37849e-16
      1.45002  1.56344e-13  1.01756e-15
      1.45024  1.78230e-13  1.77136e-15
      1.45046  1.28941e-13  2.35834e-15
      1.45068  5.12559e-14  1.57603e-15
      1.45089  1.58142e-14  4.45716e-16
      1.45111  2.15628e-14  2.39833e-16
      1.45133  4.50982e-14  2.48335e-16
      1.45155  7.83361e-14  3.21090e-16
      1.45176  1.03960e-13  4.22380e-16
      1.45198  8.00824e-14  3.81468e-16
      1.45220  5.19961e-14  2.60258e-16
      1.45242  6.13720e-14  2.55446e-16
      1.45263  8.20040e-14  3.03962e-16
      1.45285  7.92340e-14  3.02544e-16
      1.45307  6.00870e-14  2.42234e-16
      1.45329  5.46510e-14  2.01950e-16
      1.45350  6.28900e-14  2.02378e-16
      1.45372  7.34264e-14  2.15969e-16
      1.45394  8.37248e-14  2.46971e-16
      1.45416  8.12021e-14  2.56052e-16
      1.45437  7.35744e-14  2.44168e-16
      1.45459  7.89305e-14  2.61204e-16
      1.45481  1.01696e-13  3.49965e-16
      1.45503  1.11281e-13  4.45478e-16
      1.45524  6.97856e-14  3.46912e-16
      1.45546  4.70475e-14  2.40055e-16
      1.45568  5.42761e-14  2.22805e-16
      1.45590  6.79036e-14  2.55073e-16
      1.45611  6.82802e-14  2.51943e-16
      1.45633  6.57639e-14  2.23054e-16
      1.45655  7.17191e-14  2.30995e-16
      1.45677  7.81240e-14  2.45510e-16
      1.45698  7.60814e-14  2.48616e-16
      1.45720  7.69664e-14  2.58706e-16
      1.45742  7.82348e-14  2.68440e-16
      1.45764  6.51408e-14  2.29808e-16
      1.45785  5.92973e-14  1.99355e-16
      1.45807  6.95614e-14  2.02971e-16
      1.45829  8.03967e-14  2.22071e-16
      1.45851  8.06484e-14  2.23529e-16
      1.45872  7.74435e-14  2.16481e-16
      1.45894  7.48513e-14  2.14852e-16
      1.45916  7.47964e-14  2.08420e-16
      1.45938  8.14388e-14  2.26081e-16
      1.45959  9.37867e-14  2.68425e-16
      1.45981  1.08870e-13  3.38938e-16
      1.46003  1.07129e-13  3.93109e-16
      1.46025  7.14294e-14  3.18369e-16
      1.46046  5.05220e-14  2.27970e-16
      1.46068  6.29925e-14  2.31944e-16
      1.46090  9.02026e-14  2.91993e-16
      1.46112  9.65065e-14  3.32399e-16
      1.46133  7.34900e-14  2.89312e-16
      1.46155  5.59009e-14  2.25545e-16
      1.46177  5.61815e-14  2.06019e-16
      1.46199  6.44138e-14  2.05749e-16
      1.46220  7.87512e-14  2.31254e-16
      1.46242  9.60935e-14  2.84568e-16
      1.46264  1.19722e-13  3.92145e-16
      1.46286  1.27456e-13  5.19295e-16
      1.46307  7.18216e-14  3.93663e-16
      1.46329  3.47969e-14  2.17248e-16
      1.46351  4.59040e-14  1.98660e-16
      1.46373  6.06141e-14  1.99485e-16
      1.46394  6.65069e-14  1.94140e-16
      1.46416  6.89953e-14  1.87734e-16
      1.46438  7.87614e-14  2.01090e-16
      1.46459  9.80176e-14  2.49859e-16
      1.46481  1.20995e-13  3.41611e-16
      1.46503  1.07382e-13  3.73782e-16
      1.46525  6.03761e-14  2.61878e-16
      1.46546  5.99311e-14  2.38370e-16
      1.46568  8.90436e-14  2.95122e-16
      1.46590  1.09648e-13  3.71404e-16
      1.46612  1.04186e-13  4.17748e-16
      1.46633  8.61883e-14  4.04776e-16
      1.46655  7.85901e-14  3.90039e-16
      1.46677  6.49891e-14  3.28389e-16
      1.46699  5.53485e-14  2.65685e-16
      1.46720  6.05359e-14  2.57759e-16
      1.46742  7.45438e-14  2.85062e-16
      1.46764  6.98174e-14  2.66271e-16
      1.46786  5.76057e-14  2.19752e-16
      1.46807  6.06581e-14  2.09764e-16
      1.46829  6.76745e-14  2.12570e-16
      1.46851  7.13932e-14  2.15770e-16
      1.46873  8.34668e-14  2.46357e-16
      1.46894  1.04469e-13  3.24407e-16
      1.46916  1.17324e-13  4.31577e-16
      1.46938  9.06430e-14  4.27546e-16
      1.46960  5.18583e-14  2.87950e-16
      1.46981  5.17914e-14  2.48072e-16
      1.47003  8.29403e-14  3.23425e-16
      1.47025  1.40417e-13  5.43655e-16
      1.47047  1.81102e-13  9.51184e-16
      1.47068  1.05624e-13  8.83057e-16
      1.47090  3.24788e-14  3.64079e-16
      1.47112  3.11162e-14  2.33430e-16
      1.47134  4.95701e-14  2.35238e-16
      1.47155  6.70815e-14  2.57615e-16
      1.47177  8.68865e-14  3.10855e-16
      1.47199  1.11301e-13  4.32734e-16
      1.47221  1.03468e-13  4.96007e-16
      1.47242  4.86599e-14  2.78296e-16
      1.47264  4.47909e-14  2.12969e-16
      1.47286  6.80679e-14  2.43212e-16
      1.47307  8.41250e-14  2.80202e-16
      1.47329  9.26556e-14  3.23812e-16
      1.47351  8.50132e-14  3.18089e-16
      1.47373  6.01828e-14  2.39687e-16
      1.47394  4.80120e-14  1.79650e-16
      1.47416  5.80303e-14  1.75639e-16
      1.47438  7.19890e-14  1.89400e-16
      1.47460  7.41553e-14  1.86330e-16
      1.47481  7.41952e-14  1.84320e-16
      1.47503  8.47035e-14  2.06390e-16
      1.47525  1.06343e-13  2.69962e-16
      1.47547  1.24682e-13  3.68218e-16
      1.47568  9.38851e-14  3.52658e-16
      1.47590  5.16986e-14  2.58185e-16
      1.47612  5.32904e-14  2.00026e-16
      1.47634  8.09383e-14  2.56070e-16
      1.47655  1.09889e-13  3.47063e-16
      1.47677  9.28396e-14  3.45789e-16
      1.47699  5.37334e-14  2.32283e-16
      1.47721  5.81615e-14  2.18279e-16
      1.47742  9.46633e-14  3.04263e-16
      1.47764  1.20198e-13  4.26373e-16
      1.47786  7.08275e-14  3.18099e-16
      1.47808  4.09085e-14  1.87263e-16
      1.47829  5.18805e-14  1.73707e-16
      1.47851  7.58747e-14  2.05541e-16
      1.47873  9.28693e-14  2.41168e-16
      1.47894  1.00021e-13  2.78802e-16
      1.47916  9.58186e-14  2.99557e-16
      1.47938  7.49134e-14  2.67408e-16
      1.47960  6.51298e-14  2.45411e-16
      1.47981  8.42825e-14  2.99016e-16
      1.48003  1.15546e-13  4.19667e-16
      1.48025  9.31297e-14  4.21957e-16
      1.48047  4.40425e-14  2.33824e-16
      1.48068  3.91710e-14  1.68265e-16
      1.48090  5.54011e-14  1.67892e-16
      1.48112  8.12834e-14  2.08595e-16
      1.48134  1.11573e-13  2.91844e-16
      1.48155  1.12926e-13  3.52103e-16
      1.48177  8.11343e-14  3.12378e-16
      1.48199  5.41773e-14  2.16295e-16
      1.48221  5.24650e-14  1.81869e-16
      1.48242  5.99645e-14  1.75581e-16
      1.48264  7.56628e-14  2.00575e-16
      1.48286  8.23815e-14  2.11050e-16
      1.48307  7.75841e-14  2.10934e-16
      1.48329  6.82968e-14  1.89976e-16
      1.48351  7.12370e-14  1.87852e-16
      1.48373  8.59005e-14  2.11543e-16
      1.48394  1.07216e-13  2.68159e-16
      1.48416  1.08969e-13  3.10756e-16
      1.48438  7.29155e-14  2.45528e-16
      1.48460  5.25409e-14  1.81279e-16
      1.48481  6.38822e-14  1.88049e-16
      1.48503  8.17114e-14  2.17971e-16
      1.48525  8.17606e-14  2.25369e-16
      1.48547  7.07370e-14  2.03737e-16
      1.48568  7.40357e-14  2.03353e-16
      1.48590  8.37903e-14  2.21937e-16
      1.48612  9.55839e-14  2.62621e-16
      1.48634  9.73995e-14  2.96431e-16
      1.48655  8.48282e-14  2.91229e-16
      1.48677  7.29983e-14  2.58203e-16
      1.48699  6.81196e-14  2.28379e-16
      1.48720  6.46638e-14  2.09324e-16
      1.48742  6.85762e-14  2.06012e-16
      1.48764  8.17860e-14  2.31957e-16
      1.48786  8.18825e-14  2.41229e-16
      1.48807  6.41392e-14  2.01595e-16
      1.48829  5.68937e-14  1.72418e-16
      1.48851  6.52123e-14  1.77622e-16
      1.48873  7.50384e-14  1.91615e-16
      1.48894  8.01243e-14  1.99439e-16
      1.48916  8.80286e-14  2.16103e-16
      1.48938  9.18653e-14  2.34816e-16
      1.48960  7.33360e-14  2.09824e-16
      1.48981  5.71984e-14  1.65530e-16
      1.49003  6.14525e-14  1.56908e-16
      1.49025  7.23735e-14  1.63493e-16
      1.49046  7.81820e-14  1.67600e-16
      1.49068  8.09371e-14  1.74744e-16
      1.49090  9.09464e-14  2.02139e-16
      1.49112  1.00914e-13  2.37036e-16
      1.49133  8.78866e-14  2.31382e-16
      1.49155  7.12829e-14  1.98010e-16
      1.49177  6.95000e-14  1.85547e-16
      1.49199  7.30679e-14  1.85746e-16
      1.49220  7.33302e-14  1.81114e-16
      1.49242  7.91049e-14  1.91199e-16
      1.49264  7.90116e-14  1.94349e-16
      1.49286  7.29089e-14  1.84590e-16
      1.49307  6.84667e-14  1.71485e-16
      1.49329  7.06423e-14  1.69033e-16
      1.49351  7.95045e-14  1.75785e-16
      1.49372  8.60995e-14  1.90953e-16
      1.49394  8.02620e-14  1.90029e-16
      1.49416  6.96417e-14  1.68915e-16
      1.49438  7.24174e-14  1.71541e-16
      1.49459  8.36911e-14  1.95437e-16
      1.49481  8.54505e-14  2.07332e-16
      1.49503  7.46481e-14  1.88884e-16
      1.49525  7.06465e-14  1.78644e-16
      1.49546  7.70202e-14  1.83192e-16
      1.49568  7.51772e-14  1.77291e-16
      1.49590  7.45736e-14  1.76731e-16
      1.49612  8.22526e-14  1.91813e-16
      1.49633  7.87260e-14  1.88965e-16
      1.49655  6.49317e-14  1.62531e-16
      1.49677  6.45843e-14  1.49138e-16
      1.49698  7.54490e-14  1.58934e-16
      1.49720  8.32705e-14  1.72730e-16
      1.49742  8.48759e-14  1.83465e-16
      1.49764  8.67426e-14  1.93561e-16
      1.49785  8.14267e-14  1.92133e-16
      1.49807  7.26414e-14  1.76056e-16
      1.49829  6.83610e-14  1.61134e-16
      1.49851  7.42640e-14  1.64162e-16
      1.49872  8.07909e-14  1.75232e-16
      1.49894  8.05420e-14  1.78822e-16
      1.49916  7.89203e-14  1.74874e-16
      1.49937  7.73743e-14  1.71540e-16
      1.49959  7.35697e-14  1.67354e-16
      1.49981  7.02189e-14  1.56010e-16
      1.50003  7.26396e-14  1.56461e-16
      1.50024  7.98789e-14  1.66692e-16
      1.50046  8.07362e-14  1.70495e-16
      1.50068  7.70765e-14  1.65584e-16
      1.50090  7.54018e-14  1.61307e-16
      1.50111  7.81665e-14  1.62554e-16
      1.50133  8.26471e-14  1.70585e-16
      1.50155  8.17941e-14  1.74000e-16
      1.50176  7.48019e-14  1.63178e-16
      1.50198  7.02471e-14  1.51191e-16
      1.50220  7.64649e-14  1.61234e-16
      1.50242  8.41836e-14  1.78517e-16
      1.50263  8.28862e-14  1.85803e-16
      1.50285  7.95504e-14  1.76368e-16
      1.50307  8.14985e-14  1.77954e-16
      1.50329  8.63253e-14  1.88959e-16
      1.50350  8.84164e-14  2.02174e-16
      1.50372  8.07085e-14  2.00752e-16
      1.50394  7.17625e-14  2.08847e-16
      1.50415  7.36753e-14  1.74615e-16
      1.50437  8.21911e-14  1.88576e-16
      1.50459  7.74927e-14  1.83439e-16
      1.50481  6.91658e-14  1.89541e-16
      1.50502  6.87386e-14  1.55363e-16
      1.50524  7.45376e-14  1.71157e-16
      1.50546  7.78762e-14  1.82823e-16
      1.50568  7.80257e-14  1.77774e-16
      1.50589  7.69159e-14  1.63681e-16
      1.50611  7.69299e-14  1.55299e-16
      1.50633  7.86028e-14  1.51840e-16
      1.50654  8.00638e-14  1.56379e-16
      1.50676  8.31988e-14  1.70773e-16
      1.50698  8.32004e-14  1.77259e-16
      1.50720  7.87594e-14  1.66118e-16
      1.50741  7.49239e-14  1.54376e-16
      1.50763  7.68282e-14  1.59424e-16
      1.50785  8.41290e-14  1.74456e-16
      1.50806  8.99182e-14  1.88726e-16
      1.50828  9.02125e-14  1.97147e-16
      1.50850  8.36022e-14  1.93187e-16
      1.50872  7.34389e-14  1.78697e-16
      1.50893  6.65533e-14  1.56493e-16
      1.50915  6.85607e-14  1.50251e-16
      1.50937  7.37517e-14  1.50544e-16
      1.50959  7.87029e-14  1.53214e-16
      1.50980  8.18191e-14  1.65194e-16
      1.51002  8.05104e-14  1.61215e-16
      1.51024  7.70817e-14  1.55657e-16
      1.51045  7.67900e-14  1.52653e-16
      1.51067  7.88329e-14  1.55230e-16
      1.51089  7.88004e-14  1.56022e-16
      1.51111  7.67706e-14  1.53528e-16
      1.51132  7.61696e-14  1.53377e-16
      1.51154  7.71303e-14  1.54011e-16
      1.51176  7.85974e-14  1.54515e-16
      1.51197  8.27860e-14  1.63796e-16
      1.51219  8.32367e-14  1.61569e-16
      1.51241  8.05607e-14  1.62770e-16
      1.51263  7.77743e-14  1.59368e-16
      1.51284  7.66015e-14  1.58401e-16
      1.51306  7.56885e-14  1.55309e-16
      1.51328  7.78990e-14  1.57806e-16
      1.51350  7.93909e-14  1.63284e-16
      1.51371  7.78176e-14  1.63135e-16
      1.51393  7.40195e-14  1.57742e-16
      1.51415  7.32673e-14  1.53165e-16
      1.51436  7.75100e-14  1.56021e-16
      1.51458  8.04022e-14  1.59172e-16
      1.51480  7.89723e-14  1.57696e-16
      1.51502  7.68582e-14  1.51332e-16
      1.51523  7.83940e-14  1.51106e-16
      1.51545  7.97252e-14  1.53820e-16
      1.51567  8.18916e-14  1.59439e-16
      1.51588  8.53379e-14  1.72953e-16
      1.51610  8.29064e-14  1.64830e-16
      1.51632  7.91558e-14  1.57757e-16
      1.51654  7.74738e-14  1.55825e-16
      1.51675  7.80890e-14  1.55643e-16
      1.51697  7.85316e-14  1.55153e-16
      1.51719  8.00956e-14  1.58974e-16
      1.51740  7.80929e-14  1.59036e-16
      1.51762  7.40413e-14  1.51581e-16
      1.51784  7.49681e-14  1.48902e-16
      1.51806  8.04058e-14  1.54146e-16
      1.51827  8.29838e-14  1.59151e-16
      1.51849  8.31869e-14  1.61568e-16
      1.51871  8.32582e-14  1.65120e-16
      1.51892  8.15247e-14  1.61315e-16
      1.51914  7.80615e-14  1.55386e-16
      1.51936  7.69800e-14  1.49697e-16
      1.51958  7.88564e-14  1.50020e-16
      1.51979  8.09989e-14  1.51923e-16
      1.52001  8.25637e-14  1.55380e-16
      1.52023  8.02983e-14  1.53891e-16
      1.52044  7.79434e-14  1.48697e-16
      1.52066  7.83435e-14  1.48008e-16
      1.52088  8.03556e-14  1.50390e-16
      1.52110  8.21820e-14  1.51978e-16
      1.52131  8.36462e-14  1.56145e-16
      1.52153  8.36428e-14  1.56831e-16
      1.52175  8.05989e-14  1.51707e-16
      1.52197  7.78738e-14  1.50212e-16
      1.52218  7.88379e-14  1.47306e-16
      1.52240  8.04092e-14  1.50717e-16
      1.52262  8.06929e-14  1.48850e-16
      1.52283  8.11641e-14  1.49176e-16
      1.52305  8.24497e-14  1.73826e-16
      1.52327  8.29937e-14  1.53978e-16
      1.52349  8.15914e-14  1.54755e-16
      1.52370  8.09798e-14  1.54984e-16
      1.52392  8.21387e-14  1.62088e-16
      1.52414  8.30295e-14  1.67719e-16
      1.52435  8.18688e-14  1.61707e-16
      1.52457  7.91923e-14  1.50370e-16
      1.52479  7.81522e-14  1.46376e-16
      1.52500  7.93459e-14  1.46658e-16
      1.52522  8.01678e-14  1.47359e-16
      1.52544  8.10822e-14  1.50342e-16
      1.52566  8.08358e-14  1.50190e-16
      1.52587  7.97585e-14  1.47762e-16
      1.52609  7.91879e-14  1.46239e-16
      1.52631  8.00621e-14  1.48806e-16
      1.52652  7.96145e-14  1.65916e-16
      1.52674  7.83594e-14  1.47902e-16
      1.52696  7.79144e-14  1.46844e-16
      1.52718  7.80408e-14  1.46442e-16
      1.52739  7.78634e-14  1.45885e-16
      1.52761  7.71054e-14  1.43429e-16
      1.52783  7.82322e-14  1.43149e-16
      1.52804  7.92304e-14  1.59994e-16
      1.52826  8.08425e-14  1.48171e-16
      1.52848  8.08344e-14  1.53322e-16
      1.52870  7.98753e-14  1.52450e-16
      1.52891  7.93276e-14  1.50439e-16
      1.52913  8.09125e-14  1.48468e-16
      1.52935  8.12229e-14  1.47704e-16
      1.52956  7.99582e-14  1.47815e-16
      1.52978  7.95847e-14  1.46708e-16
      1.53000  8.02396e-14  1.47268e-16
      1.53022  7.97618e-14  1.47264e-16
      1.53043  7.86305e-14  1.45882e-16
      1.53065  7.90067e-14  1.46425e-16
      1.53087  8.12603e-14  1.47048e-16
      1.53108  8.13628e-14  1.49185e-16
      1.53130  7.92377e-14  1.48164e-16
      1.53152  7.75759e-14  1.42874e-16
      1.53174  7.78731e-14  1.42139e-16
      1.53195  7.79829e-14  1.41935e-16
      1.53217  7.72423e-14  1.42103e-16
      1.53239  7.69470e-14  1.42035e-16
      1.53260  7.78634e-14  1.42463e-16
      1.53282  7.81414e-14  1.45834e-16
      1.53304  7.91910e-14  1.53583e-16
      1.53325  8.10369e-14  1.60029e-16
      1.53347  8.25567e-14  1.60272e-16
      1.53369  8.32538e-14  1.53968e-16
      1.53391  8.27747e-14  1.48246e-16
      1.53412  8.22594e-14  1.51281e-16
      1.53434  8.14025e-14  1.50481e-16
      1.53456  8.10147e-14  1.45073e-16
      1.53477  8.06643e-14  1.43076e-16
      1.53499  7.93283e-14  1.44730e-16
      1.53521  7.91468e-14  1.44926e-16
      1.53543  7.99996e-14  1.44584e-16
      1.53564  8.04645e-14  1.43261e-16
      1.53586  8.06891e-14  1.43172e-16
      1.53608  8.11714e-14  1.43539e-16
      1.53629  8.18702e-14  1.45854e-16
      1.53651  8.11794e-14  1.45628e-16
      1.53673  8.11263e-14  1.44215e-16
      1.53694  8.12364e-14  1.48335e-16
      1.53716  8.06761e-14  1.44281e-16
      1.53738  8.01818e-14  1.42213e-16
      1.53760  8.02928e-14  1.43060e-16
      1.53781  8.01430e-14  1.43315e-16
      1.53803  8.07504e-14  1.40622e-16
      1.53825  8.06839e-14  1.41662e-16
      1.53846  8.17698e-14  1.45249e-16
      1.53868  8.28117e-14  1.47507e-16
      1.53890  8.42076e-14  1.46381e-16
      1.53911  8.42181e-14  1.46564e-16
      1.53933  8.31060e-14  1.48797e-16
      1.53955  8.15809e-14  1.47047e-16
      1.53977  8.12902e-14  1.44269e-16
      1.53998  8.22856e-14  1.44148e-16
      1.54020  8.27877e-14  1.45035e-16
      1.54042  8.23385e-14  1.48441e-16
      1.54063  8.08188e-14  1.43900e-16
      1.54085  8.00637e-14  1.41160e-16
      1.54107  8.05513e-14  1.38932e-16
      1.54129  8.25692e-14  1.39510e-16
      1.54150  8.41987e-14  1.41162e-16
      1.54172  8.45870e-14  1.43471e-16
      1.54194  8.32464e-14  1.60261e-16
      1.54215  8.11943e-14  1.40434e-16
      1.54237  7.99842e-14  1.40442e-16
      1.54259  8.03198e-14  1.39762e-16
      1.54280  8.14064e-14  1.42420e-16
      1.54302  8.24787e-14  1.48084e-16
      1.54324  8.25857e-14  1.50313e-16
      1.54346  8.19129e-14  1.47923e-16
      1.54367  8.14785e-14  1.44316e-16
      1.54389  8.13258e-14  1.42823e-16
      1.54411  8.06709e-14  1.40970e-16
      1.54432  7.97469e-14  1.41630e-16
      1.54454  8.02460e-14  1.38462e-16
      1.54476  8.06723e-14  1.39664e-16
      1.54497  8.16898e-14  1.38314e-16
      1.54519  8.22228e-14  1.38936e-16
      1.54541  8.30108e-14  1.40099e-16
      1.54562  8.36401e-14  1.40714e-16
      1.54584  8.33994e-14  1.40925e-16
      1.54606  8.31904e-14  1.47399e-16
      1.54628  8.28601e-14  1.44100e-16
      1.54649  8.25745e-14  1.42985e-16
      1.54671  8.23056e-14  1.43421e-16
      1.54693  8.27957e-14  1.38095e-16
      1.54714  8.25336e-14  1.37364e-16
      1.54736  8.17876e-14  1.37696e-16
      1.54758  8.11553e-14  1.40190e-16
      1.54779  8.12541e-14  1.40590e-16
      1.54801  8.14628e-14  1.38898e-16
      1.54823  8.15803e-14  1.57926e-16
      1.54845  8.20344e-14  1.38518e-16
      1.54866  8.25219e-14  1.37620e-16
      1.54888  8.19011e-14  1.39892e-16
      1.54910  8.17712e-14  1.39978e-16
      1.54931  8.28888e-14  1.39876e-16
      1.54953  8.37972e-14  1.42387e-16
      1.54975  8.41119e-14  1.43383e-16
      1.54996  8.37528e-14  1.40130e-16
      1.55018  8.17491e-14  1.39122e-16
      1.55040  8.02917e-14  1.36247e-16
      1.55061  7.96890e-14  1.35939e-16
      1.55083  7.98907e-14  1.36783e-16
      1.55105  8.06541e-14  1.39409e-16
      1.55127  8.20064e-14  1.39061e-16
      1.55148  8.33543e-14  1.40495e-16
      1.55170  8.27587e-14  1.41807e-16
      1.55192  8.11579e-14  1.41657e-16
      1.55213  8.15283e-14  1.39909e-16
      1.55235  8.24103e-14  1.39218e-16
      1.55257  8.25755e-14  1.41377e-16
      1.55278  8.15909e-14  1.42786e-16
      1.55300  8.05804e-14  1.40571e-16
      1.55322  8.08644e-14  1.38347e-16
      1.55343  8.12626e-14  1.57014e-16
      1.55365  8.08052e-14  1.38629e-16
      1.55387  8.08128e-14  1.38905e-16
      1.55409  8.11874e-14  1.44168e-16
      1.55430  8.05153e-14  1.39918e-16
      1.55452  8.00562e-14  1.39010e-16
      1.55474  8.04929e-14  1.37711e-16
      1.55495  8.01885e-14  1.37834e-16
      1.55517  7.98442e-14  1.35408e-16
      1.55539  7.95528e-14  1.32606e-16
      1.55560  7.89261e-14  1.32082e-16
      1.55582  7.78848e-14  1.32426e-16
      1.55604  7.77475e-14  1.36108e-16
      1.55625  7.85422e-14  1.33605e-16
      1.55647  7.95575e-14  1.33283e-16
      1.55669  8.03490e-14  1.32512e-16
      1.55691  8.05894e-14  1.34425e-16
      1.55712  8.01874e-14  1.32842e-16
      1.55734  7.95468e-14  1.32209e-16
      1.55756  7.97236e-14  1.33411e-16
      1.55777  7.98635e-14  1.34530e-16
      1.55799  8.04146e-14  1.34266e-16
      1.55821  8.10342e-14  1.35483e-16
      1.55842  8.16231e-14  1.36203e-16
      1.55864  8.20658e-14  1.36893e-16
      1.55886  8.24490e-14  1.35976e-16
      1.55907  8.23617e-14  1.35230e-16
      1.55929  8.19819e-14  1.34591e-16
      1.55951  8.20113e-14  1.37273e-16
      1.55972  8.21972e-14  1.40739e-16
      1.55994  8.23349e-14  1.57664e-16
      1.56016  8.18271e-14  1.35977e-16
      1.56037  8.10539e-14  1.35038e-16
      1.56059  8.07924e-14  1.34246e-16
      1.56081  8.12093e-14  1.34626e-16
      1.56103  8.14193e-14  1.34423e-16
      1.56124  8.18728e-14  1.34937e-16
      1.56146  8.24677e-14  1.36693e-16
      1.56168  8.25599e-14  1.37581e-16
      1.56189  8.26143e-14  1.35557e-16
      1.56211  8.32905e-14  1.35012e-16
      1.56233  8.32365e-14  1.36056e-16
      1.56254  8.30429e-14  1.36076e-16
      1.56276  8.24853e-14  1.35590e-16
      1.56298  8.22226e-14  1.38069e-16
      1.56319  8.27071e-14  1.38542e-16
      1.56341  8.38329e-14  1.41128e-16
      1.56363  8.39401e-14  1.38956e-16
      1.56384  8.31437e-14  1.38069e-16
      1.56406  8.32600e-14  1.36337e-16
      1.56428  8.31859e-14  1.36914e-16
      1.56449  8.26409e-14  1.36689e-16
      1.56471  8.18935e-14  1.35643e-16
      1.56493  8.14314e-14  1.34909e-16
      1.56515  8.18428e-14  1.57210e-16
      1.56536  8.29025e-14  1.42454e-16
      1.56558  8.28493e-14  1.44635e-16
      1.56580  8.19643e-14  1.41281e-16
      1.56601  8.23075e-14  1.38067e-16
      1.56623  8.28866e-14  1.37765e-16
      1.56645  8.37418e-14  1.36319e-16
      1.56666  8.47173e-14  1.40899e-16
      1.56688  8.53472e-14  1.36903e-16
      1.56710  8.48220e-14  1.37129e-16
      1.56731  8.48891e-14  1.37802e-16
      1.56753  8.53442e-14  1.36405e-16
      1.56775  8.50752e-14  1.34875e-16
      1.56796  8.43735e-14  1.36939e-16
      1.56818  8.45610e-14  1.35637e-16
      1.56840  8.46902e-14  1.35684e-16
      1.56861  8.43162e-14  1.34525e-16
      1.56883  8.35009e-14  1.33722e-16
      1.56905  8.25671e-14  1.35312e-16
      1.56926  8.23338e-14  1.33915e-16
      1.56948  8.24278e-14  1.33028e-16
      1.56970  8.22965e-14  1.33380e-16
      1.56991  8.20014e-14  1.33365e-16
      1.57013  8.26943e-14  1.37974e-16
      1.57035  8.36507e-14  1.40929e-16
      1.57056  8.36323e-14  1.41885e-16
      1.57078  8.37054e-14  1.39399e-16
      1.57100  8.39850e-14  1.40909e-16
      1.57121  8.41428e-14  1.41820e-16
      1.57143  8.43427e-14  1.37960e-16
      1.57165  8.51529e-14  1.38482e-16
      1.57187  8.64341e-14  1.41377e-16
      1.57208  8.63832e-14  1.43301e-16
      1.57230  8.53492e-14  1.43329e-16
      1.57252  8.42258e-14  1.43895e-16
      1.57273  8.46819e-14  1.41803e-16
      1.57295  8.58698e-14  1.39141e-16
      1.57317  8.59679e-14  1.38327e-16
      1.57338  8.54207e-14  1.39658e-16
      1.57360  8.54948e-14  1.44770e-16
      1.57382  8.61252e-14  1.38946e-16
      1.57403  8.67598e-14  1.37967e-16
      1.57425  8.66753e-14  1.38557e-16
      1.57447  8.66157e-14  1.38690e-16
      1.57468  8.58165e-14  1.36906e-16
      1.57490  8.49764e-14  1.34596e-16
      1.57512  8.53189e-14  1.42182e-16
      1.57533  8.67605e-14  1.40176e-16
      1.57555  8.69823e-14  1.41670e-16
      1.57577  8.60530e-14  1.41667e-16
      1.57598  8.60603e-14  1.39252e-16
      1.57620  8.58689e-14  1.36351e-16
      1.57642  8.53034e-14  1.35305e-16
      1.57663  8.45560e-14  1.55753e-16
      1.57685  8.45905e-14  1.37589e-16
      1.57707  8.47738e-14  1.35924e-16
      1.57728  8.54451e-14  1.37871e-16
      1.57750  8.55507e-14  1.39261e-16
      1.57772  8.52120e-14  1.42878e-16
      1.57793  8.56163e-14  1.40077e-16
      1.57815  8.64881e-14  1.60083e-16
      1.57837  8.71180e-14  1.42935e-16
      1.57858  8.61771e-14  1.40487e-16
      1.57880  8.54845e-14  1.37332e-16
      1.57902  8.58672e-14  1.37631e-16
      1.57923  8.61941e-14  1.40632e-16
      1.57945  8.63712e-14  1.40491e-16
      1.57967  8.66949e-14  1.40367e-16
      1.57988  8.60485e-14  1.40985e-16
      1.58010  8.51054e-14  1.38264e-16
      1.58032  8.40692e-14  1.33811e-16
      1.58053  8.45041e-14  1.33648e-16
      1.58075  8.49773e-14  1.51249e-16
      1.58097  8.59454e-14  1.36203e-16
      1.58118  8.54837e-14  1.37919e-16
      1.58140  8.52129e-14  1.37113e-16
      1.58162  8.48010e-14  1.34922e-16
      1.58183  8.41992e-14  1.33524e-16
      1.58205  8.45648e-14  1.33715e-16
      1.58227  8.54525e-14  1.34696e-16
      1.58248  8.60366e-14  1.35930e-16
      1.58270  8.59684e-14  1.38454e-16
      1.58292  8.54035e-14  1.42845e-16
      1.58313  8.50920e-14  1.46994e-16
      1.58335  8.47412e-14  1.48496e-16
      1.58357  8.39225e-14  1.42546e-16
      1.58378  8.34186e-14  1.36681e-16
      1.58400  8.31933e-14  1.33005e-16
      1.58422  8.35969e-14  1.30863e-16
      1.58443  8.38064e-14  1.34731e-16
      1.58465  8.38035e-14  1.38302e-16
      1.58487  8.42393e-14  1.39402e-16
      1.58508  8.46541e-14  1.36208e-16
      1.58530  8.44596e-14  1.32444e-16
      1.58552  8.46698e-14  1.33504e-16
      1.58573  8.46230e-14  1.33724e-16
      1.58595  8.53234e-14  1.32227e-16
      1.58617  8.60805e-14  1.33167e-16
      1.58638  8.53209e-14  1.32328e-16
      1.58660  8.31753e-14  1.32294e-16
      1.58682  8.29196e-14  1.29285e-16
      1.58703  8.35075e-14  1.30638e-16
      1.58725  8.33636e-14  1.31257e-16
      1.58747  8.32929e-14  1.29930e-16
      1.58768  8.23601e-14  1.27581e-16
      1.58790  8.12973e-14  1.25216e-16
      1.58812  8.06265e-14  1.24571e-16
      1.58833  8.08488e-14  1.26007e-16
      1.58855  8.10629e-14  1.26906e-16
      1.58877  8.15498e-14  1.26116e-16
      1.58898  8.08280e-14  1.26130e-16
      1.58920  8.03957e-14  1.27638e-16
      1.58941  8.05192e-14  1.31805e-16
      1.58963  8.10571e-14  1.43308e-16
      1.58985  8.12630e-14  1.27234e-16
      1.59006  8.14279e-14  1.27798e-16
      1.59028  8.15626e-14  1.27620e-16
      1.59050  8.26231e-14  1.28304e-16
      1.59071  8.49888e-14  1.30458e-16
      1.59093  8.56024e-14  1.31712e-16
      1.59115  8.51872e-14  1.31814e-16
      1.59136  8.52178e-14  1.30502e-16
      1.59158  8.58377e-14  1.31806e-16
      1.59180  8.46637e-14  1.30827e-16
      1.59201  8.38744e-14  1.31876e-16
      1.59223  8.42461e-14  1.33749e-16
      1.59245  8.51576e-14  1.32167e-16
      1.59266  8.55402e-14  1.34231e-16
      1.59288  8.58640e-14  1.30628e-16
      1.59310  8.52464e-14  1.31149e-16
      1.59331  8.48398e-14  1.30582e-16
      1.59353  8.58950e-14  1.30518e-16
      1.59375  8.64550e-14  1.30974e-16
      1.59396  8.55264e-14  1.30730e-16
      1.59418  8.49396e-14  1.29795e-16
      1.59440  8.38194e-14  1.29551e-16
      1.59461  8.41177e-14  1.28806e-16
      1.59483  8.44503e-14  1.30557e-16
      1.59505  8.41043e-14  1.30927e-16
      1.59526  8.35848e-14  1.27240e-16
      1.59548  8.26059e-14  1.24116e-16
      1.59569  8.22509e-14  1.25251e-16
      1.59591  8.32545e-14  1.43496e-16
      1.59613  8.39756e-14  1.28834e-16
      1.59634  8.42831e-14  1.28598e-16
      1.59656  8.49149e-14  1.29761e-16
      1.59678  8.56611e-14  1.31258e-16
      1.59699  8.52622e-14  1.33814e-16
      1.59721  8.47118e-14  1.34324e-16
      1.59743  8.48187e-14  1.35313e-16
      1.59764  8.45341e-14  1.36215e-16
      1.59786  8.56002e-14  1.30418e-16
      1.59808  8.71177e-14  1.31901e-16
      1.59829  8.77772e-14  1.34267e-16
      1.59851  8.83915e-14  1.33318e-16
      1.59873  8.86163e-14  1.51619e-16
      1.59894  8.86535e-14  1.32914e-16
      1.59916  8.88573e-14  1.34065e-16
      1.59938  8.81186e-14  1.33120e-16
      1.59959  8.71759e-14  1.35556e-16
      1.59981  8.70995e-14  1.35423e-16
      1.60002  8.78072e-14  1.34012e-16
      1.60024  8.79307e-14  1.34855e-16
      1.60046  8.84213e-14  1.34335e-16
      1.60067  8.80436e-14  1.34471e-16
      1.60089  8.79705e-14  1.35839e-16
      1.60111  8.79950e-14  1.36851e-16
      1.60132  8.81697e-14  1.38734e-16
      1.60154  8.81369e-14  1.38144e-16
      1.60176  8.79844e-14  1.38918e-16
      1.60197  8.79157e-14  1.37939e-16
      1.60219  8.73778e-14  1.36181e-16
      1.60241  8.65872e-14  1.34763e-16
      1.60262  8.71031e-14  1.39580e-16
      1.60284  8.81468e-14  1.48441e-16
      1.60305  8.83197e-14  1.55343e-16
      1.60327  8.93014e-14  1.51171e-16
      1.60349  9.02569e-14  1.44417e-16
      1.60370  8.99862e-14  1.40338e-16
      1.60392  8.94307e-14  1.39468e-16
      1.60414  8.81728e-14  1.34949e-16
      1.60435  8.74669e-14  1.32618e-16
      1.60457  8.67549e-14  1.31332e-16
      1.60479  8.66003e-14  1.32701e-16
      1.60500  8.75810e-14  1.36905e-16
      1.60522  8.85072e-14  1.32571e-16
      1.60544  8.80923e-14  1.34435e-16
      1.60565  8.77566e-14  1.34284e-16
      1.60587  8.79120e-14  1.33095e-16
      1.60608  8.88381e-14  1.33816e-16
      1.60630  8.85766e-14  1.34932e-16
      1.60652  8.77946e-14  1.35437e-16
      1.60673  8.82395e-14  1.35587e-16
      1.60695  8.90735e-14  1.36935e-16
      1.60717  8.85884e-14  1.35928e-16
      1.60738  8.84673e-14  1.37081e-16
      1.60760  8.85006e-14  1.39859e-16
      1.60782  8.86606e-14  1.38827e-16
      1.60803  8.89047e-14  1.38791e-16
      1.60825  8.92200e-14  1.39967e-16
      1.60846  8.80780e-14  1.36337e-16
      1.60868  8.75134e-14  1.34113e-16
      1.60890  8.73279e-14  1.34227e-16
      1.60911  8.65406e-14  1.33212e-16
      1.60933  8.55640e-14  1.32017e-16
      1.60955  8.46982e-14  1.29717e-16
      1.60976  8.32728e-14  1.31586e-16
      1.60998  8.32197e-14  1.28764e-16
      1.61020  8.33046e-14  1.28103e-16
      1.61041  8.25752e-14  1.27904e-16
      1.61063  8.20122e-14  1.27042e-16
      1.61084  8.15916e-14  1.24720e-16
      1.61106  8.12762e-14  1.25496e-16
      1.61128  8.10407e-14  1.27050e-16
      1.61149  8.14761e-14  1.27671e-16
      1.61171  8.20119e-14  1.25927e-16
      1.61193  8.23560e-14  1.27290e-16
      1.61214  8.33238e-14  1.26900e-16
      1.61236  8.50874e-14  1.31172e-16
      1.61258  8.59894e-14  1.39264e-16
      1.61279  8.67642e-14  1.44092e-16
      1.61301  8.71554e-14  1.42482e-16
      1.61322  8.70118e-14  1.36791e-16
      1.61344  8.72553e-14  1.30634e-16
      1.61366  8.79139e-14  1.32641e-16
      1.61387  8.95531e-14  1.35172e-16
      1.61409  9.03011e-14  1.34212e-16
      1.61431  9.10911e-14  1.35160e-16
      1.61452  9.05547e-14  1.36147e-16
      1.61474  9.01943e-14  1.35420e-16
      1.61496  8.98650e-14  1.35070e-16
      1.61517  8.94622e-14  1.35187e-16
      1.61539  8.97482e-14  1.35072e-16
      1.61560  8.96510e-14  1.52769e-16
      1.61582  9.02766e-14  1.35350e-16
      1.61604  9.12635e-14  1.35060e-16
      1.61625  9.12113e-14  1.37463e-16
      1.61647  9.06106e-14  1.36465e-16
      1.61669  8.96089e-14  1.31426e-16
      1.61690  8.85026e-14  1.29577e-16
      1.61712  8.92058e-14  1.31027e-16
      1.61733  9.00526e-14  1.30534e-16
      1.61755  9.12351e-14  1.33190e-16
      1.61777  9.18271e-14  1.35170e-16
      1.61798  9.21046e-14  1.35873e-16
      1.61820  9.10841e-14  1.34326e-16
      1.61842  8.94378e-14  1.31831e-16
      1.61863  8.91774e-14  1.33068e-16
      1.61885  8.97403e-14  1.32797e-16
      1.61906  9.04591e-14  1.33219e-16
      1.61928  9.12212e-14  1.53089e-16
      1.61950  9.13280e-14  1.39440e-16
      1.61971  9.13326e-14  1.36391e-16
      1.61993  9.10673e-14  1.32718e-16
      1.62015  9.13408e-14  1.34024e-16
      1.62036  9.24810e-14  1.36524e-16
      1.62058  9.31405e-14  1.37258e-16
      1.62079  9.22812e-14  1.36911e-16
      1.62101  9.09800e-14  1.36585e-16
      1.62123  9.06581e-14  1.36475e-16
      1.62144  9.19136e-14  1.35130e-16
      1.62166  9.25506e-14  1.36752e-16
      1.62188  9.21802e-14  1.37882e-16
      1.62209  9.21524e-14  1.38395e-16
      1.62231  9.30500e-14  1.36957e-16
      1.62252  9.33929e-14  1.35358e-16
      1.62274  9.27862e-14  1.33366e-16
      1.62296  9.20593e-14  1.36651e-16
      1.62317  9.16923e-14  1.37093e-16
      1.62339  9.18301e-14  1.39736e-16
      1.62361  9.18468e-14  1.41376e-16
      1.62382  9.15246e-14  1.40079e-16
      1.62404  9.25878e-14  1.37434e-16
      1.62425  9.29613e-14  1.52181e-16
      1.62447  9.28912e-14  1.34910e-16
      1.62469  9.17136e-14  1.33334e-16
      1.62490  9.12200e-14  1.38528e-16
      1.62512  9.10627e-14  1.33859e-16
      1.62533  9.03986e-14  1.32985e-16
      1.62555  9.03172e-14  1.31747e-16
      1.62577  9.03937e-14  1.29657e-16
      1.62598  9.04852e-14  1.31046e-16
      1.62620  9.04023e-14  1.33720e-16
      1.62642  9.12872e-14  1.34946e-16
      1.62663  9.24844e-14  1.33872e-16
      1.62685  9.31471e-14  1.33256e-16
      1.62706  9.37641e-14  1.33795e-16
      1.62728  9.35965e-14  1.33695e-16
      1.62750  9.23894e-14  1.38109e-16
      1.62771  9.26086e-14  1.39104e-16
      1.62793  9.36120e-14  1.36923e-16
      1.62814  9.25441e-14  1.34777e-16
      1.62836  9.19630e-14  1.33812e-16
      1.62858  9.23663e-14  1.33057e-16
      1.62879  9.22772e-14  1.51198e-16
      1.62901  9.21015e-14  1.34337e-16
      1.62923  9.14104e-14  1.34457e-16
      1.62944  9.14344e-14  1.32623e-16
      1.62966  9.19381e-14  1.32263e-16
      1.62987  9.25686e-14  1.34190e-16
      1.63009  9.28458e-14  1.48047e-16
      1.63031  9.31952e-14  1.35718e-16
      1.63052  9.22745e-14  1.36639e-16
      1.63074  9.07714e-14  1.34975e-16
      1.63095  9.01457e-14  1.35283e-16
      1.63117  9.07710e-14  1.34103e-16
      1.63139  9.19957e-14  1.35952e-16
      1.63160  9.30905e-14  1.37022e-16
      1.63182  9.26444e-14  1.37310e-16
      1.63204  9.18811e-14  1.35075e-16
      1.63225  9.06888e-14  1.34035e-16
      1.63247  9.09749e-14  1.34362e-16
      1.63268  9.20269e-14  1.34377e-16
      1.63290  9.25707e-14  1.34751e-16
      1.63312  9.24319e-14  1.35566e-16
      1.63333  9.34162e-14  1.35729e-16
      1.63355  9.46338e-14  1.33587e-16
      1.63376  9.44889e-14  1.33671e-16
      1.63398  9.37389e-14  1.34317e-16
      1.63420  9.30359e-14  1.33982e-16
      1.63441  9.31372e-14  1.34927e-16
      1.63463  9.30106e-14  1.34222e-16
      1.63484  9.26416e-14  1.35504e-16
      1.63506  9.28243e-14  1.38106e-16
      1.63528  9.28827e-14  1.36831e-16
      1.63549  9.18891e-14  1.33426e-16
      1.63571  9.17652e-14  1.32205e-16
      1.63592  9.29875e-14  1.33968e-16
      1.63614  9.33227e-14  1.35497e-16
      1.63636  9.34568e-14  1.35226e-16
      1.63657  9.30603e-14  1.34793e-16
      1.63679  9.24614e-14  1.32938e-16
      1.63700  9.30823e-14  1.32323e-16
      1.63722  9.50887e-14  1.34979e-16
      1.63744  9.61391e-14  1.38418e-16
      1.63765  9.46632e-14  1.37124e-16
      1.63787  9.32153e-14  1.34044e-16
      1.63808  9.30187e-14  1.33327e-16
      1.63830  9.31049e-14  1.32581e-16
      1.63852  9.20230e-14  1.32533e-16
      1.63873  9.13006e-14  1.33276e-16
      1.63895  9.18883e-14  1.33406e-16
      1.63916  9.13666e-14  1.32323e-16
      1.63938  9.00547e-14  1.30571e-16
      1.63960  8.85567e-14  1.26076e-16
      1.63981  8.96169e-14  1.26724e-16
      1.64003  9.19929e-14  1.30535e-16
      1.64024  9.13870e-14  1.30858e-16
      1.64046  8.91458e-14  1.28542e-16
      1.64068  8.88235e-14  1.27709e-16
      1.64089  8.88831e-14  1.33467e-16
      1.64111  8.82315e-14  1.29004e-16
      1.64132  8.81720e-14  1.29336e-16
      1.64154  8.91357e-14  1.29827e-16
      1.64176  8.92730e-14  1.30020e-16
      1.64197  8.98985e-14  1.30683e-16
      1.64219  9.14415e-14  1.33556e-16
      1.64240  9.34653e-14  1.35001e-16
      1.64262  9.46881e-14  1.36986e-16
      1.64284  9.41407e-14  1.35171e-16
      1.64305  9.46738e-14  1.33779e-16
      1.64327  9.76541e-14  1.35909e-16
      1.64348  9.94308e-14  1.36258e-16
      1.64370  9.87367e-14  1.36731e-16
      1.64392  9.67793e-14  1.39078e-16
      1.64413  9.56438e-14  1.40149e-16
      1.64435  9.59277e-14  1.39838e-16
      1.64456  9.61361e-14  1.36355e-16
      1.64478  9.58705e-14  1.36047e-16
      1.64500  9.76468e-14  1.46075e-16
      1.64521  9.88441e-14  1.39855e-16
      1.64543  9.55595e-14  1.36526e-16
      1.64564  9.17780e-14  1.32059e-16
      1.64586  9.18894e-14  1.30185e-16
      1.64608  9.30472e-14  1.30281e-16
      1.64629  9.21637e-14  1.29500e-16
      1.64651  9.20866e-14  1.28792e-16
      1.64672  9.22635e-14  1.28682e-16
      1.64694  9.28931e-14  1.28556e-16
      1.64716  9.34183e-14  1.30917e-16
      1.64737  9.39377e-14  1.33016e-16
      1.64759  9.44925e-14  1.33257e-16
      1.64780  9.56788e-14  1.36338e-16
      1.64802  9.52345e-14  1.38599e-16
      1.64823  9.24574e-14  1.54376e-16
      1.64845  9.11686e-14  1.32220e-16
      1.64867  9.18710e-14  1.29663e-16
      1.64888  9.24129e-14  1.28165e-16
      1.64910  9.19154e-14  1.26611e-16
      1.64931  9.19312e-14  1.28938e-16
      1.64953  9.16954e-14  1.30679e-16
      1.64975  9.15163e-14  1.37082e-16
      1.64996  9.17276e-14  1.33197e-16
      1.65018  9.28758e-14  1.36290e-16
      1.65039  9.44531e-14  1.38470e-16
      1.65061  9.45189e-14  1.36098e-16
      1.65083  9.17189e-14  1.32758e-16
      1.65104  8.90780e-14  1.29676e-16
      1.65126  8.99220e-14  1.29802e-16
      1.65147  9.21949e-14  1.31545e-16
      1.65169  9.33421e-14  1.30394e-16
      1.65190  9.28972e-14  1.36047e-16
      1.65212  9.21660e-14  1.29283e-16
      1.65234  9.19578e-14  1.28240e-16
      1.65255  9.18477e-14  1.28829e-16
      1.65277  9.09434e-14  1.29371e-16
      1.65298  9.18243e-14  1.29796e-16
      1.65320  9.39642e-14  1.31447e-16
      1.65342  9.51934e-14  1.34708e-16
      1.65363  9.31675e-14  1.32125e-16
      1.65385  9.09435e-14  1.27402e-16
      1.65406  9.10990e-14  1.25969e-16
      1.65428  9.27273e-14  1.27162e-16
      1.65449  9.30828e-14  1.28980e-16
      1.65471  9.23332e-14  1.30739e-16
      1.65493  9.21092e-14  1.29451e-16
      1.65514  9.25976e-14  1.31670e-16
      1.65536  9.35718e-14  1.32449e-16
      1.65557  9.32158e-14  1.30576e-16
      1.65579  9.35208e-14  1.30994e-16
      1.65601  9.49680e-14  1.39250e-16
      1.65622  9.57040e-14  1.34758e-16
      1.65644  9.45341e-14  1.33808e-16
      1.65665  9.32582e-14  1.30824e-16
      1.65687  9.41893e-14  1.29480e-16
      1.65708  9.50009e-14  1.30640e-16
      1.65730  9.41211e-14  1.29632e-16
      1.65752  9.30539e-14  1.27591e-16
      1.65773  9.25845e-14  1.26987e-16
      1.65795  9.31824e-14  1.27601e-16
      1.65816  9.50539e-14  1.29254e-16
      1.65838  9.49138e-14  1.28052e-16
      1.65859  9.34241e-14  1.28855e-16
      1.65881  9.33912e-14  1.30359e-16
      1.65903  9.40442e-14  1.33095e-16
      1.65924  9.35543e-14  1.31809e-16
      1.65946  9.22975e-14  1.29211e-16
      1.65967  9.22759e-14  1.27555e-16
      1.65989  9.25789e-14  1.29470e-16
      1.66010  9.32627e-14  1.30846e-16
      1.66032  9.34369e-14  1.30881e-16
      1.66054  9.35190e-14  1.29105e-16
      1.66075  9.35617e-14  1.29806e-16
      1.66097  9.34297e-14  1.30751e-16
      1.66118  9.30683e-14  1.30775e-16
      1.66140  9.38859e-14  1.32056e-16
      1.66161  9.53302e-14  1.33332e-16
      1.66183  9.58073e-14  1.32849e-16
      1.66205  9.52841e-14  1.32014e-16
      1.66226  9.32027e-14  1.28949e-16
      1.66248  9.25672e-14  1.29920e-16
      1.66269  9.52048e-14  1.31220e-16
      1.66291  9.77062e-14  1.34460e-16
      1.66312  9.81775e-14  1.34300e-16
      1.66334  9.73589e-14  1.38330e-16
      1.66356  9.62142e-14  1.30497e-16
      1.66377  9.58328e-14  1.31693e-16
      1.66399  9.58488e-14  1.31996e-16
      1.66420  9.64330e-14  1.31122e-16
      1.66442  9.68613e-14  1.31626e-16
      1.66463  9.67058e-14  1.31528e-16
      1.66485  9.79870e-14  1.50907e-16
      1.66507  1.00213e-13  1.38492e-16
      1.66528  1.01502e-13  1.41971e-16
      1.66550  9.91887e-14  1.40493e-16
      1.66571  9.64085e-14  1.39253e-16
      1.66593  9.42928e-14  1.37098e-16
      1.66614  9.23248e-14  1.32533e-16
      1.66636  9.18277e-14  1.30233e-16
      1.66658  9.27779e-14  1.29410e-16
      1.66679  9.41372e-14  1.29799e-16
      1.66701  9.44920e-14  1.31311e-16
      1.66722  9.42507e-14  1.31542e-16
      1.66744  9.37967e-14  1.30004e-16
      1.66765  9.44182e-14  1.29742e-16
      1.66787  9.36043e-14  1.29313e-16
      1.66808  9.40204e-14  1.31155e-16
      1.66830  9.63784e-14  1.32388e-16
      1.66852  9.67026e-14  1.33041e-16
      1.66873  9.61581e-14  1.34767e-16
      1.66895  9.62300e-14  1.39646e-16
      1.66916  9.57545e-14  1.43468e-16
      1.66938  9.36834e-14  1.41620e-16
      1.66959  9.36186e-14  1.35411e-16
      1.66981  9.48679e-14  1.31387e-16
      1.67002  9.53598e-14  1.29429e-16
      1.67024  9.49678e-14  1.31107e-16
      1.67046  9.50813e-14  1.31438e-16
      1.67067  9.52812e-14  1.33405e-16
      1.67089  9.50021e-14  1.33703e-16
      1.67110  9.42082e-14  1.31186e-16
      1.67132  9.40209e-14  1.30093e-16
      1.67153  9.45628e-14  1.29369e-16
      1.67175  9.42198e-14  1.31278e-16
      1.67197  9.34907e-14  1.30350e-16
      1.67218  9.32373e-14  1.27617e-16
      1.67240  9.34716e-14  1.26174e-16
      1.67261  9.39234e-14  1.28171e-16
      1.67283  9.41803e-14  1.28388e-16
      1.67304  9.41808e-14  1.29360e-16
      1.67326  9.49829e-14  1.32428e-16
      1.67347  9.61469e-14  1.33110e-16
      1.67369  9.80883e-14  1.32662e-16
      1.67391  9.88838e-14  1.32499e-16
      1.67412  9.77962e-14  1.31168e-16
      1.67434  9.45487e-14  1.29338e-16
      1.67455  9.26703e-14  1.26356e-16
      1.67477  9.43922e-14  1.27660e-16
      1.67498  9.75788e-14  1.30957e-16
      1.67520  9.76181e-14  1.31266e-16
      1.67541  9.51752e-14  1.30836e-16
      1.67563  9.49171e-14  1.28504e-16
      1.67584  9.68384e-14  1.29723e-16
      1.67606  9.80119e-14  1.30109e-16
      1.67628  9.68735e-14  1.27874e-16
      1.67649  9.49363e-14  1.27802e-16
      1.67671  9.37873e-14  1.28195e-16
      1.67692  9.47237e-14  1.28688e-16
      1.67714  9.63199e-14  1.31707e-16
      1.67735  9.62257e-14  1.32667e-16
      1.67757  9.43822e-14  1.30179e-16
      1.67778  9.34898e-14  1.28602e-16
      1.67800  9.42985e-14  1.28937e-16
      1.67822  9.39454e-14  1.28162e-16
      1.67843  9.18666e-14  1.25535e-16
      1.67865  9.12090e-14  1.24983e-16
      1.67886  9.24861e-14  1.26338e-16
      1.67908  9.29852e-14  1.26241e-16
      1.67929  9.15742e-14  1.25530e-16
      1.67951  9.07121e-14  1.23573e-16
      1.67972  9.02318e-14  1.24046e-16
      1.67994  9.01570e-14  1.24568e-16
      1.68015  9.01867e-14  1.23243e-16
      1.68037  9.12909e-14  1.25057e-16
      1.68059  9.12240e-14  1.26051e-16
      1.68080  9.01115e-14  1.24267e-16
      1.68102  8.96293e-14  1.23967e-16
      1.68123  8.98249e-14  1.24668e-16
      1.68145  8.99169e-14  1.24847e-16
      1.68166  9.10137e-14  1.24682e-16
      1.68188  9.22354e-14  1.25179e-16
      1.68209  9.29378e-14  1.26349e-16
      1.68231  9.18549e-14  1.23464e-16
      1.68252  9.04387e-14  1.21545e-16
      1.68274  9.06667e-14  1.24003e-16
      1.68296  9.17582e-14  1.26888e-16
      1.68317  9.28188e-14  1.28365e-16
      1.68339  9.49467e-14  1.29839e-16
      1.68360  9.81643e-14  1.32162e-16
      1.68382  9.80135e-14  1.34503e-16
      1.68403  9.40023e-14  1.33516e-16
      1.68425  9.05792e-14  1.28336e-16
      1.68446  9.10818e-14  1.26941e-16
      1.68468  9.25781e-14  1.27224e-16
      1.68489  9.41276e-14  1.28083e-16
      1.68511  9.53482e-14  1.29825e-16
      1.68532  9.53419e-14  1.30883e-16
      1.68554  9.48213e-14  1.28347e-16
      1.68576  9.43910e-14  1.27480e-16
      1.68597  9.38749e-14  1.26294e-16
      1.68619  9.39649e-14  1.25773e-16
      1.68640  9.41174e-14  1.26692e-16
      1.68662  9.36324e-14  1.27526e-16
      1.68683  9.30811e-14  1.28543e-16
      1.68705  9.14423e-14  1.27851e-16
      1.68726  9.09659e-14  1.26494e-16
      1.68748  9.16492e-14  1.26429e-16
      1.68769  9.19558e-14  1.25358e-16
      1.68791  9.18810e-14  1.23906e-16
      1.68812  9.14135e-14  1.24174e-16
      1.68834  9.00471e-14  1.23627e-16
      1.68855  8.86138e-14  1.24864e-16
      1.68877  8.93661e-14  1.23872e-16
      1.68899  9.04032e-14  1.28400e-16
      1.68920  8.92761e-14  1.23411e-16
      1.68942  8.83767e-14  1.23953e-16
      1.68963  8.93320e-14  1.22723e-16
      1.68985  9.18185e-14  1.28978e-16
      1.69006  9.63005e-14  1.39583e-16
      1.69028  9.83421e-14  1.46907e-16
      1.69049  9.63911e-14  1.43339e-16
      1.69071  9.20196e-14  1.34423e-16
      1.69092  9.07513e-14  1.27935e-16
      1.69114  9.24043e-14  1.27521e-16
      1.69135  9.40997e-14  1.27628e-16
      1.69157  9.40068e-14  1.27490e-16
      1.69178  9.17948e-14  1.26036e-16
      1.69200  8.95881e-14  1.26108e-16
      1.69221  8.91394e-14  1.30210e-16
      1.69243  8.82702e-14  1.23510e-16
      1.69264  8.82089e-14  1.22812e-16
      1.69286  8.93010e-14  1.24513e-16
      1.69308  9.21302e-14  1.25517e-16
      1.69329  9.28467e-14  1.25496e-16
      1.69351  9.33766e-14  1.32725e-16
      1.69372  9.32803e-14  1.32725e-16
      1.69394  9.14829e-14  1.26784e-16
      1.69415  8.91803e-14  1.26266e-16
      1.69437  8.80085e-14  1.23365e-16
      1.69458  8.94338e-14  1.22180e-16
      1.69480  9.11558e-14  1.25440e-16
      1.69501  9.11430e-14  1.26977e-16
      1.69523  9.05035e-14  1.30899e-16
      1.69544  9.08525e-14  1.30988e-16
      1.69566  9.11833e-14  1.28860e-16
      1.69587  9.20584e-14  1.33595e-16
      1.69609  9.29055e-14  1.27485e-16
      1.69630  9.56299e-14  1.30263e-16
      1.69652  9.52152e-14  1.32663e-16
      1.69673  9.28464e-14  1.31731e-16
      1.69695  9.07349e-14  1.31385e-16
      1.69716  8.79014e-14  1.27617e-16
      1.69738  8.51694e-14  1.23139e-16
      1.69760  8.60869e-14  1.22284e-16
      1.69781  8.81614e-14  1.23273e-16
      1.69803  8.91512e-14  1.23709e-16
      1.69824  9.09591e-14  1.26313e-16
      1.69846  9.15374e-14  1.26020e-16
      1.69867  9.09022e-14  1.23089e-16
      1.69889  9.08850e-14  1.22086e-16
      1.69910  9.14786e-14  1.25652e-16
      1.69932  9.04579e-14  1.25411e-16
      1.69953  8.72450e-14  1.23599e-16
      1.69975  8.70279e-14  1.24639e-16
      1.69996  8.88842e-14  1.26010e-16
      1.70018  8.90181e-14  1.26442e-16
      1.70039  8.95937e-14  1.27875e-16
      1.70061  9.08335e-14  1.35706e-16
      1.70082  8.79480e-14  1.36339e-16
      1.70104  8.36184e-14  1.28812e-16
      1.70125  8.55781e-14  1.26537e-16
      1.70147  8.92349e-14  1.26298e-16
      1.70168  9.05077e-14  1.25208e-16
      1.70190  9.21150e-14  1.26490e-16
      1.70211  9.27932e-14  1.28244e-16
      1.70233  9.25025e-14  1.26945e-16
      1.70254  9.03958e-14  1.25426e-16
      1.70276  8.94600e-14  1.24187e-16
      1.70297  9.05082e-14  1.25387e-16
      1.70319  9.17456e-14  1.27828e-16
      1.70340  8.98441e-14  1.42232e-16
      1.70362  8.65928e-14  1.22482e-16
      1.70383  8.62006e-14  1.21482e-16
      1.70405  8.66688e-14  1.22724e-16
      1.70426  8.73241e-14  1.24099e-16
      1.70448  8.76876e-14  1.22933e-16
      1.70469  8.87606e-14  1.23734e-16
      1.70491  8.88343e-14  1.24223e-16
      1.70512  8.75607e-14  1.24174e-16
      1.70534  8.61384e-14  1.23284e-16
      1.70555  8.61930e-14  1.22199e-16
      1.70577  8.80598e-14  1.23816e-16
      1.70598  8.95717e-14  1.26171e-16
      1.70620  9.02997e-14  1.26596e-16
      1.70641  9.12247e-14  1.33333e-16
      1.70663  8.94054e-14  1.26230e-16
      1.70684  8.78149e-14  1.24272e-16
      1.70706  8.90859e-14  1.23617e-16
      1.70727  9.05389e-14  1.25261e-16
      1.70749  8.92199e-14  1.26751e-16
      1.70770  8.76023e-14  1.27465e-16
      1.70792  9.02104e-14  1.30113e-16
      1.70813  9.43779e-14  1.34724e-16
      1.70835  9.48896e-14  1.37976e-16
      1.70856  8.76210e-14  1.33550e-16
      1.70878  7.98536e-14  1.23117e-16
      1.70899  8.18145e-14  1.18767e-16
      1.70921  8.68689e-14  1.21965e-16
      1.70942  8.88335e-14  1.23007e-16
      1.70964  8.99653e-14  1.22129e-16
      1.70985  9.03972e-14  1.25569e-16
      1.71007  9.16112e-14  1.28392e-16
      1.71028  9.15526e-14  1.30327e-16
      1.71050  8.91224e-14  1.26802e-16
      1.71071  8.54814e-14  1.21947e-16
      1.71093  8.47076e-14  1.20155e-16
      1.71114  8.64335e-14  1.23388e-16
      1.71136  8.78343e-14  1.22600e-16
      1.71157  8.74028e-14  1.20301e-16
      1.71179  8.60293e-14  1.25032e-16
      1.71200  8.57991e-14  1.28888e-16
      1.71222  8.63169e-14  1.27576e-16
      1.71243  8.71907e-14  1.27177e-16
      1.71265  8.84884e-14  1.31408e-16
      1.71286  8.83329e-14  1.30006e-16
      1.71308  8.76488e-14  1.24773e-16
      1.71329  8.84351e-14  1.24736e-16
      1.71351  9.06689e-14  1.24903e-16
      1.71372  9.29902e-14  1.29128e-16
      1.71394  9.35007e-14  1.33782e-16
      1.71415  8.92133e-14  1.33047e-16
      1.71437  8.06393e-14  1.24043e-16
      1.71458  7.59457e-14  1.24753e-16
      1.71480  7.95897e-14  1.20358e-16
      1.71501  8.35656e-14  1.18989e-16
      1.71523  8.64555e-14  1.20728e-16
      1.71544  8.89197e-14  1.24694e-16
      1.71566  9.21850e-14  1.29479e-16
      1.71587  9.03062e-14  1.30725e-16
      1.71609  8.32041e-14  1.25161e-16
      1.71630  8.17887e-14  1.19868e-16
      1.71652  8.54578e-14  1.20841e-16
      1.71673  8.63500e-14  1.20971e-16
      1.71695  8.58878e-14  1.18909e-16
      1.71716  8.61493e-14  1.19601e-16
      1.71738  8.62145e-14  1.20402e-16
      1.71759  8.58744e-14  1.17861e-16
      1.71781  8.68149e-14  1.18808e-16
      1.71802  8.61352e-14  1.21805e-16
      1.71824  8.41778e-14  1.18938e-16
      1.71845  8.34373e-14  1.17162e-16
      1.71867  8.36093e-14  1.18038e-16
      1.71888  8.31209e-14  1.19077e-16
      1.71910  8.26892e-14  1.17046e-16
      1.71931  8.21852e-14  1.16562e-16
      1.71953  8.23414e-14  1.17561e-16
      1.71974  8.29936e-14  1.19390e-16
      1.71996  8.38741e-14  1.19009e-16
      1.72017  8.49085e-14  1.19470e-16
      1.72038  8.84143e-14  1.23314e-16
      1.72060  9.33673e-14  1.29860e-16
      1.72081  9.84642e-14  1.42556e-16
      1.72103  9.59794e-14  1.50325e-16
      1.72124  8.03727e-14  1.35094e-16
      1.72146  7.12377e-14  1.18013e-16
      1.72167  7.74816e-14  1.17776e-16
      1.72189  8.74046e-14  1.23938e-16
      1.72210  9.06426e-14  1.28694e-16
      1.72232  8.84301e-14  1.25950e-16
      1.72253  8.60253e-14  1.22318e-16
      1.72275  8.54407e-14  1.23108e-16
      1.72296  8.77608e-14  1.27862e-16
      1.72318  9.12002e-14  1.35645e-16
      1.72339  8.58413e-14  1.34030e-16
      1.72361  7.78105e-14  1.21421e-16
      1.72382  8.20098e-14  1.21666e-16
      1.72404  9.20767e-14  1.33583e-16
      1.72425  9.16560e-14  1.38253e-16
      1.72447  8.44579e-14  1.34391e-16
      1.72468  8.04279e-14  1.28838e-16
      1.72490  7.94214e-14  1.25473e-16
      1.72511  8.23040e-14  1.21996e-16
      1.72532  8.59217e-14  1.21522e-16
      1.72554  8.79055e-14  1.23452e-16
      1.72575  9.01830e-14  1.42903e-16
      1.72597  8.79742e-14  1.28384e-16
      1.72618  8.29053e-14  1.22511e-16
      1.72640  7.91610e-14  1.16655e-16
      1.72661  8.02584e-14  1.17187e-16
      1.72683  8.22177e-14  1.19290e-16
      1.72704  8.27953e-14  1.18826e-16
      1.72726  8.29334e-14  1.19599e-16
      1.72747  8.40720e-14  1.21804e-16
      1.72769  8.51647e-14  1.23049e-16
      1.72790  8.65029e-14  1.23913e-16
      1.72812  8.90698e-14  1.28620e-16
      1.72833  9.02275e-14  1.32221e-16
      1.72854  8.83585e-14  1.33494e-16
      1.72876  8.37546e-14  1.27360e-16
      1.72897  7.95848e-14  1.20248e-16
      1.72919  7.87542e-14  1.17910e-16
      1.72940  8.11447e-14  1.16829e-16
      1.72962  8.30332e-14  1.16956e-16
      1.72983  8.45203e-14  1.20261e-16
      1.73005  8.56472e-14  1.20783e-16
      1.73026  8.67277e-14  1.21799e-16
      1.73048  8.84517e-14  1.24735e-16
      1.73069  8.92045e-14  1.25882e-16
      1.73091  8.74751e-14  1.23552e-16
      1.73112  8.53287e-14  1.22388e-16
      1.73134  8.65422e-14  1.25370e-16
      1.73155  9.37930e-14  1.38300e-16
      1.73176  9.69556e-14  1.51509e-16
      1.73198  8.93889e-14  1.50192e-16
      1.73219  7.55133e-14  1.31682e-16
      1.73241  6.95383e-14  1.16728e-16
      1.73262  7.16584e-14  1.13437e-16
      1.73284  7.82142e-14  1.19163e-16
      1.73305  8.16804e-14  1.26355e-16
      1.73327  8.30208e-14  1.19449e-16
      1.73348  8.33015e-14  1.20157e-16
      1.73370  8.32980e-14  1.20757e-16
      1.73391  8.31811e-14  1.21260e-16
      1.73413  8.14774e-14  1.19123e-16
      1.73434  7.92477e-14  1.16246e-16
      1.73455  7.89879e-14  1.16012e-16
      1.73477  7.93392e-14  1.18615e-16
      1.73498  7.94039e-14  1.20529e-16
      1.73520  8.23496e-14  1.25220e-16
      1.73541  8.28629e-14  1.29402e-16
      1.73563  8.09605e-14  1.31470e-16
      1.73584  7.94128e-14  1.35623e-16
      1.73606  7.90128e-14  1.29305e-16
      1.73627  8.13263e-14  1.33720e-16
      1.73649  8.40497e-14  1.39577e-16
      1.73670  7.52864e-14  1.30020e-16
      1.73691  6.71605e-14  1.14615e-16
      1.73713  7.05041e-14  1.13280e-16
      1.73734  7.76872e-14  1.16281e-16
      1.73756  8.23983e-14  1.20222e-16
      1.73777  8.29566e-14  1.20628e-16
      1.73799  8.06376e-14  1.19591e-16
      1.73820  7.98556e-14  1.21121e-16
      1.73842  8.10417e-14  1.26151e-16
      1.73863  8.18283e-14  1.29033e-16
      1.73884  8.26580e-14  1.26108e-16
      1.73906  8.38166e-14  1.24479e-16
      1.73927  8.80123e-14  1.29445e-16
      1.73949  9.03493e-14  1.34256e-16
      1.73970  8.38510e-14  1.28611e-16
      1.73992  7.60794e-14  1.18658e-16
      1.74013  7.52895e-14  1.14767e-16
      1.74035  7.67570e-14  1.17584e-16
      1.74056  7.99160e-14  1.21803e-16
      1.74077  8.95076e-14  1.36639e-16
      1.74099  9.42639e-14  1.49688e-16
      1.74120  8.45374e-14  1.42979e-16
      1.74142  7.25540e-14  1.26495e-16
      1.74163  7.19513e-14  1.18472e-16
      1.74185  7.57011e-14  1.17300e-16
      1.74206  8.02583e-14  1.19710e-16
      1.74228  8.18576e-14  1.20159e-16
      1.74249  7.98710e-14  1.17412e-16
      1.74270  7.91048e-14  1.24070e-16
      1.74292  7.98674e-14  1.20304e-16
      1.74313  8.04737e-14  1.18974e-16
      1.74335  8.18055e-14  1.17877e-16
      1.74356  8.20433e-14  1.19467e-16
      1.74378  8.33123e-14  1.26372e-16
      1.74399  8.81602e-14  1.31659e-16
      1.74421  8.74675e-14  1.38613e-16
      1.74442  7.51900e-14  1.24973e-16
      1.74463  6.81901e-14  1.12322e-16
      1.74485  7.27959e-14  1.15832e-16
      1.74506  7.81559e-14  1.18719e-16
      1.74528  7.94887e-14  1.19371e-16
      1.74549  7.97787e-14  1.17770e-16
      1.74571  8.08295e-14  1.17839e-16
      1.74592  8.33128e-14  1.21486e-16
      1.74614  9.05686e-14  1.33912e-16
      1.74635  1.00460e-13  1.55249e-16
      1.74656  1.00403e-13  1.71522e-16
      1.74678  8.61991e-14  1.64887e-16
      1.74699  7.12311e-14  1.44838e-16
      1.74721  6.30802e-14  1.23898e-16
      1.74742  6.05204e-14  1.09253e-16
      1.74764  6.71361e-14  1.09364e-16
      1.74785  7.47719e-14  1.13012e-16
      1.74806  7.71596e-14  1.15763e-16
      1.74828  7.66781e-14  1.14931e-16
      1.74849  7.85631e-14  1.15152e-16
      1.74871  8.14367e-14  1.17066e-16
      1.74892  8.10013e-14  1.18464e-16
      1.74914  7.93630e-14  1.17287e-16
      1.74935  7.86563e-14  1.16647e-16
      1.74956  7.94621e-14  1.16878e-16
      1.74978  7.98544e-14  1.16334e-16
      1.74999  7.99364e-14  1.16430e-16
      1.75021  7.90741e-14  1.18196e-16
      1.75042  7.66940e-14  1.20138e-16
      1.75064  7.42431e-14  1.13191e-16
      1.75085  7.78168e-14  1.20737e-16
      1.75106  8.91718e-14  1.40489e-16
      1.75128  9.19071e-14  1.66574e-16
      1.75149  7.52641e-14  1.28657e-16
      1.75171  6.41133e-14  1.08453e-16
      1.75192  6.90924e-14  1.08652e-16
      1.75214  7.71069e-14  1.13656e-16
      1.75235  8.09217e-14  1.17379e-16
      1.75256  8.20360e-14  1.18779e-16
      1.75278  8.18607e-14  1.18541e-16
      1.75299  8.16519e-14  1.24127e-16
      1.75321  8.21784e-14  1.20335e-16
      1.75342  8.06546e-14  1.18818e-16
      1.75364  7.89660e-14  1.18339e-16
      1.75385  7.83034e-14  1.17272e-16
      1.75406  7.70233e-14  1.15557e-16
      1.75428  7.65607e-14  1.14667e-16
      1.75449  8.12718e-14  1.22607e-16
      1.75471  9.29928e-14  1.44461e-16
      1.75492  9.41247e-14  1.56055e-16
      1.75513  7.54959e-14  1.33032e-16
      1.75535  6.51499e-14  1.11123e-16
      1.75556  6.97600e-14  1.13203e-16
      1.75578  7.24823e-14  1.12029e-16
      1.75599  7.30712e-14  1.12295e-16
      1.75621  7.80909e-14  1.21012e-16
      1.75642  8.62480e-14  1.35461e-16
      1.75663  8.39182e-14  1.40132e-16
      1.75685  7.60653e-14  1.35124e-16
      1.75706  8.02352e-14  1.37690e-16
      1.75728  8.16225e-14  1.41687e-16
      1.75749  6.69634e-14  1.20634e-16
      1.75770  6.18817e-14  1.06303e-16
      1.75792  6.94529e-14  1.09175e-16
      1.75813  7.37235e-14  1.12502e-16
      1.75835  7.39131e-14  1.12008e-16
      1.75856  7.52454e-14  1.12324e-16
      1.75878  7.64820e-14  1.13581e-16
      1.75899  7.75864e-14  1.15912e-16
      1.75920  7.92385e-14  1.17580e-16
      1.75942  8.10079e-14  1.19776e-16
      1.75963  8.14400e-14  1.19468e-16
      1.75985  8.11040e-14  1.33381e-16
      1.76006  8.08679e-14  1.19600e-16
      1.76027  8.25769e-14  1.21378e-16
      1.76049  8.68595e-14  1.31675e-16
      1.76070  8.79621e-14  1.40211e-16
      1.76092  7.68458e-14  1.31133e-16
      1.76113  6.62606e-14  1.14882e-16
      1.76134  6.91337e-14  1.10196e-16
      1.76156  7.80612e-14  1.16791e-16
      1.76177  8.19662e-14  1.22920e-16
      1.76199  8.48425e-14  1.30205e-16
      1.76220  8.31343e-14  1.34024e-16
      1.76241  7.54070e-14  1.30690e-16
      1.76263  7.33080e-14  1.29671e-16
      1.76284  7.39421e-14  1.29155e-16
      1.76306  6.80406e-14  1.17494e-16
      1.76327  6.33025e-14  1.06201e-16
      1.76349  7.04190e-14  1.10502e-16
      1.76370  7.85095e-14  1.17534e-16
      1.76391  8.10422e-14  1.20148e-16
      1.76413  7.87077e-14  1.19068e-16
      1.76434  7.51623e-14  1.15692e-16
      1.76456  7.38274e-14  1.18860e-16
      1.76477  7.63840e-14  1.21788e-16
      1.76498  8.53867e-14  1.39006e-16
      1.76520  1.03707e-13  1.76667e-16
      1.76541  1.31675e-13  2.53787e-16
      1.76563  1.22268e-13  2.92131e-16
      1.76584  6.16219e-14  1.70040e-16
      1.76605  4.62449e-14  1.11858e-16
      1.76627  5.97421e-14  1.12598e-16
      1.76648  7.22465e-14  1.18748e-16
      1.76670  7.46988e-14  1.20041e-16
      1.76691  7.16426e-14  1.18130e-16
      1.76712  7.02464e-14  1.16251e-16
      1.76734  7.20503e-14  1.17101e-16
      1.76755  7.39945e-14  1.18016e-16
      1.76776  7.43134e-14  1.18435e-16
      1.76798  7.17700e-14  1.15488e-16
      1.76819  6.75021e-14  1.11471e-16
      1.76841  6.69646e-14  1.10468e-16
      1.76862  7.13653e-14  1.14112e-16
      1.76883  7.51035e-14  1.19637e-16
      1.76905  7.75442e-14  1.24225e-16
      1.76926  8.07376e-14  1.32914e-16
      1.76948  8.03316e-14  1.38154e-16
      1.76969  7.38792e-14  1.30080e-16
      1.76990  6.91768e-14  1.18856e-16
      1.77012  7.46406e-14  1.24517e-16
      1.77033  8.69250e-14  1.42029e-16
      1.77055  8.35762e-14  1.43303e-16
      1.77076  6.79902e-14  1.22709e-16
      1.77097  6.23024e-14  1.10112e-16
      1.77119  6.70607e-14  1.09551e-16
      1.77140  7.07020e-14  1.11970e-16
      1.77162  7.38703e-14  1.14598e-16
      1.77183  7.65455e-14  1.19516e-16
      1.77204  7.69816e-14  1.23528e-16
      1.77226  7.42124e-14  1.20392e-16
      1.77247  6.99800e-14  1.16393e-16
      1.77268  6.76592e-14  1.13617e-16
      1.77290  6.72758e-14  1.12136e-16
      1.77311  6.97898e-14  1.15540e-16
      1.77333  7.93920e-14  1.27226e-16
      1.77354  9.46502e-14  1.51104e-16
      1.77375  9.59155e-14  1.68562e-16
      1.77397  7.97767e-14  1.54729e-16
      1.77418  6.55813e-14  1.31925e-16
      1.77440  6.26179e-14  1.21138e-16
      1.77461  6.36870e-14  1.16369e-16
      1.77482  6.59076e-14  1.15412e-16
      1.77504  6.77400e-14  1.16993e-16
      1.77525  7.44081e-14  1.25908e-16
      1.77546  8.39045e-14  1.43743e-16
      1.77568  9.02654e-14  1.64700e-16
      1.77589  8.40924e-14  1.73280e-16
      1.77611  6.27669e-14  1.43954e-16
      1.77632  5.05913e-14  1.13475e-16
      1.77653  5.54268e-14  1.09352e-16
      1.77675  6.43092e-14  1.18589e-16
      1.77696  6.81280e-14  1.15799e-16
      1.77717  7.07062e-14  1.15736e-16
      1.77739  7.50645e-14  1.19948e-16
      1.77760  7.72919e-14  1.23874e-16
      1.77782  7.96198e-14  1.30871e-16
      1.77803  8.77661e-14  1.50099e-16
      1.77824  9.75171e-14  1.78659e-16
      1.77846  1.00438e-13  2.07273e-16
      1.77867  8.44988e-14  1.99278e-16
      1.77888  5.56051e-14  1.42406e-16
      1.77910  4.61564e-14  1.07169e-16
      1.77931  5.58644e-14  1.05765e-16
      1.77953  6.41019e-14  1.11287e-16
      1.77974  6.77013e-14  1.12879e-16
      1.77995  7.12858e-14  1.14752e-16
      1.78017  7.58454e-14  1.18966e-16
      1.78038  7.98546e-14  1.25908e-16
      1.78059  9.04870e-14  1.48481e-16
      1.78081  1.08674e-13  2.18333e-16
      1.78102  1.00599e-13  2.24035e-16
      1.78124  5.97871e-14  1.62151e-16
      1.78145  4.49615e-14  1.19616e-16
      1.78166  5.12144e-14  1.10691e-16
      1.78188  6.08575e-14  1.10011e-16
      1.78209  7.14404e-14  1.16627e-16
      1.78230  7.55507e-14  1.21807e-16
      1.78252  7.22526e-14  1.18099e-16
      1.78273  7.14508e-14  1.17269e-16
      1.78294  7.48719e-14  1.22671e-16
      1.78316  7.59213e-14  1.25859e-16
      1.78337  7.54998e-14  1.26936e-16
      1.78359  7.90031e-14  1.32025e-16
      1.78380  8.81904e-14  1.48528e-16
      1.78401  9.46167e-14  1.70407e-16
      1.78423  9.89251e-14  1.99444e-16
      1.78444  1.06882e-13  2.57550e-16
      1.78465  8.28157e-14  2.56526e-16
      1.78487  4.08622e-14  1.34845e-16
      1.78508  4.33083e-14  1.11930e-16
      1.78529  6.69951e-14  1.37384e-16
      1.78551  8.89684e-14  1.78823e-16
      1.78572  7.67603e-14  1.78923e-16
      1.78594  5.25248e-14  1.35892e-16
      1.78615  5.25840e-14  1.19740e-16
      1.78636  6.39654e-14  1.26017e-16
      1.78658  7.81517e-14  1.47909e-16
      1.78679  8.83902e-14  1.79983e-16
      1.78700  7.34955e-14  1.70962e-16
      1.78722  5.15149e-14  1.28534e-16
      1.78743  5.02886e-14  1.11541e-16
      1.78764  5.85344e-14  1.13250e-16
      1.78786  6.63644e-14  1.21695e-16
      1.78807  7.26623e-14  1.27953e-16
      1.78828  8.07070e-14  1.39097e-16
      1.78850  8.48496e-14  1.47703e-16
      1.78871  7.20751e-14  1.33259e-16
      1.78893  6.18829e-14  1.18434e-16
      1.78914  6.53636e-14  1.15100e-16
      1.78935  7.30175e-14  1.17023e-16
      1.78957  7.59627e-14  1.22910e-16
      1.78978  8.12012e-14  1.33463e-16
      1.78999  9.16095e-14  1.53369e-16
      1.79021  9.59040e-14  1.77391e-16
      1.79042  9.06653e-14  1.91097e-16
      1.79063  7.61142e-14  1.75789e-16
      1.79085  6.45138e-14  1.56665e-16
      1.79106  5.84044e-14  1.40078e-16
      1.79127  5.76147e-14  1.33293e-16
      1.79149  6.31517e-14  1.37313e-16
      1.79170  7.46760e-14  1.55186e-16
      1.79191  8.01742e-14  1.78719e-16
      1.79213  7.02110e-14  1.72253e-16
      1.79234  6.50762e-14  1.62991e-16
      1.79255  5.80575e-14  1.42312e-16
      1.79277  5.88522e-14  1.37800e-16
      1.79298  7.87424e-14  1.64976e-16
      1.79320  1.05286e-13  2.23627e-16
      1.79341  1.00459e-13  2.59436e-16
      1.79362  6.75496e-14  2.13304e-16
      1.79384  4.65982e-14  1.53985e-16
      1.79405  4.50913e-14  1.29296e-16
      1.79426  5.67466e-14  1.29604e-16
      1.79448  6.85625e-14  1.38777e-16
      1.79469  7.89331e-14  1.60205e-16
      1.79490  8.57639e-14  1.89101e-16
      1.79512  7.04957e-14  1.68068e-16
      1.79533  5.46949e-14  1.33128e-16
      1.79554  6.67717e-14  1.43280e-16
      1.79576  8.92267e-14  1.81546e-16
      1.79597  8.14050e-14  1.86251e-16
      1.79618  5.82160e-14  1.49820e-16
      1.79640  6.43806e-14  1.56925e-16
      1.79661  8.77644e-14  2.07169e-16
      1.79682  7.40684e-14  1.93668e-16
      1.79704  4.84675e-14  1.35417e-16
      1.79725  5.31919e-14  1.20912e-16
      1.79746  6.95977e-14  1.40555e-16
      1.79768  8.97218e-14  1.77407e-16
      1.79789  8.70465e-14  1.91036e-16
      1.79810  6.04210e-14  1.42487e-16
      1.79832  5.27040e-14  1.12934e-16
      1.79853  6.46030e-14  1.15663e-16
      1.79874  7.43095e-14  1.25905e-16
      1.79896  7.83421e-14  1.38005e-16
      1.79917  8.86922e-14  1.69280e-16
      1.79938  1.19291e-13  2.60013e-16
      1.79960  1.66180e-13  4.77737e-16
      1.79981  1.52435e-13  6.60007e-16
      1.80002  8.04956e-14  5.44874e-16
      1.80024  5.09149e-14  3.35406e-16
      1.80045  4.82114e-14  2.98045e-16
      1.80066  7.36220e-14  4.05264e-16
      1.80088  1.05968e-13  6.52087e-16
      1.80109  6.95162e-14  5.72035e-16
      1.80130  3.76728e-14  3.26495e-16
      1.80152  4.31157e-14  2.68277e-16
      1.80173  5.98596e-14  3.01802e-16
      1.80194  7.79654e-14  3.83438e-16
      1.80216  7.44217e-14  4.13788e-16
      1.80237  5.21108e-14  3.22567e-16
      1.80258  3.37950e-14  1.93033e-16
      1.80280  3.65713e-14  1.52140e-16
      1.80301  6.35188e-14  1.94025e-16
      1.80322  9.89715e-14  2.80483e-16
      1.80343  9.69817e-14  3.26990e-16
      1.80365  5.37405e-14  2.10245e-16
      1.80386  4.11250e-14  1.48299e-16
      1.80407  5.68639e-14  1.58684e-16
      1.80429  6.98203e-14  1.69093e-16
      1.80450  6.29856e-14  1.70092e-16
      1.80471  5.66631e-14  1.34208e-16
      1.80493  6.90596e-14  1.47498e-16
      1.80514  9.82520e-14  2.08141e-16
      1.80535  1.50786e-13  3.86986e-16
      1.80557  2.18571e-13  8.87445e-16
      1.80578  1.92648e-13  1.49074e-15
      1.80599  9.58912e-14  1.38904e-15
      1.80621  3.67037e-14  6.65098e-16
      1.80642  1.50750e-14  2.42687e-16
      1.80663  2.61623e-14  1.81161e-16
      1.80685  5.07825e-14  2.11851e-16
      1.80706  9.17855e-14  3.34167e-16
      1.80727  1.05338e-13  4.69200e-16
      1.80749  4.47149e-14  2.47405e-16
      1.80770  2.68309e-14  1.32367e-16
      1.80791  4.15065e-14  1.29906e-16
      1.80812  6.49115e-14  1.58731e-16
      1.80834  8.78352e-14  2.10039e-16
      1.80855  9.75391e-14  2.72338e-16
      1.80876  7.90937e-14  2.69204e-16
      1.80898  5.47577e-14  2.02401e-16
      1.80919  5.04653e-14  1.68235e-16
      1.80940  5.84818e-14  1.62900e-16
      1.80962  7.35262e-14  1.80696e-16
      1.80983  9.49680e-14  2.29349e-16
      1.81004  1.34039e-13  3.73514e-16
      1.81026  1.86414e-13  7.59642e-16
      1.81047  1.95375e-13  1.38246e-15
      1.81068  1.13853e-13  1.49576e-15
      1.81090  4.15460e-14  7.37123e-16
      1.81111  1.58500e-14  2.73061e-16
      1.81132  2.89552e-14  2.17723e-16
      1.81153  6.29194e-14  2.85422e-16
      1.81175  1.14920e-13  4.88353e-16
      1.81196  1.52124e-13  8.58429e-16
      1.81217  9.91339e-14  8.42022e-16
      1.81239  6.69157e-14  7.36026e-16
      1.81260  7.49858e-14  1.00592e-15
      1.81281  3.40081e-14  5.63464e-16
      1.81303  2.83022e-14  3.59166e-16
      1.81324  4.57001e-14  3.16837e-16
      1.81345  4.17491e-14  2.19515e-16
      1.81366  3.79367e-14  1.58266e-16
      1.81388  4.91311e-14  1.50248e-16
      1.81409  6.81298e-14  1.68348e-16
      1.81430  9.09274e-14  2.11550e-16
      1.81452  1.24542e-13  3.19247e-16
      1.81473  1.86101e-13  6.59410e-16
      1.81494  2.25943e-13  1.42224e-15
      1.81516  1.54463e-13  1.91426e-15
      1.81537  9.81488e-14  2.23404e-15
      1.81558  5.79328e-14  1.86663e-15
      1.81579  3.17442e-14  1.21604e-15
      1.81601  3.24352e-14  7.16609e-16
      1.81622  2.57684e-14  3.80616e-16
      1.81643  3.95357e-14  3.43944e-16
      1.81665  7.07353e-14  4.64062e-16
      1.81686  6.97859e-14  4.80230e-16
      1.81707  3.13587e-14  2.37269e-16
      1.81728  3.15141e-14  1.72268e-16
      1.81750  4.98627e-14  1.83470e-16
      1.81771  7.55371e-14  2.41915e-16
      1.81792  1.06749e-13  3.75358e-16
      1.81814  1.48442e-13  7.36153e-16
      1.81835  1.42889e-13  1.28739e-15
      1.81856  3.97990e-14  5.33157e-16
      1.81878  2.25537e-14  2.80478e-16
      1.81899  4.39108e-14  2.72567e-16
      1.81920  7.60804e-14  3.54766e-16
      1.81941  1.27341e-13  6.28012e-16
      1.81963  1.85366e-13  1.47420e-15
      1.81984  1.80618e-13  3.15282e-15
      1.82005  8.75282e-14  3.72932e-15
      1.82027  4.78960e-14  3.64375e-15
      1.82048  5.84772e-14  6.75892e-15
      1.82069  3.07598e-14  7.70657e-15
      1.82090  2.60660e-14  3.68740e-15
      1.82112  3.72392e-14  2.43909e-15
      1.82133  4.76214e-14  2.60436e-15
      1.82154  5.94344e-14  3.53946e-15
      1.82176  5.50587e-14  4.35132e-15
      1.82197  4.39097e-14  4.57822e-15
      1.82218  3.20822e-14  4.15124e-15
      1.82239  1.47729e-14  1.73611e-15
      1.82261  7.92542e-15  4.78151e-16
      1.82282  1.71458e-14  2.53466e-16
      1.82303  3.23595e-14  2.10661e-16
      1.82324  4.50515e-14  1.87559e-16
      1.82346  5.67001e-14  1.85766e-16
      1.82367  6.81524e-14  1.98401e-16
      1.82388  7.66290e-14  2.16437e-16
      1.82410  8.16066e-14  2.63495e-16
      1.82431  9.24351e-14  2.80280e-16
      1.82452  1.20017e-13  4.14088e-16
      1.82473  1.38121e-13  6.08397e-16
      1.82495  1.10739e-13  6.93323e-16
      1.82516  8.63320e-14  6.76410e-16
      1.82537  1.02738e-13  8.99562e-16
      1.82559  1.17785e-13  1.38596e-15
      1.82580  1.20721e-13  2.57441e-15
      1.82601  8.40728e-14  4.11935e-15
      1.82622  5.07770e-14  4.84901e-15
      1.82644  5.18861e-14  6.88498e-15
      1.82665  1.74530e-14  2.45241e-15
      1.82686  1.31676e-14  6.86789e-16
      1.82707  3.06188e-14  4.48611e-16
      1.82729  5.76297e-14  5.08067e-16
      1.82750  8.84389e-14  7.25308e-16
      1.82771  1.10757e-13  1.14729e-15
      1.82793  1.36575e-13  2.22019e-15
      1.82814  1.51805e-13  4.69218e-15
      1.82835  7.52082e-14  4.77009e-15
      1.82856  3.25962e-14  3.51617e-15
      1.82878  3.25241e-14  3.06012e-15
      1.82899  3.20902e-14  2.40933e-15
      1.82920  3.77592e-14  1.71931e-15
      1.82941  5.96701e-14  1.62671e-15
      1.82963  7.67139e-14  1.90280e-15
      1.82984  8.33021e-14  2.86642e-15
      1.83005  7.06736e-14  3.60583e-15
      1.83026  7.94214e-14  5.26984e-15
      1.83048  6.92151e-14  5.76530e-15
      1.83069  3.35572e-14  3.70616e-15
      1.83090  2.25260e-14  2.48839e-15
      1.83112  3.49227e-14  3.03700e-15
      1.83133  5.66056e-14  3.65321e-15
      1.83154  4.01693e-14  2.21290e-15
      1.83175  3.74872e-14  1.41988e-15
      1.83197  5.36739e-14  1.42199e-15
      1.83218  9.93185e-14  2.95589e-15
      1.83239  1.73244e-13  1.09286e-14
      1.83260  8.87114e-14  1.50147e-14
      1.83282 -1.30512e-15  5.01159e-15
      1.83303  8.10737e-15  1.57441e-15
      1.83324  1.92350e-14  7.02564e-16
      1.83345  3.83336e-14  5.86688e-16
      1.83367  6.93909e-14  7.39605e-16
      1.83388  1.13657e-13  1.28258e-15
      1.83409  1.56978e-13  2.82577e-15
      1.83430  1.46462e-13  5.44419e-15
      1.83452  7.57019e-14  6.30839e-15
      1.83473  2.15272e-14  3.20251e-15
      1.83494  2.52035e-14  3.33236e-15
      1.83515  7.68713e-14  6.04184e-15
      1.83537  1.08600e-13  1.04377e-14
      1.83558  5.68051e-14  1.10363e-14
      1.83579  8.46419e-15  6.98269e-15
      1.83600  4.88343e-15  4.01939e-15
      1.83622  2.47122e-14  4.98118e-15
      1.83643  5.35480e-14  6.72898e-15
      1.83664  8.10079e-14  7.81675e-15
      1.83685  8.07233e-14  8.96279e-15
      1.83707  4.88616e-14  7.32626e-15
      1.83728  2.38566e-14  8.27662e-15
      1.83749  6.45836e-16  6.46217e-15
      1.83770  5.81784e-15  9.84286e-15
      1.83792  3.25123e-14  1.13024e-14
      1.83813  4.29798e-14  9.51156e-15
      1.83834  4.05265e-14  6.60164e-15
      1.83855  3.28236e-14  4.55535e-15
      1.83877  5.26597e-14  4.55570e-15
      1.83898  5.73389e-14  5.02921e-15
      1.83919  3.55547e-14  4.54895e-15
      1.83940  1.40223e-14  3.05005e-15
      1.83962  2.05604e-14  3.02424e-15
      1.83983  3.70696e-14  5.11112e-15
      1.84004  4.90760e-14  8.04790e-15
      1.84025  3.69315e-14  8.37048e-15
      1.84047  4.08049e-14  7.59842e-15
      1.84068  4.06819e-14  5.03274e-15
      1.84089  3.23340e-14  3.53829e-15
      1.84110  3.80459e-14  3.41419e-15
      1.84131  3.88198e-14  4.21079e-15
      1.84153  4.00715e-14  7.37162e-15
      1.84174  1.13521e-14  1.42853e-14
      1.84195 -1.14424e-14  1.37811e-14
      1.84216 -1.82524e-14  1.36258e-14
      1.84238  1.65651e-14  1.00334e-14
      1.84259  2.63019e-14  6.46375e-15
      1.84280  2.94212e-14  3.57608e-15
      1.84301  3.61821e-14  2.64899e-15
      1.84323  5.08130e-14  2.95512e-15
      1.84344  4.92238e-14  3.35603e-15
      1.84365  3.28164e-14  2.55757e-15
      1.84386  1.97009e-14  1.28898e-15
      1.84408  1.77655e-14  6.52385e-16
      1.84429  2.91378e-14  4.79276e-16
      1.84450  4.68205e-14  4.73310e-16
      1.84471  6.23920e-14  5.17635e-16
      1.84492  7.22011e-14  5.87153e-16
      1.84514  8.56573e-14  7.52712e-16
      1.84535  1.14980e-13  1.19805e-15
      1.84556  1.48295e-13  2.35507e-15
      1.84577  1.24132e-13  3.76314e-15
      1.84599  6.63259e-14  3.68569e-15
      1.84620  5.92705e-14  5.54958e-15
      1.84641  4.81622e-14  7.88164e-15
      1.84662  2.32859e-14  5.66825e-15
      1.84684  1.33354e-14  6.92493e-15
      1.84705  1.51550e-14  1.10226e-14
      1.84726  3.18468e-14  1.11567e-14
      1.84747  3.78908e-14  8.73140e-15
      1.84768  2.86208e-14  6.45502e-15
      1.84790  2.23463e-14  5.52324e-15
      1.84811  2.84102e-14  6.07530e-15
      1.84832  3.63445e-14  9.08280e-15
      1.84853  4.67584e-14  1.09722e-14
      1.84875  5.38595e-14  9.70798e-15
      1.84896  2.73067e-14  7.51639e-15
      1.84917  1.97619e-14  4.94412e-15
      1.84938  2.57100e-14  3.17702e-15
      1.84959  4.41853e-14  2.83621e-15
      1.84981  5.75666e-14  3.27977e-15
      1.85002  5.17924e-14  3.73875e-15
