      1.13033  6.98588e-14  7.59206e-16
      1.13051  7.56766e-14  6.56388e-16
      1.13068  8.05600e-14  6.06772e-16
      1.13085  8.13887e-14  5.70147e-16
      1.13103  7.92929e-14  5.33643e-16
      1.13120  8.05073e-14  5.48674e-16
      1.13138  8.12767e-14  5.67401e-16
      1.13155  7.91300e-14  5.57216e-16
      1.13173  7.90453e-14  5.56128e-16
      1.13190  8.13705e-14  5.59328e-16
      1.13208  8.42757e-14  5.91113e-16
      1.13225  8.56309e-14  6.45130e-16
      1.13242  8.22335e-14  6.66591e-16
      1.13260  7.75446e-14  6.50472e-16
      1.13277  7.77058e-14  6.23554e-16
      1.13295  8.33582e-14  6.34928e-16
      1.13312  8.83722e-14  7.17208e-16
      1.13330  8.86240e-14  8.69224e-16
      1.13347  8.08843e-14  1.03747e-15
      1.13365  6.95442e-14  1.06872e-15
      1.13382  7.39860e-14  1.03365e-15
      1.13399  8.24216e-14  1.08130e-15
      1.13417  8.29567e-14  1.20350e-15
      1.13434  8.49770e-14  1.51023e-15
      1.13452  9.03290e-14  2.20087e-15
      1.13469  8.58164e-14  3.62723e-15
      1.13487  5.83695e-14  5.42026e-15
      1.13504  4.48868e-14  4.31145e-15
      1.13521  4.90829e-14  1.72824e-15
      1.13539  6.10837e-14  9.46856e-16
      1.13556  7.54144e-14  7.43637e-16
      1.13574  8.95560e-14  7.71478e-16
      1.13591  9.17812e-14  8.79325e-16
      1.13609  7.41058e-14  9.04694e-16
      1.13626  6.56680e-14  7.96915e-16
      1.13644  7.34018e-14  6.77698e-16
      1.13661  8.03698e-14  6.05829e-16
      1.13678  8.40454e-14  6.04554e-16
      1.13696  8.32773e-14  5.88384e-16
      1.13713  8.18139e-14  5.60391e-16
      1.13731  8.20544e-14  6.00590e-16
      1.13748  7.78456e-14  6.62052e-16
      1.13766  7.07962e-14  6.56158e-16
      1.13783  7.26034e-14  5.90097e-16
      1.13800  8.01736e-14  5.67272e-16
      1.13818  8.86508e-14  5.93748e-16
      1.13835  8.99924e-14  6.54628e-16
      1.13853  7.87339e-14  6.65781e-16
      1.13870  7.11267e-14  6.12421e-16
      1.13888  7.57339e-14  5.34206e-16
      1.13905  8.03133e-14  4.87280e-16
      1.13923  8.16867e-14  4.80399e-16
      1.13940  8.40823e-14  4.86793e-16
      1.13957  8.92158e-14  5.22212e-16
      1.13975  9.06227e-14  6.14192e-16
      1.13992  8.01878e-14  6.76282e-16
      1.14010  7.39171e-14  6.19461e-16
      1.14027  7.96748e-14  5.49180e-16
      1.14045  8.56356e-14  5.19032e-16
      1.14062  9.06333e-14  5.78978e-16
      1.14079  8.44537e-14  6.50424e-16
      1.14097  7.53290e-14  6.55591e-16
      1.14114  8.01924e-14  6.51649e-16
      1.14132  8.66816e-14  6.23803e-16
      1.14149  8.19440e-14  5.98699e-16
      1.14167  7.76661e-14  5.89021e-16
      1.14184  8.30202e-14  5.67107e-16
      1.14202  8.68421e-14  5.67661e-16
      1.14219  8.23050e-14  5.72988e-16
      1.14236  8.11862e-14  5.59858e-16
      1.14254  8.52753e-14  5.27698e-16
      1.14271  8.74853e-14  5.19123e-16
      1.14289  8.37515e-14  5.08787e-16
      1.14306  7.94435e-14  4.94215e-16
      1.14324  8.06593e-14  4.83863e-16
      1.14341  8.77101e-14  5.02401e-16
      1.14358  9.11522e-14  5.67042e-16
      1.14376  8.22186e-14  6.79072e-16
      1.14393  7.53631e-14  8.56184e-16
      1.14411  8.08010e-14  9.84054e-16
      1.14428  8.27942e-14  1.00050e-15
      1.14446  8.37514e-14  9.29962e-16
      1.14463  9.16505e-14  8.71825e-16
      1.14481  9.12881e-14  7.44088e-16
      1.14498  8.39787e-14  6.93798e-16
      1.14515  8.26019e-14  6.94471e-16
      1.14533  8.18460e-14  6.92959e-16
      1.14550  7.92181e-14  6.83995e-16
      1.14568  8.26513e-14  6.82075e-16
      1.14585  8.28260e-14  6.39418e-16
      1.14603  8.17231e-14  6.13456e-16
      1.14620  8.74672e-14  6.41204e-16
      1.14637  9.20566e-14  7.42070e-16
      1.14655  8.57779e-14  8.70430e-16
      1.14672  7.99603e-14  9.34342e-16
      1.14690  8.28846e-14  9.00007e-16
      1.14707  8.79326e-14  8.84326e-16
      1.14725  8.78704e-14  9.35239e-16
      1.14742  7.79015e-14  9.03270e-16
      1.14760  6.96427e-14  7.31796e-16
      1.14777  7.37662e-14  5.81200e-16
      1.14794  7.92447e-14  4.89374e-16
      1.14812  8.23037e-14  4.62527e-16
      1.14829  8.63206e-14  4.66568e-16
      1.14847  9.23604e-14  4.96134e-16
      1.14864  9.18783e-14  5.57876e-16
      1.14882  8.03917e-14  5.83937e-16
      1.14899  7.76831e-14  5.44577e-16
      1.14916  8.56542e-14  5.12363e-16
      1.14934  9.63939e-14  5.47976e-16
      1.14951  1.01922e-13  6.53883e-16
      1.14969  9.41149e-14  8.38567e-16
      1.14986  7.40059e-14  8.98258e-16
      1.15004  6.85045e-14  7.26291e-16
      1.15021  7.47714e-14  5.65803e-16
      1.15039  8.07768e-14  5.00273e-16
      1.15056  8.56258e-14  4.94494e-16
      1.15073  8.67900e-14  5.16235e-16
      1.15091  8.60063e-14  5.41552e-16
      1.15108  8.57411e-14  6.45943e-16
      1.15126  8.08834e-14  5.43469e-16
      1.15143  7.97486e-14  4.95172e-16
      1.15161  8.69654e-14  4.78045e-16
      1.15178  9.48161e-14  5.19442e-16
      1.15195  8.94491e-14  5.70998e-16
      1.15213  8.14721e-14  5.78645e-16
      1.15230  8.76376e-14  6.04055e-16
      1.15248  9.25680e-14  6.59487e-16
      1.15265  7.84195e-14  6.52687e-16
      1.15283  7.05856e-14  5.59219e-16
      1.15300  7.83460e-14  4.77530e-16
      1.15318  8.64133e-14  4.49065e-16
      1.15335  9.09234e-14  4.69201e-16
      1.15352  9.20576e-14  5.25080e-16
      1.15370  8.84930e-14  5.79031e-16
      1.15387  8.43481e-14  6.15409e-16
      1.15405  8.35864e-14  6.30089e-16
      1.15422  8.27534e-14  6.19650e-16
      1.15440  7.79693e-14  5.59372e-16
      1.15457  7.92716e-14  4.93609e-16
      1.15474  8.57398e-14  4.75417e-16
      1.15492  8.70943e-14  4.71512e-16
      1.15509  8.66715e-14  4.66348e-16
      1.15527  8.96936e-14  4.69834e-16
      1.15544  9.22955e-14  4.96062e-16
      1.15562  8.87396e-14  5.20561e-16
      1.15579  8.10089e-14  5.10872e-16
      1.15596  8.02051e-14  4.70358e-16
      1.15614  8.57358e-14  4.46568e-16
      1.15631  8.88827e-14  4.53228e-16
      1.15649  8.40605e-14  4.57911e-16
      1.15666  8.12703e-14  4.43917e-16
      1.15684  8.45460e-14  4.27379e-16
      1.15701  8.78261e-14  4.29287e-16
      1.15719  8.73665e-14  4.37774e-16
      1.15736  8.60729e-14  4.47866e-16
      1.15753  8.85690e-14  4.78391e-16
      1.15771  8.70026e-14  5.03519e-16
      1.15788  8.04326e-14  4.91195e-16
      1.15806  8.21241e-14  4.49820e-16
      1.15823  8.66583e-14  4.23483e-16
      1.15841  8.71253e-14  4.16894e-16
      1.15858  8.83943e-14  4.23317e-16
      1.15875  9.15412e-14  4.47420e-16
      1.15893  8.80576e-14  4.54936e-16
      1.15910  8.26931e-14  4.34355e-16
      1.15928  8.42426e-14  4.18786e-16
      1.15945  8.74346e-14  4.18245e-16
      1.15963  8.73378e-14  4.25855e-16
      1.15980  8.74549e-14  4.35147e-16
      1.15997  9.04856e-14  4.48710e-16
      1.16015  9.14313e-14  4.71731e-16
      1.16032  8.60502e-14  4.79748e-16
      1.16050  8.28208e-14  4.62197e-16
      1.16067  8.41573e-14  4.30929e-16
      1.16085  8.63458e-14  4.11095e-16
      1.16102  8.94097e-14  4.08001e-16
      1.16120  9.07048e-14  4.10973e-16
      1.16137  8.74383e-14  4.14201e-16
      1.16154  8.40056e-14  4.07418e-16
      1.16172  8.47903e-14  3.98036e-16
      1.16189  8.76431e-14  3.93371e-16
      1.16207  8.85945e-14  4.01081e-16
      1.16224  8.57438e-14  4.11767e-16
      1.16242  8.27700e-14  4.07274e-16
      1.16259  8.28194e-14  3.88735e-16
      1.16276  8.52339e-14  3.76729e-16
      1.16294  8.77169e-14  3.67666e-16
      1.16311  8.90490e-14  3.63778e-16
      1.16329  9.03038e-14  3.81792e-16
      1.16346  8.95165e-14  3.90900e-16
      1.16364  8.71820e-14  3.94879e-16
      1.16381  8.55710e-14  3.94715e-16
      1.16398  8.75362e-14  3.87740e-16
      1.16416  9.03182e-14  3.80744e-16
      1.16433  9.07701e-14  3.81732e-16
      1.16451  9.04886e-14  3.82215e-16
      1.16468  9.07483e-14  3.91077e-16
      1.16486  9.10763e-14  4.01313e-16
      1.16503  9.05571e-14  4.10565e-16
      1.16520  8.76060e-14  4.08462e-16
      1.16538  8.74905e-14  3.90519e-16
      1.16555  8.87520e-14  3.95131e-16
      1.16573  8.51818e-14  4.02272e-16
      1.16590  8.03526e-14  3.89662e-16
      1.16608  8.13799e-14  3.71577e-16
      1.16625  8.57630e-14  3.67505e-16
      1.16643  8.93536e-14  3.78359e-16
      1.16660  8.89665e-14  3.76863e-16
      1.16677  8.69935e-14  3.74523e-16
      1.16695  8.67762e-14  3.75577e-16
      1.16712  8.55800e-14  3.75677e-16
      1.16730  8.50409e-14  3.68463e-16
      1.16747  8.72950e-14  3.66321e-16
      1.16765  8.81585e-14  3.72101e-16
      1.16782  8.71016e-14  3.69419e-16
      1.16799  8.88535e-14  3.65677e-16
      1.16817  9.04951e-14  3.70700e-16
      1.16834  8.77461e-14  3.70426e-16
      1.16852  8.41021e-14  3.63735e-16
      1.16869  8.31638e-14  3.55868e-16
      1.16887  8.50799e-14  3.53809e-16
      1.16904  8.86845e-14  3.59820e-16
      1.16921  9.02918e-14  3.69501e-16
      1.16939  8.85711e-14  3.65416e-16
      1.16956  8.67881e-14  3.46008e-16
      1.16974  8.65144e-14  3.39507e-16
      1.16991  8.69013e-14  3.51384e-16
      1.17009  8.66052e-14  3.60964e-16
      1.17026  8.58694e-14  3.58314e-16
      1.17043  8.53936e-14  3.56844e-16
      1.17061  8.59754e-14  3.54140e-16
      1.17078  8.78827e-14  3.53222e-16
      1.17096  8.77109e-14  3.52242e-16
      1.17113  8.58786e-14  3.47451e-16
      1.17131  8.53488e-14  3.35958e-16
      1.17148  8.63047e-14  3.30002e-16
      1.17165  8.65951e-14  3.34828e-16
      1.17183  8.55192e-14  3.35193e-16
      1.17200  8.69633e-14  3.40809e-16
      1.17218  8.84178e-14  3.53079e-16
      1.17235  8.67595e-14  3.52622e-16
      1.17253  8.64646e-14  3.49494e-16
      1.17270  8.76266e-14  3.44657e-16
      1.17287  8.81837e-14  3.40279e-16
      1.17305  8.77084e-14  3.44842e-16
      1.17322  8.77957e-14  3.42097e-16
      1.17340  8.90113e-14  3.51509e-16
      1.17357  8.93516e-14  3.66289e-16
      1.17375  8.89550e-14  3.79331e-16
      1.17392  8.73582e-14  3.91677e-16
      1.17409  8.42959e-14  3.93323e-16
      1.17427  8.27960e-14  3.74263e-16
      1.17444  8.42901e-14  3.47890e-16
      1.17462  8.58857e-14  3.26079e-16
      1.17479  8.62218e-14  3.71817e-16
      1.17497  8.58168e-14  3.20285e-16
      1.17514  8.51285e-14  3.22839e-16
      1.17531  8.12917e-14  3.31880e-16
      1.17549  7.78568e-14  3.29558e-16
      1.17566  7.80650e-14  3.25414e-16
      1.17584  7.99965e-14  3.16013e-16
      1.17601  8.25341e-14  3.10816e-16
      1.17619  8.47503e-14  3.13660e-16
      1.17636  8.68628e-14  3.12718e-16
      1.17653  8.82176e-14  3.73592e-16
      1.17671  8.74582e-14  3.30643e-16
      1.17688  8.69102e-14  3.28107e-16
      1.17706  8.67707e-14  3.21736e-16
      1.17723  8.73932e-14  3.28470e-16
      1.17741  8.81779e-14  3.56373e-16
      1.17758  8.44877e-14  3.67740e-16
      1.17775  7.92791e-14  3.49607e-16
      1.17793  8.01572e-14  3.36348e-16
      1.17810  8.38741e-14  3.33050e-16
      1.17828  8.53813e-14  3.32498e-16
      1.17845  8.63606e-14  3.32543e-16
      1.17863  8.75258e-14  3.24869e-16
      1.17880  8.82516e-14  3.18098e-16
      1.17897  8.86246e-14  3.14265e-16
      1.17915  8.93190e-14  3.27691e-16
      1.17932  8.92856e-14  3.37507e-16
      1.17950  8.76881e-14  3.49312e-16
      1.17967  8.47732e-14  3.47112e-16
      1.17985  8.31856e-14  3.30334e-16
      1.18002  8.32542e-14  3.18950e-16
      1.18019  8.39473e-14  3.06203e-16
      1.18037  8.49607e-14  3.06079e-16
      1.18054  8.67216e-14  3.12823e-16
      1.18072  8.74805e-14  3.12487e-16
      1.18089  8.67719e-14  3.11823e-16
      1.18107  8.67847e-14  3.16089e-16
      1.18124  8.70675e-14  3.22135e-16
      1.18141  8.77619e-14  3.25223e-16
      1.18159  8.92901e-14  3.47743e-16
      1.18176  8.77107e-14  3.75838e-16
      1.18194  8.41853e-14  3.82554e-16
      1.18211  8.16075e-14  3.60720e-16
      1.18229  8.26872e-14  3.35335e-16
      1.18246  8.47928e-14  3.24474e-16
      1.18263  8.44005e-14  3.23479e-16
      1.18281  8.20693e-14  3.14764e-16
      1.18298  8.02815e-14  2.99331e-16
      1.18316  8.14956e-14  3.00045e-16
      1.18333  8.38904e-14  3.05401e-16
      1.18351  8.52783e-14  3.06086e-16
      1.18368  8.45568e-14  3.05727e-16
      1.18385  8.39754e-14  3.01967e-16
      1.18403  8.50230e-14  3.10256e-16
      1.18420  8.34929e-14  3.16947e-16
      1.18438  8.22928e-14  3.20500e-16
      1.18455  8.50356e-14  3.28173e-16
      1.18473  8.77549e-14  3.33206e-16
      1.18490  8.54045e-14  3.29127e-16
      1.18507  8.05883e-14  3.16730e-16
      1.18525  8.03527e-14  3.06282e-16
      1.18542  8.26968e-14  2.97055e-16
      1.18560  8.52995e-14  2.98677e-16
      1.18577  8.64754e-14  2.99307e-16
      1.18595  8.59332e-14  2.93172e-16
      1.18612  8.57873e-14  2.97220e-16
      1.18629  8.67695e-14  3.00109e-16
      1.18647  8.65695e-14  3.08911e-16
      1.18664  8.63014e-14  3.11298e-16
      1.18682  8.61896e-14  3.05951e-16
      1.18699  8.58397e-14  3.01350e-16
      1.18716  8.72168e-14  3.01302e-16
      1.18734  9.06733e-14  3.15141e-16
      1.18751  9.00297e-14  3.32168e-16
      1.18769  8.61718e-14  3.35491e-16
      1.18786  8.59171e-14  3.33912e-16
      1.18804  8.68393e-14  3.27143e-16
      1.18821  8.49642e-14  3.23225e-16
      1.18838  8.33681e-14  3.31037e-16
      1.18856  8.61609e-14  3.25754e-16
      1.18873  8.99336e-14  3.14501e-16
      1.18891  9.06908e-14  3.15314e-16
      1.18908  8.80484e-14  3.11023e-16
      1.18926  8.47337e-14  2.99557e-16
      1.18943  8.49429e-14  3.38440e-16
      1.18960  8.63358e-14  2.92866e-16
      1.18978  8.76753e-14  2.90550e-16
      1.18995  8.82349e-14  2.93414e-16
      1.19013  8.75140e-14  3.00623e-16
      1.19030  8.65484e-14  3.00724e-16
      1.19048  8.68242e-14  3.49109e-16
      1.19065  8.79296e-14  3.12498e-16
      1.19082  8.81882e-14  3.10119e-16
      1.19100  8.74080e-14  3.08798e-16
      1.19117  8.69155e-14  3.03365e-16
      1.19135  8.70606e-14  2.98878e-16
      1.19152  8.83798e-14  3.00344e-16
      1.19169  8.83503e-14  3.01373e-16
      1.19187  8.59208e-14  2.97097e-16
      1.19204  8.48371e-14  2.92814e-16
      1.19222  8.63235e-14  2.87857e-16
      1.19239  8.75524e-14  2.88581e-16
      1.19257  8.72549e-14  2.90358e-16
      1.19274  8.71587e-14  2.89131e-16
      1.19291  8.82825e-14  2.85672e-16
      1.19309  9.07858e-14  2.88729e-16
      1.19326  9.21140e-14  3.01753e-16
      1.19344  8.87306e-14  3.12328e-16
      1.19361  8.62460e-14  3.04954e-16
      1.19379  8.60731e-14  2.89243e-16
      1.19396  8.70063e-14  2.88261e-16
      1.19413  8.81371e-14  2.88024e-16
      1.19431  8.87870e-14  2.87504e-16
      1.19448  8.84541e-14  2.86923e-16
      1.19466  8.84777e-14  2.87281e-16
      1.19483  8.85785e-14  2.88823e-16
      1.19500  8.66074e-14  2.86205e-16
      1.19518  8.48110e-14  2.84887e-16
      1.19535  8.58485e-14  2.83759e-16
      1.19553  8.62941e-14  2.86027e-16
      1.19570  8.56671e-14  2.89863e-16
      1.19588  8.64940e-14  2.89076e-16
      1.19605  8.86558e-14  2.88385e-16
      1.19622  8.88759e-14  2.85054e-16
      1.19640  8.72628e-14  2.84996e-16
      1.19657  8.78842e-14  2.86638e-16
      1.19675  8.92692e-14  2.80315e-16
      1.19692  8.86562e-14  2.78602e-16
      1.19710  8.73471e-14  2.82482e-16
      1.19727  8.75373e-14  2.87320e-16
      1.19744  8.83618e-14  2.97147e-16
      1.19762  8.94225e-14  3.04954e-16
      1.19779  9.07968e-14  2.99303e-16
      1.19797  9.04469e-14  2.86198e-16
      1.19814  8.97688e-14  2.83817e-16
      1.19831  8.95859e-14  2.90007e-16
      1.19849  8.82692e-14  2.94645e-16
      1.19866  8.54118e-14  2.97037e-16
      1.19884  8.34611e-14  2.99978e-16
      1.19901  8.29166e-14  3.01196e-16
      1.19919  8.18929e-14  2.90037e-16
      1.19936  8.25048e-14  2.79598e-16
      1.19953  8.43125e-14  2.81860e-16
      1.19971  8.67916e-14  2.82670e-16
      1.19988  8.89926e-14  2.85587e-16
      1.20006  8.95351e-14  2.87299e-16
      1.20023  8.87492e-14  2.88984e-16
      1.20040  8.82011e-14  2.83097e-16
      1.20058  8.91404e-14  2.78378e-16
      1.20075  8.88733e-14  2.83743e-16
      1.20093  8.86919e-14  3.32359e-16
      1.20110  8.97245e-14  2.84996e-16
      1.20128  8.97664e-14  2.79345e-16
      1.20145  9.08324e-14  2.80441e-16
      1.20162  9.24596e-14  2.90699e-16
      1.20180  8.97751e-14  2.94126e-16
      1.20197  8.70338e-14  2.87733e-16
      1.20215  8.80195e-14  2.80967e-16
      1.20232  8.95430e-14  2.82195e-16
      1.20249  8.90641e-14  2.80859e-16
      1.20267  8.85226e-14  2.72639e-16
      1.20284  8.83471e-14  2.75578e-16
      1.20302  8.79582e-14  2.83290e-16
      1.20319  8.60370e-14  2.81633e-16
      1.20337  8.52849e-14  2.81446e-16
      1.20354  8.73585e-14  2.98664e-16
      1.20371  8.59744e-14  3.10713e-16
      1.20389  8.38831e-14  3.13594e-16
      1.20406  8.58925e-14  3.02616e-16
      1.20424  8.86458e-14  2.86334e-16
      1.20441  8.94904e-14  2.79591e-16
      1.20458  9.04347e-14  2.82636e-16
      1.20476  9.21370e-14  2.90801e-16
      1.20493  9.11955e-14  2.87479e-16
      1.20511  8.87562e-14  2.79894e-16
      1.20528  8.86323e-14  2.76829e-16
      1.20546  9.02298e-14  3.10866e-16
      1.20563  9.13219e-14  2.67580e-16
      1.20580  9.23275e-14  2.69222e-16
      1.20598  9.26351e-14  2.75585e-16
      1.20615  9.34306e-14  2.76561e-16
      1.20633  9.34690e-14  2.75595e-16
      1.20650  9.14997e-14  2.76127e-16
      1.20667  9.00496e-14  2.75942e-16
      1.20685  8.92006e-14  2.76176e-16
      1.20702  8.88176e-14  2.80208e-16
      1.20720  8.86735e-14  2.79258e-16
      1.20737  8.78085e-14  2.84028e-16
      1.20754  8.80917e-14  2.81891e-16
      1.20772  9.02950e-14  2.73177e-16
      1.20789  9.23945e-14  2.75765e-16
      1.20807  9.04192e-14  2.79844e-16
      1.20824  8.76976e-14  2.78238e-16
      1.20842  8.70558e-14  2.71821e-16
      1.20859  8.77743e-14  2.66886e-16
      1.20876  8.97872e-14  2.68366e-16
      1.20894  9.13775e-14  2.71406e-16
      1.20911  8.93934e-14  2.69271e-16
      1.20929  8.78712e-14  2.69233e-16
      1.20946  8.94301e-14  2.64808e-16
      1.20963  9.21706e-14  2.69139e-16
      1.20981  9.28833e-14  2.79193e-16
      1.20998  9.17438e-14  2.76172e-16
      1.21016  9.08902e-14  2.69292e-16
      1.21033  8.99980e-14  2.63572e-16
      1.21050  8.82549e-14  2.59729e-16
      1.21068  8.77427e-14  2.56244e-16
      1.21085  9.01595e-14  2.57459e-16
      1.21103  9.29738e-14  2.68124e-16
      1.21120  9.18472e-14  2.80583e-16
      1.21138  8.79690e-14  2.81395e-16
      1.21155  8.75491e-14  2.73717e-16
      1.21172  8.94642e-14  2.66466e-16
      1.21190  9.02459e-14  2.68357e-16
      1.21207  9.11951e-14  2.76583e-16
      1.21225  9.15269e-14  2.79926e-16
      1.21242  9.10959e-14  2.76724e-16
      1.21259  9.11209e-14  2.68890e-16
      1.21277  9.14907e-14  2.63595e-16
      1.21294  9.06262e-14  2.60548e-16
      1.21312  9.01594e-14  2.58496e-16
      1.21329  9.13700e-14  2.59530e-16
      1.21346  9.32465e-14  2.61947e-16
      1.21364  9.48946e-14  2.66212e-16
      1.21381  9.53044e-14  2.74949e-16
      1.21399  9.39664e-14  2.80631e-16
      1.21416  9.32597e-14  3.14625e-16
      1.21433  9.32729e-14  2.74070e-16
      1.21451  9.32882e-14  2.73558e-16
      1.21468  9.33714e-14  2.77243e-16
      1.21486  9.27721e-14  2.75903e-16
      1.21503  9.22729e-14  2.72103e-16
      1.21521  9.29668e-14  2.68702e-16
      1.21538  9.35703e-14  2.63761e-16
      1.21555  9.32442e-14  2.61779e-16
      1.21573  9.29961e-14  2.62306e-16
      1.21590  9.36258e-14  2.62901e-16
      1.21608  9.38457e-14  2.64571e-16
      1.21625  9.37602e-14  2.62514e-16
      1.21642  9.43631e-14  2.64868e-16
      1.21660  9.43242e-14  2.66778e-16
      1.21677  9.28895e-14  2.64219e-16
      1.21695  9.18280e-14  2.64204e-16
      1.21712  9.26217e-14  2.61286e-16
      1.21729  9.38546e-14  2.58172e-16
      1.21747  9.47592e-14  2.58939e-16
      1.21764  9.51862e-14  2.64168e-16
      1.21782  9.45482e-14  3.03832e-16
      1.21799  9.38835e-14  2.63003e-16
      1.21816  9.28776e-14  2.59547e-16
      1.21834  9.29178e-14  2.63248e-16
      1.21851  9.36450e-14  2.65893e-16
      1.21869  9.42012e-14  2.63833e-16
      1.21886  9.39407e-14  2.62944e-16
      1.21903  9.28905e-14  2.61743e-16
      1.21921  9.22175e-14  2.63282e-16
      1.21938  9.23605e-14  2.60715e-16
      1.21956  9.30868e-14  2.58550e-16
      1.21973  9.32588e-14  2.63214e-16
      1.21990  9.38555e-14  2.59783e-16
      1.22008  9.47738e-14  2.63247e-16
      1.22025  9.47936e-14  2.64544e-16
      1.22043  9.42423e-14  2.56328e-16
      1.22060  9.43884e-14  2.56048e-16
      1.22077  9.48400e-14  2.53813e-16
      1.22095  9.50775e-14  2.54135e-16
      1.22112  9.55892e-14  2.61793e-16
      1.22130  9.57465e-14  2.69030e-16
      1.22147  9.59362e-14  2.70326e-16
      1.22165  9.46676e-14  2.71407e-16
      1.22182  9.34706e-14  2.66590e-16
      1.22199  9.39437e-14  2.59600e-16
      1.22217  9.49689e-14  2.57987e-16
      1.22234  9.54899e-14  2.60191e-16
      1.22252  9.37240e-14  2.67354e-16
      1.22269  9.19653e-14  2.62171e-16
      1.22286  9.27338e-14  2.60391e-16
      1.22304  9.42022e-14  2.92618e-16
      1.22321  9.42936e-14  2.62143e-16
      1.22339  9.40367e-14  2.66691e-16
      1.22356  9.33573e-14  2.64704e-16
      1.22373  9.25345e-14  2.57813e-16
      1.22391  9.32709e-14  2.54756e-16
      1.22408  9.45520e-14  2.55795e-16
      1.22426  9.51997e-14  2.58750e-16
      1.22443  9.52623e-14  2.56599e-16
      1.22460  9.53035e-14  2.58819e-16
      1.22478  9.55877e-14  2.60787e-16
      1.22495  9.57808e-14  2.58039e-16
      1.22513  9.52882e-14  2.58758e-16
      1.22530  9.46632e-14  2.58139e-16
      1.22547  9.39897e-14  2.57950e-16
      1.22565  9.37042e-14  2.58354e-16
      1.22582  9.48597e-14  2.55410e-16
      1.22600  9.58163e-14  2.52154e-16
      1.22617  9.54475e-14  2.53876e-16
      1.22634  9.49771e-14  2.54617e-16
      1.22652  9.49323e-14  2.50935e-16
      1.22669  9.50974e-14  2.53076e-16
      1.22687  9.47450e-14  2.59875e-16
      1.22704  9.30630e-14  2.60509e-16
      1.22721  9.14532e-14  2.50720e-16
      1.22739  9.03985e-14  2.45846e-16
      1.22756  9.06074e-14  2.47947e-16
      1.22774  9.22096e-14  2.49018e-16
      1.22791  9.35719e-14  2.54888e-16
      1.22808  9.50726e-14  2.58966e-16
      1.22826  9.59642e-14  2.55230e-16
      1.22843  9.56504e-14  2.52368e-16
      1.22861  9.52482e-14  2.54853e-16
      1.22878  9.49732e-14  2.53189e-16
      1.22895  9.44750e-14  2.51916e-16
      1.22913  9.50765e-14  2.47769e-16
      1.22930  9.57608e-14  2.52704e-16
      1.22948  9.50331e-14  2.55378e-16
      1.22965  9.42159e-14  2.51353e-16
      1.22982  9.48524e-14  2.48519e-16
      1.23000  9.66174e-14  2.51340e-16
      1.23017  9.76107e-14  2.50312e-16
      1.23034  9.78136e-14  2.48756e-16
      1.23052  9.71549e-14  2.51489e-16
      1.23069  9.67362e-14  2.51076e-16
      1.23087  9.69656e-14  2.47455e-16
      1.23104  9.66761e-14  2.84207e-16
      1.23121  9.61290e-14  2.49131e-16
      1.23139  9.61499e-14  2.42703e-16
      1.23156  9.49418e-14  2.44035e-16
      1.23174  9.37404e-14  2.50967e-16
      1.23191  9.43964e-14  2.47497e-16
      1.23208  9.53307e-14  2.41284e-16
      1.23226  9.52660e-14  2.43206e-16
      1.23243  9.51953e-14  2.46253e-16
      1.23261  9.55022e-14  2.49787e-16
      1.23278  9.59679e-14  2.51376e-16
      1.23295  9.65102e-14  2.52057e-16
      1.23313  9.67415e-14  2.55375e-16
      1.23330  9.62645e-14  2.57012e-16
      1.23348  9.54716e-14  2.52243e-16
      1.23365  9.57259e-14  2.49362e-16
      1.23382  9.65268e-14  2.47079e-16
      1.23400  9.68889e-14  2.44708e-16
      1.23417  9.62484e-14  2.47075e-16
      1.23435  9.52859e-14  2.49793e-16
      1.23452  9.50690e-14  2.46001e-16
      1.23469  9.53408e-14  2.40285e-16
      1.23487  9.63601e-14  2.43197e-16
      1.23504  9.69454e-14  2.50514e-16
      1.23522  9.67960e-14  2.51950e-16
      1.23539  9.70345e-14  2.47794e-16
      1.23556  9.66909e-14  2.49277e-16
      1.23574  9.64684e-14  2.46722e-16
      1.23591  9.74203e-14  2.43041e-16
      1.23608  9.82717e-14  2.47859e-16
      1.23626  9.80822e-14  2.49978e-16
      1.23643  9.68781e-14  2.45817e-16
      1.23661  9.52911e-14  2.42065e-16
      1.23678  9.46620e-14  2.39646e-16
      1.23695  9.40461e-14  2.40058e-16
      1.23713  9.55519e-14  2.71438e-16
      1.23730  9.61546e-14  2.43954e-16
      1.23748  9.73981e-14  2.47248e-16
      1.23765  9.75053e-14  2.47240e-16
      1.23782  9.69416e-14  2.48074e-16
      1.23800  9.66804e-14  2.45164e-16
      1.23817  9.75540e-14  2.47012e-16
      1.23835  9.90651e-14  2.52523e-16
      1.23852  9.98473e-14  2.56593e-16
      1.23869  9.85223e-14  2.52932e-16
      1.23887  9.74346e-14  2.46963e-16
      1.23904  9.78324e-14  2.47291e-16
      1.23922  9.77827e-14  2.44419e-16
      1.23939  9.75581e-14  2.45527e-16
      1.23956  9.73409e-14  2.53758e-16
      1.23974  9.72618e-14  2.53931e-16
      1.23991  9.71600e-14  2.49889e-16
      1.24008  9.78888e-14  2.51174e-16
      1.24026  9.82026e-14  2.55878e-16
      1.24043  9.77704e-14  2.52133e-16
      1.24061  9.73606e-14  2.45628e-16
      1.24078  9.63519e-14  2.48222e-16
      1.24095  9.57269e-14  2.49036e-16
      1.24113  9.58075e-14  2.78227e-16
      1.24130  9.62072e-14  2.48147e-16
      1.24148  9.64420e-14  2.46973e-16
      1.24165  9.59609e-14  2.40305e-16
      1.24182  9.51263e-14  2.41804e-16
      1.24200  9.45442e-14  2.45448e-16
      1.24217  9.40838e-14  2.46074e-16
      1.24234  9.37484e-14  2.42632e-16
      1.24252  9.41584e-14  2.37665e-16
      1.24269  9.46371e-14  2.37757e-16
      1.24287  9.47417e-14  2.47257e-16
      1.24304  9.40558e-14  2.50823e-16
      1.24321  9.36997e-14  2.44799e-16
      1.24339  9.32491e-14  2.38233e-16
      1.24356  9.33223e-14  2.38227e-16
      1.24374  9.44026e-14  2.72366e-16
      1.24391  9.57623e-14  2.40348e-16
      1.24408  9.61597e-14  2.37614e-16
      1.24426  9.56920e-14  2.37420e-16
      1.24443  9.59768e-14  2.38144e-16
      1.24460  9.66542e-14  2.40679e-16
      1.24478  9.69273e-14  2.42779e-16
      1.24495  9.71704e-14  2.39235e-16
      1.24513  9.73842e-14  2.40960e-16
      1.24530  9.65936e-14  2.45125e-16
      1.24547  9.42818e-14  2.44326e-16
      1.24565  9.28836e-14  2.42930e-16
      1.24582  9.33316e-14  2.40176e-16
      1.24600  9.45633e-14  2.41584e-16
      1.24617  9.51210e-14  2.41768e-16
      1.24634  9.48708e-14  2.42199e-16
      1.24652  9.49499e-14  2.45499e-16
      1.24669  9.52166e-14  2.44348e-16
      1.24686  9.50169e-14  2.37936e-16
      1.24704  9.49465e-14  2.36529e-16
      1.24721  9.58239e-14  2.38545e-16
      1.24739  9.58595e-14  2.39875e-16
      1.24756  9.55976e-14  2.39182e-16
      1.24773  9.59876e-14  2.40956e-16
      1.24791  9.58010e-14  2.42226e-16
      1.24808  9.51706e-14  2.41049e-16
      1.24826  9.60352e-14  2.38946e-16
      1.24843  9.73647e-14  2.41500e-16
      1.24860  9.82819e-14  2.39764e-16
      1.24878  9.83413e-14  2.42725e-16
      1.24895  9.85018e-14  2.45048e-16
      1.24912  9.84586e-14  2.47449e-16
      1.24930  9.78818e-14  2.45938e-16
      1.24947  9.72122e-14  2.46505e-16
      1.24965  9.78266e-14  2.46683e-16
      1.24982  9.79609e-14  2.43822e-16
      1.24999  9.74657e-14  2.44547e-16
      1.25017  9.73747e-14  2.41808e-16
      1.25034  9.83023e-14  2.40834e-16
      1.25051  9.97287e-14  2.40329e-16
      1.25069  9.95455e-14  2.41149e-16
      1.25086  9.75356e-14  2.41131e-16
      1.25104  9.61107e-14  2.39479e-16
      1.25121  9.71726e-14  2.37686e-16
      1.25138  9.86366e-14  2.37982e-16
      1.25156  9.84664e-14  2.41802e-16
      1.25173  9.70663e-14  2.68504e-16
      1.25190  9.64251e-14  2.37695e-16
      1.25208  9.62921e-14  2.39270e-16
      1.25225  9.62737e-14  2.40303e-16
      1.25243  9.54003e-14  2.40138e-16
      1.25260  9.45683e-14  2.39079e-16
      1.25277  9.58881e-14  2.39619e-16
      1.25295  9.81490e-14  2.40356e-16
      1.25312  9.94151e-14  2.41460e-16
      1.25330  1.00065e-13  2.46128e-16
      1.25347  9.94786e-14  2.48016e-16
      1.25364  9.85409e-14  2.44006e-16
      1.25382  9.92473e-14  2.38576e-16
      1.25399  9.94444e-14  2.41085e-16
      1.25416  9.89984e-14  2.42164e-16
      1.25434  1.00119e-13  2.40915e-16
      1.25451  1.00389e-13  2.39769e-16
      1.25469  9.95356e-14  2.37914e-16
      1.25486  9.96255e-14  2.35672e-16
      1.25503  9.93141e-14  2.34913e-16
      1.25521  9.88368e-14  2.37934e-16
      1.25538  9.89855e-14  2.39940e-16
      1.25555  9.96224e-14  2.41303e-16
      1.25573  1.00308e-13  2.42819e-16
      1.25590  1.01242e-13  2.45986e-16
      1.25608  1.02819e-13  2.45795e-16
      1.25625  1.04206e-13  2.45494e-16
      1.25642  1.03400e-13  2.44684e-16
      1.25660  1.01734e-13  2.42056e-16
      1.25677  9.95383e-14  2.44924e-16
      1.25694  9.75275e-14  2.39568e-16
      1.25712  9.77397e-14  2.44462e-16
      1.25729  9.77521e-14  2.41322e-16
      1.25746  9.68027e-14  2.39473e-16
      1.25764  9.72618e-14  2.68526e-16
      1.25781  9.73716e-14  2.33950e-16
      1.25799  9.76954e-14  2.34648e-16
      1.25816  9.76820e-14  2.37227e-16
      1.25833  9.72514e-14  2.36402e-16
      1.25851  9.70037e-14  2.37103e-16
      1.25868  9.71226e-14  2.40850e-16
      1.25885  9.80187e-14  2.43999e-16
      1.25903  9.80722e-14  2.42466e-16
      1.25920  9.83822e-14  2.47374e-16
      1.25938  9.97248e-14  2.40154e-16
      1.25955  9.98352e-14  2.37160e-16
      1.25972  9.81167e-14  2.38798e-16
      1.25990  9.66068e-14  2.36998e-16
      1.26007  9.66559e-14  2.37535e-16
      1.26024  9.74030e-14  2.36606e-16
      1.26042  9.78575e-14  2.35390e-16
      1.26059  9.82116e-14  2.44184e-16
      1.26077  9.81962e-14  2.48332e-16
      1.26094  9.78408e-14  2.43496e-16
      1.26111  9.76836e-14  2.41449e-16
      1.26129  9.76068e-14  2.38040e-16
      1.26146  9.68877e-14  2.37871e-16
      1.26163  9.60784e-14  2.38534e-16
      1.26181  9.61049e-14  2.37693e-16
      1.26198  9.72313e-14  2.39831e-16
      1.26215  9.75687e-14  2.41410e-16
      1.26233  9.72099e-14  2.45431e-16
      1.26250  9.60575e-14  2.49179e-16
      1.26268  9.58313e-14  2.47447e-16
      1.26285  9.78229e-14  2.71914e-16
      1.26302  9.82710e-14  2.41488e-16
      1.26320  9.82348e-14  2.44621e-16
      1.26337  9.72285e-14  2.45563e-16
      1.26354  9.58501e-14  2.40788e-16
      1.26372  9.59484e-14  2.40896e-16
      1.26389  9.66365e-14  2.74002e-16
      1.26406  9.74056e-14  2.41001e-16
      1.26424  9.76155e-14  2.44172e-16
      1.26441  9.77998e-14  2.49254e-16
      1.26459  9.94553e-14  2.49621e-16
      1.26476  1.00128e-13  2.47352e-16
      1.26493  9.90156e-14  2.47232e-16
      1.26511  9.81145e-14  2.53679e-16
      1.26528  9.90862e-14  2.49077e-16
      1.26545  1.00869e-13  2.44052e-16
      1.26563  1.02154e-13  2.42549e-16
      1.26580  1.01442e-13  2.49696e-16
      1.26597  9.89844e-14  2.54320e-16
      1.26615  9.76922e-14  2.53983e-16
      1.26632  9.86014e-14  2.50088e-16
      1.26650  9.96681e-14  2.48886e-16
      1.26667  1.00072e-13  2.49634e-16
      1.26684  9.95545e-14  2.47589e-16
      1.26702  9.96110e-14  2.43216e-16
      1.26719  9.98878e-14  2.44155e-16
      1.26736  9.98252e-14  2.47704e-16
      1.26754  9.98238e-14  2.48856e-16
      1.26771  9.83704e-14  2.43100e-16
      1.26788  9.71239e-14  2.35016e-16
      1.26806  9.87358e-14  2.39663e-16
      1.26823  1.01407e-13  2.55642e-16
      1.26841  1.02364e-13  2.81763e-16
      1.26858  1.01506e-13  3.04009e-16
      1.26875  9.92094e-14  3.02813e-16
      1.26893  9.66293e-14  2.90867e-16
      1.26910  9.58452e-14  2.75844e-16
      1.26927  9.65873e-14  2.65001e-16
      1.26945  9.73379e-14  2.61930e-16
      1.26962  9.81319e-14  2.58741e-16
      1.26979  9.89099e-14  2.54386e-16
      1.26997  9.94718e-14  2.80473e-16
      1.27014  1.00581e-13  2.45099e-16
      1.27031  1.01124e-13  2.46003e-16
      1.27049  1.01779e-13  2.46559e-16
      1.27066  1.01904e-13  2.46382e-16
      1.27084  1.01088e-13  2.47906e-16
      1.27101  1.00316e-13  2.47356e-16
      1.27118  9.95891e-14  2.41797e-16
      1.27136  9.93886e-14  2.39662e-16
      1.27153  9.99765e-14  2.42084e-16
      1.27170  1.00494e-13  2.44415e-16
      1.27188  9.98174e-14  2.41259e-16
      1.27205  9.89980e-14  2.39465e-16
      1.27222  9.95071e-14  2.40369e-16
      1.27240  1.00928e-13  2.40233e-16
      1.27257  1.01866e-13  2.45940e-16
      1.27275  1.02174e-13  2.47147e-16
      1.27292  1.00596e-13  2.40859e-16
      1.27309  9.82423e-14  2.33610e-16
      1.27327  9.78689e-14  2.34108e-16
      1.27344  9.84985e-14  2.37473e-16
      1.27361  9.94679e-14  2.35821e-16
      1.27379  9.90981e-14  2.33777e-16
      1.27396  9.78280e-14  2.39068e-16
      1.27413  9.77057e-14  2.40809e-16
      1.27431  9.80485e-14  2.36124e-16
      1.27448  9.88529e-14  2.67239e-16
      1.27465  9.87143e-14  2.36111e-16
      1.27483  9.81861e-14  2.35949e-16
      1.27500  9.86082e-14  2.40148e-16
      1.27517  9.88079e-14  2.37034e-16
      1.27535  9.86561e-14  2.31404e-16
      1.27552  9.78702e-14  2.32219e-16
      1.27570  9.79513e-14  2.32004e-16
      1.27587  9.88076e-14  2.31353e-16
      1.27604  9.95627e-14  2.34467e-16
      1.27622  1.00995e-13  2.40804e-16
      1.27639  1.02125e-13  2.40188e-16
      1.27656  1.02205e-13  2.36314e-16
      1.27674  1.02423e-13  2.36431e-16
      1.27691  1.02926e-13  2.35276e-16
      1.27708  1.02438e-13  2.36785e-16
      1.27726  1.01534e-13  2.35561e-16
      1.27743  1.02018e-13  2.34322e-16
      1.27760  1.02606e-13  2.36609e-16
      1.27778  1.02215e-13  2.33896e-16
      1.27795  1.02015e-13  2.32175e-16
      1.27812  1.02646e-13  2.35284e-16
      1.27830  1.03950e-13  2.41826e-16
      1.27847  1.03851e-13  2.45674e-16
      1.27864  1.02177e-13  2.38093e-16
      1.27882  1.00816e-13  2.30485e-16
      1.27899  1.00516e-13  2.34795e-16
      1.27917  1.01044e-13  2.30505e-16
      1.27934  1.02070e-13  2.33007e-16
      1.27951  1.02736e-13  2.36517e-16
      1.27969  1.02478e-13  2.37360e-16
      1.27986  1.01712e-13  2.34947e-16
      1.28003  1.00253e-13  2.30719e-16
      1.28021  9.95884e-14  2.29443e-16
      1.28038  9.98950e-14  2.29819e-16
      1.28055  9.94232e-14  2.29822e-16
      1.28073  9.82200e-14  2.29677e-16
      1.28090  9.71053e-14  2.27652e-16
      1.28107  9.48662e-14  2.25058e-16
      1.28125  8.94835e-14  2.16662e-16
      1.28142  7.97997e-14  2.01217e-16
      1.28159  6.86377e-14  1.89767e-16
      1.28177  6.24160e-14  1.81244e-16
      1.28194  6.51076e-14  1.88466e-16
      1.28211  7.50210e-14  2.03504e-16
      1.28229  8.59053e-14  2.21686e-16
      1.28246  9.49068e-14  2.33539e-16
      1.28263  1.00967e-13  2.33897e-16
      1.28281  1.04486e-13  2.35137e-16
      1.28298  1.04817e-13  2.36060e-16
      1.28315  1.02866e-13  2.34804e-16
      1.28333  1.02868e-13  2.37445e-16
      1.28350  1.05231e-13  2.41439e-16
      1.28368  1.05786e-13  2.38380e-16
      1.28385  1.05783e-13  2.35803e-16
      1.28402  1.05461e-13  2.36131e-16
      1.28420  1.04913e-13  2.37261e-16
      1.28437  1.04156e-13  2.36702e-16
      1.28454  1.03419e-13  2.37629e-16
      1.28472  1.04119e-13  2.38309e-16
      1.28489  1.05764e-13  2.35475e-16
      1.28506  1.06927e-13  2.33986e-16
      1.28524  1.06496e-13  2.31432e-16
      1.28541  1.05170e-13  2.29756e-16
      1.28558  1.03986e-13  2.27882e-16
      1.28576  1.03384e-13  2.27522e-16
      1.28593  1.01799e-13  2.31232e-16
      1.28610  9.85569e-14  2.30981e-16
      1.28628  9.68684e-14  2.22780e-16
      1.28645  9.78141e-14  2.21268e-16
      1.28662  9.89586e-14  2.21599e-16
      1.28680  9.88641e-14  2.21405e-16
      1.28697  1.00387e-13  2.25830e-16
      1.28714  1.02217e-13  2.29934e-16
      1.28732  1.01880e-13  2.28574e-16
      1.28749  1.00975e-13  2.23438e-16
      1.28766  1.00966e-13  2.21771e-16
      1.28784  1.02111e-13  2.27881e-16
      1.28801  1.02817e-13  2.34269e-16
      1.28818  1.01256e-13  2.33988e-16
      1.28836  1.00145e-13  2.28284e-16
      1.28853  1.01614e-13  2.26180e-16
      1.28870  1.03605e-13  2.28469e-16
      1.28888  1.03151e-13  2.29251e-16
      1.28905  1.01616e-13  2.28906e-16
      1.28922  1.02254e-13  2.28172e-16
      1.28940  1.02645e-13  2.26712e-16
      1.28957  1.02248e-13  2.27954e-16
      1.28974  1.02827e-13  2.27844e-16
      1.28992  1.01466e-13  2.25723e-16
      1.29009  9.84715e-14  2.25146e-16
      1.29026  9.75048e-14  2.24907e-16
      1.29044  9.99180e-14  2.30494e-16
      1.29061  1.03107e-13  2.36962e-16
      1.29078  1.03736e-13  2.34306e-16
      1.29096  1.04366e-13  2.28883e-16
      1.29113  1.06194e-13  2.28934e-16
      1.29130  1.07249e-13  2.32375e-16
      1.29148  1.05479e-13  2.33777e-16
      1.29165  1.03531e-13  2.35006e-16
      1.29182  1.03878e-13  2.36498e-16
      1.29200  1.03853e-13  2.34328e-16
      1.29217  1.02573e-13  2.35366e-16
      1.29234  1.02000e-13  2.35209e-16
      1.29252  1.01958e-13  2.28858e-16
      1.29269  1.02371e-13  2.27757e-16
      1.29286  1.03476e-13  2.28570e-16
      1.29304  1.05584e-13  2.29422e-16
      1.29321  1.07270e-13  2.27525e-16
      1.29338  1.07249e-13  2.26964e-16
      1.29356  1.06755e-13  2.31765e-16
      1.29373  1.04902e-13  2.31736e-16
      1.29390  1.03914e-13  2.29121e-16
      1.29408  1.04722e-13  2.29380e-16
      1.29425  1.05987e-13  2.30691e-16
      1.29442  1.04903e-13  2.31257e-16
      1.29460  1.01996e-13  2.28857e-16
      1.29477  1.01002e-13  2.24888e-16
      1.29494  1.02721e-13  2.27999e-16
      1.29512  1.06243e-13  2.30444e-16
      1.29529  1.08439e-13  2.31649e-16
      1.29546  1.06798e-13  2.35077e-16
      1.29564  1.04086e-13  2.37727e-16
      1.29581  1.03801e-13  2.36737e-16
      1.29598  1.04733e-13  2.35924e-16
      1.29616  1.05307e-13  2.34636e-16
      1.29633  1.05652e-13  2.37183e-16
      1.29650  1.04615e-13  2.36684e-16
      1.29668  1.03109e-13  2.29978e-16
      1.29685  1.03293e-13  2.30439e-16
      1.29702  1.05444e-13  2.37860e-16
      1.29720  1.05670e-13  2.45850e-16
      1.29737  1.03215e-13  2.48459e-16
      1.29754  1.03320e-13  2.43290e-16
      1.29772  1.05241e-13  2.37704e-16
      1.29789  1.05298e-13  2.32924e-16
      1.29806  1.04600e-13  2.30272e-16
      1.29824  1.04853e-13  2.30978e-16
      1.29841  1.05372e-13  2.35627e-16
      1.29858  1.05226e-13  2.35986e-16
      1.29876  1.04461e-13  2.31084e-16
      1.29893  1.04538e-13  2.27508e-16
      1.29910  1.06089e-13  2.28843e-16
      1.29927  1.07401e-13  2.36382e-16
      1.29945  1.06478e-13  2.41007e-16
      1.29962  1.05243e-13  2.40808e-16
      1.29979  1.05089e-13  2.34601e-16
      1.29997  1.05670e-13  2.35209e-16
      1.30014  1.05702e-13  2.36576e-16
      1.30031  1.04484e-13  2.35975e-16
      1.30049  1.03057e-13  2.35912e-16
      1.30066  1.03995e-13  2.38007e-16
      1.30083  1.05771e-13  2.39428e-16
      1.30101  1.02898e-13  2.37702e-16
      1.30118  9.97135e-14  2.31079e-16
      1.30135  1.00478e-13  2.24225e-16
      1.30153  1.02473e-13  2.25409e-16
      1.30170  1.04090e-13  2.29573e-16
      1.30187  1.05950e-13  2.30439e-16
      1.30205  1.07184e-13  2.33362e-16
      1.30222  1.06120e-13  2.37542e-16
      1.30239  1.04235e-13  2.34627e-16
      1.30257  1.03785e-13  2.33223e-16
      1.30274  1.02406e-13  2.36851e-16
      1.30291  1.02105e-13  2.37073e-16
      1.30309  1.05062e-13  2.33843e-16
      1.30326  1.06084e-13  2.33728e-16
      1.30343  1.03503e-13  2.33800e-16
      1.30360  1.03401e-13  2.35611e-16
      1.30378  1.08531e-13  2.39229e-16
      1.30395  1.12699e-13  2.48958e-16
      1.30412  1.10067e-13  2.61411e-16
      1.30430  1.04217e-13  2.61271e-16
      1.30447  1.01704e-13  2.42614e-16
      1.30464  1.03708e-13  2.31091e-16
      1.30482  1.05322e-13  2.30287e-16
      1.30499  1.05533e-13  2.29280e-16
      1.30516  1.06157e-13  2.26851e-16
      1.30534  1.07466e-13  2.30381e-16
      1.30551  1.06826e-13  2.34209e-16
      1.30568  1.05106e-13  2.30947e-16
      1.30586  1.04506e-13  2.26938e-16
      1.30603  1.05773e-13  2.31797e-16
      1.30620  1.07893e-13  2.36126e-16
      1.30638  1.09657e-13  2.44477e-16
      1.30655  1.06594e-13  2.57856e-16
      1.30672  1.01701e-13  2.53351e-16
      1.30689  1.00276e-13  2.38191e-16
      1.30707  1.00788e-13  2.32918e-16
      1.30724  1.02324e-13  2.33609e-16
      1.30741  1.04653e-13  2.31747e-16
      1.30759  1.06431e-13  2.27929e-16
      1.30776  1.07761e-13  2.32423e-16
      1.30793  1.06899e-13  2.38120e-16
      1.30811  1.02158e-13  2.36763e-16
      1.30828  1.00458e-13  2.32494e-16
      1.30845  1.02506e-13  2.31227e-16
      1.30863  1.03959e-13  2.30709e-16
      1.30880  1.04876e-13  2.25416e-16
      1.30897  1.04812e-13  2.26742e-16
      1.30915  1.04207e-13  2.19760e-16
      1.30932  1.06223e-13  2.22443e-16
      1.30949  1.08031e-13  2.33839e-16
      1.30966  1.04411e-13  2.43603e-16
      1.30984  9.84031e-14  2.40957e-16
      1.31001  9.75401e-14  2.33994e-16
      1.31018  1.03147e-13  2.34075e-16
      1.31036  1.07960e-13  2.42837e-16
      1.31053  1.04889e-13  2.46025e-16
      1.31070  1.00876e-13  2.40968e-16
      1.31088  1.02816e-13  2.36320e-16
      1.31105  1.05166e-13  2.35276e-16
      1.31122  1.05326e-13  2.30056e-16
      1.31140  1.06679e-13  2.23640e-16
      1.31157  1.08020e-13  2.23256e-16
      1.31174  1.08917e-13  2.24898e-16
      1.31191  1.09797e-13  2.28407e-16
      1.31209  1.09598e-13  2.36353e-16
      1.31226  1.05259e-13  2.41460e-16
      1.31243  9.95084e-14  2.38473e-16
      1.31261  9.88527e-14  2.32113e-16
      1.31278  1.01944e-13  2.32475e-16
      1.31295  1.03269e-13  2.35862e-16
      1.31313  1.02764e-13  2.38064e-16
      1.31330  1.05456e-13  2.44450e-16
      1.31347  1.10569e-13  2.57803e-16
      1.31365  1.07888e-13  2.61232e-16
      1.31382  1.01827e-13  2.49573e-16
      1.31399  1.02460e-13  2.34842e-16
      1.31416  1.04530e-13  2.31773e-16
      1.31434  1.04134e-13  2.36060e-16
      1.31451  1.04553e-13  2.38357e-16
      1.31468  1.04702e-13  2.42423e-16
      1.31486  1.02712e-13  2.41274e-16
      1.31503  1.03104e-13  2.36830e-16
      1.31520  1.04182e-13  2.34815e-16
      1.31538  1.01390e-13  2.34246e-16
      1.31555  9.69050e-14  2.32490e-16
      1.31572  9.46380e-14  2.37133e-16
      1.31589  9.77754e-14  2.25331e-16
      1.31607  1.01249e-13  2.22332e-16
      1.31624  1.03891e-13  2.21777e-16
      1.31641  1.05833e-13  2.26925e-16
      1.31659  1.09445e-13  2.35219e-16
      1.31676  1.12770e-13  2.48862e-16
      1.31693  1.08448e-13  2.51561e-16
      1.31711  1.00531e-13  2.37320e-16
      1.31728  9.90467e-14  2.24022e-16
      1.31745  1.01898e-13  2.17182e-16
      1.31762  1.02197e-13  2.15301e-16
      1.31780  9.95287e-14  2.16545e-16
      1.31797  9.79508e-14  2.20009e-16
      1.31814  9.90098e-14  2.29451e-16
      1.31832  9.89216e-14  2.36550e-16
      1.31849  9.96744e-14  2.39386e-16
      1.31866  1.01231e-13  2.44109e-16
      1.31884  1.00452e-13  2.41578e-16
      1.31901  1.02384e-13  2.41440e-16
      1.31918  1.07082e-13  2.49938e-16
      1.31935  1.04811e-13  2.49026e-16
      1.31953  1.00882e-13  2.38987e-16
      1.31970  1.06127e-13  2.33342e-16
      1.31987  1.14602e-13  2.49825e-16
      1.32005  1.13471e-13  2.71395e-16
      1.32022  1.03350e-13  2.72091e-16
      1.32039  9.82127e-14  2.51663e-16
      1.32056  1.01445e-13  2.31929e-16
      1.32074  1.05243e-13  2.23548e-16
      1.32091  1.06605e-13  2.23005e-16
      1.32108  1.07638e-13  2.29204e-16
      1.32126  1.07656e-13  2.41594e-16
      1.32143  1.02029e-13  2.37235e-16
      1.32160  9.87753e-14  2.23919e-16
      1.32177  1.02156e-13  2.18690e-16
      1.32195  1.05739e-13  2.21550e-16
      1.32212  1.05069e-13  2.28363e-16
      1.32229  1.03603e-13  2.32905e-16
      1.32247  1.04950e-13  2.41951e-16
      1.32264  1.07830e-13  2.40918e-16
      1.32281  1.09315e-13  2.50988e-16
      1.32299  1.05774e-13  2.63771e-16
      1.32316  9.80086e-14  2.62815e-16
      1.32333  9.45458e-14  2.49641e-16
      1.32350  9.72863e-14  2.35696e-16
      1.32368  1.03207e-13  2.31928e-16
      1.32385  1.07086e-13  2.44675e-16
      1.32402  1.04533e-13  2.58724e-16
      1.32420  9.92427e-14  2.54191e-16
      1.32437  9.76698e-14  2.43731e-16
      1.32454  9.92076e-14  2.45524e-16
      1.32471  1.00873e-13  2.38723e-16
      1.32489  1.01687e-13  2.27531e-16
      1.32506  1.01953e-13  2.34630e-16
      1.32523  9.95125e-14  2.36015e-16
      1.32541  9.54583e-14  2.30424e-16
      1.32558  9.47492e-14  2.25365e-16
      1.32575  9.76059e-14  2.28581e-16
      1.32592  1.00616e-13  2.31882e-16
      1.32610  1.02913e-13  2.34077e-16
      1.32627  1.02690e-13  2.30571e-16
      1.32644  1.00932e-13  2.25583e-16
      1.32662  1.01997e-13  2.26200e-16
      1.32679  1.05458e-13  2.42591e-16
      1.32696  1.01945e-13  2.55150e-16
      1.32713  9.47368e-14  2.42452e-16
      1.32731  9.68591e-14  2.30741e-16
      1.32748  1.03390e-13  2.27556e-16
      1.32765  1.04731e-13  2.30756e-16
      1.32783  1.00150e-13  2.29519e-16
      1.32800  9.88122e-14  2.31426e-16
      1.32817  1.01367e-13  2.44381e-16
      1.32834  9.88460e-14  2.56235e-16
      1.32852  9.90526e-14  2.65955e-16
      1.32869  1.01429e-13  2.71011e-16
      1.32886  9.92862e-14  2.59300e-16
      1.32904  9.79021e-14  2.64613e-16
      1.32921  9.33540e-14  2.55530e-16
      1.32938  8.86446e-14  2.38139e-16
      1.32955  9.00777e-14  2.20094e-16
      1.32973  9.48171e-14  2.20835e-16
      1.32990  9.99874e-14  2.34287e-16
      1.33007  9.82398e-14  2.44242e-16
      1.33024  9.36107e-14  2.42979e-16
      1.33042  9.61901e-14  2.35449e-16
      1.33059  1.00480e-13  2.38814e-16
      1.33076  1.00146e-13  2.55349e-16
      1.33094  1.00502e-13  2.73768e-16
      1.33111  1.01830e-13  2.89762e-16
      1.33128  9.33549e-14  2.93134e-16
      1.33145  8.77721e-14  2.81261e-16
      1.33163  9.25900e-14  2.78069e-16
      1.33180  8.90877e-14  2.72051e-16
      1.33197  7.88842e-14  2.52603e-16
      1.33215  8.19695e-14  2.41621e-16
      1.33232  8.67653e-14  2.42920e-16
      1.33249  8.20984e-14  2.43970e-16
      1.33266  8.17484e-14  2.40069e-16
      1.33284  8.81873e-14  2.34874e-16
      1.33301  8.98586e-14  2.28776e-16
      1.33318  9.01753e-14  2.28235e-16
      1.33335  9.57480e-14  2.42656e-16
      1.33353  1.01510e-13  2.80798e-16
      1.33370  9.52895e-14  3.10274e-16
      1.33387  8.41712e-14  2.95327e-16
      1.33405  7.81195e-14  2.50755e-16
      1.33422  7.97328e-14  2.20870e-16
      1.33439  8.56463e-14  2.11216e-16
      1.33456  8.96786e-14  2.17119e-16
      1.33474  8.54189e-14  2.26471e-16
      1.33491  7.71617e-14  2.17563e-16
      1.33508  7.62405e-14  2.03906e-16
      1.33525  7.94858e-14  1.96237e-16
      1.33543  8.15637e-14  1.93973e-16
      1.33560  8.56295e-14  2.05890e-16
      1.33577  8.98905e-14  2.41309e-16
      1.33595  8.13190e-14  2.67127e-16
      1.33612  7.48770e-14  2.53480e-16
      1.33629  7.79885e-14  2.17558e-16
      1.33646  8.02357e-14  1.98422e-16
      1.33664  8.38359e-14  2.01588e-16
      1.33681  8.87204e-14  2.20561e-16
      1.33698  8.57518e-14  2.37877e-16
      1.33715  7.84167e-14  2.41982e-16
      1.33733  7.55753e-14  2.38143e-16
      1.33750  7.53478e-14  2.34913e-16
      1.33767  7.93418e-14  2.39095e-16
      1.33784  8.05140e-14  2.40442e-16
      1.33802  7.59114e-14  2.28637e-16
      1.33819  7.58673e-14  2.10922e-16
      1.33836  8.20227e-14  2.03036e-16
      1.33854  8.68072e-14  2.11739e-16
      1.33871  8.35496e-14  2.19388e-16
      1.33888  8.13037e-14  2.55118e-16
      1.33905  8.42697e-14  2.28294e-16
      1.33923  8.04627e-14  2.25415e-16
      1.33940  7.72201e-14  2.15268e-16
      1.33957  8.19857e-14  2.05593e-16
      1.33974  8.91159e-14  2.07981e-16
      1.33992  9.37874e-14  2.34040e-16
      1.34009  9.10684e-14  2.80813e-16
      1.34026  8.14255e-14  3.17321e-16
      1.34043  7.28131e-14  2.99586e-16
      1.34061  7.35726e-14  2.51783e-16
      1.34078  7.95843e-14  2.17463e-16
      1.34095  8.57388e-14  2.12429e-16
      1.34112  8.86616e-14  2.29670e-16
      1.34130  8.68597e-14  2.48367e-16
      1.34147  7.99134e-14  2.49035e-16
      1.34164  7.31544e-14  2.34855e-16
      1.34182  7.38155e-14  2.18130e-16
      1.34199  7.69734e-14  2.05037e-16
      1.34216  7.82747e-14  1.98620e-16
      1.34233  8.09296e-14  1.99336e-16
      1.34251  8.50198e-14  2.12187e-16
      1.34268  8.33440e-14  2.25065e-16
      1.34285  7.74898e-14  2.27790e-16
      1.34302  7.47794e-14  2.21686e-16
      1.34320  7.35598e-14  2.12120e-16
      1.34337  7.73910e-14  2.11061e-16
      1.34354  8.74756e-14  2.26935e-16
      1.34371  9.79137e-14  2.75268e-16
      1.34389  9.85130e-14  3.56526e-16
      1.34406  8.48541e-14  4.14993e-16
      1.34423  7.90677e-14  4.40935e-16
      1.34440  7.68197e-14  4.23463e-16
      1.34458  6.87142e-14  3.66466e-16
      1.34475  6.59115e-14  2.95948e-16
      1.34492  7.40772e-14  2.46837e-16
      1.34509  8.38908e-14  2.29770e-16
      1.34527  9.22898e-14  2.46048e-16
      1.34544  9.01928e-14  2.80951e-16
      1.34561  8.07147e-14  3.00915e-16
      1.34578  7.81682e-14  2.93006e-16
      1.34596  8.06610e-14  2.78668e-16
      1.34613  8.38137e-14  2.72000e-16
      1.34630  8.57410e-14  2.86528e-16
      1.34647  7.86369e-14  2.98138e-16
      1.34665  7.13256e-14  2.86504e-16
      1.34682  7.38142e-14  2.68603e-16
      1.34699  8.24449e-14  2.62214e-16
      1.34716  8.90285e-14  2.76094e-16
      1.34734  9.35189e-14  3.37041e-16
      1.34751  1.02247e-13  4.97257e-16
      1.34768  1.05418e-13  8.36974e-16
      1.34785  7.18298e-14  1.08266e-15
      1.34803  6.30775e-14  8.95307e-16
      1.34820  7.25160e-14  7.33151e-16
      1.34837  7.24875e-14  6.48222e-16
      1.34854  7.48839e-14  5.83641e-16
      1.34872  7.92603e-14  5.32413e-16
      1.34889  7.50114e-14  4.70945e-16
      1.34906  7.27947e-14  4.09457e-16
      1.34923  7.29586e-14  3.36341e-16
      1.34941  7.72498e-14  2.92828e-16
      1.34958  8.59456e-14  2.92484e-16
      1.34975  9.30825e-14  3.33053e-16
      1.34992  9.43673e-14  4.13424e-16
      1.35010  9.67578e-14  5.73882e-16
      1.35027  1.05506e-13  9.73295e-16
      1.35044  8.26213e-14  1.47813e-15
      1.35061  5.88135e-14  1.34934e-15
      1.35079  6.33057e-14  7.65866e-16
      1.35096  7.36359e-14  5.66113e-16
      1.35113  8.58762e-14  5.50834e-16
      1.35130  9.97143e-14  6.78811e-16
      1.35148  1.06823e-13  1.03522e-15
      1.35165  7.76894e-14  1.38264e-15
      1.35182  5.58053e-14  9.97735e-16
      1.35199  6.29816e-14  6.17018e-16
      1.35217  7.79918e-14  5.42761e-16
      1.35234  9.06094e-14  6.55444e-16
      1.35251  8.54758e-14  8.54871e-16
      1.35268  7.71856e-14  9.72534e-16
      1.35286  8.90568e-14  1.08944e-15
      1.35303  1.00071e-13  1.52021e-15
      1.35320  7.98022e-14  1.98031e-15
      1.35337  6.93980e-14  1.80489e-15
      1.35355  7.24960e-14  1.38777e-15
      1.35372  6.94779e-14  1.07709e-15
      1.35389  7.53254e-14  1.00228e-15
      1.35406  9.12310e-14  1.26511e-15
      1.35423  1.20257e-13  2.68760e-15
      1.35441  1.28805e-13  9.55554e-15
      1.35458  4.61318e-14  2.20010e-14
      1.35475  4.99309e-14  2.26234e-14
      1.35492  7.67367e-14  1.80035e-14
      1.35510  6.72144e-14  1.20511e-14
      1.35527  6.90043e-14  6.35309e-15
      1.35544  8.81054e-14  4.82540e-15
      1.35561  1.08186e-13  8.77044e-15
      1.35579  9.65620e-14  1.88558e-14
      1.35596  6.77177e-14  1.63898e-14
      1.35613  5.54127e-14  4.99446e-15
      1.35630  6.23552e-14  2.00720e-15
      1.35648  7.34727e-14  1.36156e-15
      1.35665  8.63240e-14  1.38114e-15
      1.35682  9.82731e-14  1.91680e-15
      1.35699  1.07552e-13  3.60611e-15
      1.35717  1.00312e-13  7.15963e-15
      1.35734  8.77542e-14  1.02273e-14
      1.35751  7.37179e-14  1.09005e-14
      1.35768  6.61578e-14  1.03117e-14
      1.35785  7.04070e-14  7.46144e-15
      1.35803  8.28810e-14  5.30725e-15
      1.35820  8.79296e-14  5.09583e-15
      1.35837  8.85090e-14  6.70894e-15
      1.35854  6.63896e-14  9.52487e-15
      1.35872  5.14630e-14  9.15248e-15
      1.35889  7.38416e-14  6.61957e-15
      1.35906  9.15788e-14  7.21216e-15
      1.35923  9.24192e-14  8.92779e-15
      1.35941  7.12041e-14  1.84545e-14
      1.35958  7.22088e-14  3.08009e-14
      1.35975  7.31498e-14  2.10555e-14
      1.35992  7.08046e-14  1.13721e-14
      1.36009  8.04610e-14  8.09280e-15
      1.36027  7.95983e-14  7.04767e-15
      1.36044  9.85852e-14  9.52342e-15
      1.36061  1.75091e-13  4.41469e-14
      1.36078  6.90968e-14  1.00180e-13
      1.36096  4.73874e-14  8.07094e-14
      1.36113  7.54365e-14  5.12718e-14
      1.36130  1.63321e-14  4.41902e-14
      1.36147  5.39955e-14  3.40496e-14
      1.36164  7.79871e-14  2.07037e-14
      1.36182  9.45993e-14  2.91767e-14
      1.36199  3.65326e-15  3.95509e-14
      1.36216 -1.56289e-13  6.01122e-14
      1.36233 -1.11553e-13  6.86314e-14
      1.36251  9.33409e-14  5.72142e-14
      1.36268  7.61721e-14  1.86082e-14
      1.36285  6.41898e-14  8.24983e-15
      1.36302  6.37805e-14  4.20777e-15
      1.36320  7.57068e-14  2.89679e-15
      1.36337  9.42861e-14  3.26375e-15
      1.36354  9.71311e-14  4.92258e-15
      1.36371  7.95560e-14  6.45192e-15
      1.36388  8.66972e-14  7.59685e-15
      1.36406  8.88995e-14  1.16198e-14
      1.36423  7.13505e-14  1.96234e-14
      1.36440  2.42057e-13  2.92770e-13
      1.36457  5.72258e-13  1.00403e-12
      1.36475 -1.87361e-13  5.26284e-13
      1.36492 -3.14751e-13  4.70681e-13
      1.36509  1.85650e-13  2.33736e-13
      1.36526  6.48768e-14  4.23842e-14
      1.36543  6.05828e-14  2.90379e-14
      1.36561  6.49402e-14  1.63954e-14
      1.36578  5.96936e-14  7.22210e-15
      1.36595  7.81131e-14  4.06857e-15
      1.36612  8.61457e-14  3.57289e-15
      1.36629  7.86284e-14  3.65468e-15
      1.36647  7.80492e-14  3.66669e-15
      1.36664  8.69248e-14  4.28624e-15
      1.36681  8.28592e-14  6.72653e-15
      1.36698  7.36210e-14  1.02422e-14
      1.36716  8.71096e-14  1.40017e-14
      1.36733  4.36924e-14  2.29708e-14
      1.36750 -6.11904e-14  3.10671e-14
      1.36767 -6.95734e-14  4.30501e-14
      1.36784  4.48781e-14  4.75376e-14
      1.36802  1.01205e-13  4.35467e-14
      1.36819  1.13131e-13  5.64941e-14
      1.36836  6.03673e-14  1.16929e-13
      1.36853 -7.59393e-14  1.47572e-13
      1.36870  7.23908e-15  1.15592e-13
      1.36888  5.63550e-14  2.01172e-14
      1.36905  7.02940e-14  1.24760e-14
      1.36922  6.77912e-14  1.05459e-14
      1.36939  6.39392e-14  9.23148e-15
      1.36957  7.77684e-14  8.64265e-15
      1.36974  9.35230e-14  1.32711e-14
      1.36991  8.75523e-14  2.78209e-14
      1.37008  5.15109e-14  3.97261e-14
      1.37025  6.70430e-14  3.82313e-14
      1.37043  7.79492e-14  3.09653e-14
      1.37060  8.84484e-14  3.07884e-14
      1.37077  7.80063e-14  3.41295e-14
      1.37094  5.67515e-14  3.79843e-14
      1.37111  5.14625e-14  3.63939e-14
      1.37129  5.62152e-14  2.59458e-14
      1.37146  7.19531e-14  1.99158e-14
      1.37163  1.56854e-13  5.57980e-14
      1.37180  1.42381e-13  1.24497e-13
      1.37197 -5.71761e-14  9.63866e-14
      1.37215 -2.80896e-14  7.04174e-14
      1.37232  5.66403e-14  3.24260e-14
      1.37249  6.74744e-14  9.77074e-15
      1.37266  8.04279e-14  5.98700e-15
      1.37284  8.15945e-14  5.91889e-15
      1.37301  7.54696e-14  6.68321e-15
      1.37318  8.06212e-14  7.08438e-15
      1.37335  5.97863e-14  4.43031e-15
      1.37352  5.79786e-14  2.15751e-15
      1.37370  7.63599e-14  1.56233e-15
      1.37387  8.87367e-14  1.57364e-15
      1.37404  8.60069e-14  1.99246e-15
      1.37421  9.06604e-14  2.97465e-15
      1.37438  1.02124e-13  4.90864e-15
      1.37456  8.96422e-14  8.60654e-15
      1.37473  8.04403e-14  1.16215e-14
      1.37490  5.88858e-14  6.94737e-15
      1.37507  4.98485e-14  2.17625e-15
      1.37524  6.24553e-14  1.05254e-15
      1.37542  7.77475e-14  7.90437e-16
      1.37559  9.55021e-14  8.79048e-16
      1.37576  1.19071e-13  1.50754e-15
      1.37593  1.02166e-13  2.76593e-15
      1.37610  5.94251e-14  3.19159e-15
      1.37628  7.38892e-14  2.17496e-15
      1.37645  9.67715e-14  2.09980e-15
      1.37662  1.12952e-13  3.29100e-15
      1.37679  1.13261e-13  7.52454e-15
      1.37696  7.74418e-14  1.31790e-14
      1.37714  4.59967e-14  5.85667e-15
      1.37731  5.14275e-14  1.63068e-15
      1.37748  6.31856e-14  7.72947e-16
      1.37765  7.42093e-14  5.74744e-16
      1.37782  8.81492e-14  6.01392e-16
      1.37800  1.05447e-13  8.41033e-16
      1.37817  1.14693e-13  1.52161e-15
      1.37834  1.12620e-13  3.61146e-15
      1.37851  1.26506e-13  1.27319e-14
      1.37868  1.12242e-13  3.27648e-14
      1.37885  6.16296e-14  2.74489e-14
      1.37903  6.68708e-14  8.40979e-15
      1.37920  6.31043e-14  3.03086e-15
      1.37937  6.66112e-14  1.62654e-15
      1.37954  7.97693e-14  1.27488e-15
      1.37971  9.17074e-14  1.33608e-15
      1.37989  1.05894e-13  2.02099e-15
      1.38006  1.20790e-13  4.59351e-15
      1.38023  1.02204e-13  1.16811e-14
      1.38040  1.00834e-13  2.69509e-14
      1.38057  5.59641e-12  6.05380e-10
      1.38075  1.87500e-12  1.89114e-10
      1.38092 -1.98859e-11  2.11800e-09
      1.38109  1.21325e-11  1.33325e-09
      1.38126  6.50407e-14  1.87777e-14
      1.38143  7.58516e-14  8.05672e-15
      1.38161  9.24865e-14  6.67877e-15
      1.38178  1.11882e-13  1.19963e-14
      1.38195  1.37721e-13  3.28795e-14
      1.38212  1.12733e-13  5.88284e-14
      1.38229  8.51175e-14  4.03482e-14
      1.38246  6.00899e-14  3.58429e-14
      1.38264  7.97829e-14  8.63942e-14
      1.38281  1.62269e-13  2.51876e-13
      1.38298  2.87311e-13  4.00818e-13
      1.38315  1.26204e-13  9.98758e-14
      1.38332  1.37649e-13  8.57285e-14
      1.38350  9.89728e-14  6.00580e-14
      1.38367  6.97855e-14  3.68464e-14
      1.38384  4.81496e-14  3.28645e-14
      1.38401  4.70053e-14  2.37201e-14
      1.38418  8.55417e-14  1.64751e-14
      1.38436  9.46051e-14  1.40450e-14
      1.38453  9.13724e-14  1.53252e-14
      1.38470  7.62992e-14  1.67689e-14
      1.38487  7.30474e-14  2.21884e-14
      1.38504  7.86045e-14  3.12575e-14
      1.38521  7.49438e-14  3.00650e-14
      1.38539  8.04564e-14  2.01666e-14
      1.38556  9.08629e-14  1.51153e-14
      1.38573  7.54466e-14  1.42972e-14
      1.38590  5.20812e-14  9.79229e-15
      1.38607  7.38183e-14  8.02263e-15
      1.38625  7.98148e-14  7.66721e-15
      1.38642  5.66865e-14  6.58027e-15
      1.38659  5.44834e-14  3.12125e-15
      1.38676  7.04132e-14  1.75200e-15
      1.38693  8.01463e-14  1.39092e-15
      1.38710  8.00515e-14  1.28100e-15
      1.38728  8.86611e-14  1.37652e-15
      1.38745  1.08095e-13  1.86644e-15
      1.38762  1.29182e-13  4.67078e-15
      1.38779  9.73192e-14  1.98197e-14
      1.38796  3.13132e-14  4.84967e-14
      1.38813  3.88716e-14  4.82448e-14
      1.38831  4.07345e-14  2.03918e-14
      1.38848  4.73691e-14  4.92453e-15
      1.38865  6.79442e-14  2.15477e-15
      1.38882  6.97099e-14  1.45154e-15
      1.38899  6.54315e-14  9.76078e-16
      1.38917  7.55671e-14  7.41096e-16
      1.38934  8.78796e-14  7.09404e-16
      1.38951  9.66897e-14  8.72188e-16
      1.38968  9.77136e-14  1.32936e-15
      1.38985  7.10487e-14  1.70922e-15
      1.39002  5.93421e-14  1.24920e-15
      1.39020  6.95342e-14  8.70551e-16
      1.39037  8.14160e-14  7.87496e-16
      1.39054  9.54286e-14  9.79473e-16
      1.39071  9.02260e-14  1.38368e-15
      1.39088  5.98808e-14  1.43656e-15
      1.39105  5.88267e-14  8.68755e-16
      1.39123  7.24981e-14  6.24089e-16
      1.39140  8.85401e-14  6.37271e-16
      1.39157  1.04151e-13  9.03003e-16
      1.39174  1.11163e-13  1.68882e-15
      1.39191  1.07940e-13  3.97511e-15
      1.39208  1.00035e-13  1.28384e-14
      1.39226  6.06962e-14  4.11446e-14
      1.39243  4.36742e-14  6.39377e-14
      1.39260  4.47088e-14  4.46505e-14
      1.39277  5.53196e-14  1.64852e-14
      1.39294  5.00210e-14  3.25374e-15
      1.39311  6.51673e-14  1.35742e-15
      1.39329  8.08240e-14  1.11759e-15
      1.39346  8.74417e-14  1.17114e-15
      1.39363  8.78036e-14  1.40441e-15
      1.39380  8.93330e-14  1.79673e-15
      1.39397  8.44193e-14  2.19085e-15
      1.39414  7.69873e-14  2.25098e-15
      1.39432  8.97860e-14  2.39969e-15
      1.39449  1.11269e-13  3.72908e-15
      1.39466  1.39906e-13  1.36175e-14
      1.39483  8.03998e-14  4.41828e-14
      1.39500  4.71215e-14  1.00749e-13
      1.39517  1.94190e-13  2.19231e-13
      1.39535  9.51239e-14  3.76269e-13
      1.39552 -2.19690e-13  4.92063e-13
      1.39569 -3.30637e-14  1.07245e-13
      1.39586  5.04830e-14  2.43199e-14
      1.39603  6.80313e-14  1.34528e-14
      1.39620  7.79659e-14  1.71058e-14
      1.39637  1.14144e-13  3.99931e-14
      1.39655  1.20026e-13  5.74738e-14
      1.39672  6.80418e-14  3.08645e-14
      1.39689  2.01200e-13  2.44107e-14
      1.39706  6.39415e-14  4.22743e-15
      1.39723  4.89543e-14  1.66199e-15
      1.39740  5.45683e-14  8.03668e-16
      1.39758  6.43876e-14  5.51456e-16
      1.39775  7.54895e-14  4.78562e-16
      1.39792  8.78587e-14  5.40327e-16
      1.39809  9.24770e-14  7.19796e-16
      1.39826  7.65244e-14  8.92874e-16
      1.39843  6.31504e-14  8.17657e-16
      1.39861  6.63615e-14  6.45761e-16
      1.39878  7.93050e-14  6.14128e-16
      1.39895  9.57642e-14  7.68619e-16
      1.39912  1.06926e-13  1.26428e-15
      1.39929  1.15374e-13  2.78973e-15
      1.39946  1.31547e-13  8.50966e-15
      1.39963  8.53750e-14  1.93988e-14
      1.39981  7.48870e-14  3.40335e-14
      1.39998  1.87731e-13  9.66703e-14
      1.40015 -1.13528e-14  1.23223e-13
      1.40032 -3.41477e-13  5.21605e-13
      1.40049 -1.28380e-13  3.88908e-13
      1.40066 -6.55618e-13  1.25101e-12
      1.40083 -1.12696e-12  2.17411e-12
      1.40101 -3.60660e-13  8.02899e-13
      1.40118  9.37527e-15  3.95320e-13
      1.40135 -4.79564e-13  1.11389e-12
      1.40152  2.60131e-13  6.81990e-13
      1.40169  5.71000e-14  7.73827e-15
      1.40186  5.56446e-14  2.14509e-15
      1.40204  5.64831e-14  8.48605e-16
      1.40221  6.46972e-14  5.04328e-16
      1.40238  7.66204e-14  4.18862e-16
      1.40255  8.90861e-14  4.63236e-16
      1.40272  1.01837e-13  6.72877e-16
      1.40289  1.01303e-13  1.10384e-15
      1.40306  6.96479e-14  1.37351e-15
      1.40324  5.98978e-14  9.95220e-16
      1.40341  7.47048e-14  7.81415e-16
      1.40358  9.12052e-14  8.07054e-16
      1.40375  1.03870e-13  1.11526e-15
      1.40392  1.11497e-13  2.05978e-15
      1.40409  1.23967e-13  5.16898e-15
      1.40426  1.32474e-13  1.40619e-14
      1.40444  2.58639e-13  1.34955e-13
      1.40461  4.50510e-13  3.79351e-13
      1.40478  1.49308e-13  1.91736e-13
      1.40495 -3.57368e-13  2.92439e-13
      1.40512 -2.23107e-13  1.46530e-13
      1.40529  3.75388e-14  7.56794e-15
      1.40546  5.73261e-14  1.67395e-15
      1.40564  6.58096e-14  9.45430e-16
      1.40581  7.09519e-14  6.95090e-16
      1.40598  7.90508e-14  6.30158e-16
      1.40615  8.34414e-14  6.16636e-16
      1.40632  8.77459e-14  6.78616e-16
      1.40649  1.00364e-13  9.35267e-16
      1.40666  1.30300e-13  2.13391e-15
      1.40683  1.60629e-13  1.05731e-14
      1.40701  9.65319e-14  2.23284e-14
      1.40718  1.02290e-13  1.86369e-14
      1.40735  7.93373e-14  9.50498e-15
      1.40752  4.96098e-14  2.50276e-15
      1.40769  5.72266e-14  9.55371e-16
      1.40786  6.82246e-14  6.34131e-16
      1.40803  8.11266e-14  6.04237e-16
      1.40821  8.81650e-14  6.96288e-16
      1.40838  7.79886e-14  7.66530e-16
      1.40855  7.39530e-14  7.93196e-16
      1.40872  9.04620e-14  9.51526e-16
      1.40889  1.33628e-13  2.14997e-15
      1.40906  2.69742e-13  1.05823e-13
      1.40923 -8.92293e-14  7.37810e-14
      1.40940 -7.89489e-14  1.26741e-13
      1.40958  1.53850e-13  1.51698e-13
      1.40975  4.68420e-14  2.93824e-14
      1.40992  5.39549e-14  3.91134e-15
      1.41009  6.83627e-14  1.66799e-15
      1.41026  7.81882e-14  1.35050e-15
      1.41043  6.93497e-14  1.18397e-15
      1.41060  6.11098e-14  8.31500e-16
      1.41078  7.57855e-14  7.08384e-16
      1.41095  9.77939e-14  8.28093e-16
      1.41112  1.08526e-13  1.21519e-15
      1.41129  7.33542e-14  1.48238e-15
      1.41146  5.37648e-14  1.03757e-15
      1.41163  5.99471e-14  6.58661e-16
      1.41180  7.33265e-14  5.67604e-16
      1.41197  8.85816e-14  6.58233e-16
      1.41215  9.61589e-14  9.55039e-16
      1.41232  6.56208e-14  1.12338e-15
      1.41249  4.83470e-14  6.76406e-16
      1.41266  6.08494e-14  4.07024e-16
      1.41283  7.39804e-14  3.29058e-16
      1.41300  8.29542e-14  3.18394e-16
      1.41317  8.99801e-14  3.66151e-16
      1.41334  9.98088e-14  5.20004e-16
      1.41352  1.02511e-13  8.28318e-16
      1.41369  8.17200e-14  1.15070e-15
      1.41386  8.44111e-14  1.45369e-15
      1.41403  1.09301e-13  2.28871e-15
      1.41420  1.28843e-13  5.76363e-15
      1.41437  1.13368e-13  1.22719e-14
      1.41454  1.29499e-13  1.76059e-14
      1.41471  8.78862e-14  1.72056e-14
      1.41489  6.42916e-14  6.39507e-15
      1.41506  7.47988e-14  3.64501e-15
      1.41523  7.62480e-14  2.75212e-15
      1.41540  6.51011e-14  1.87285e-15
      1.41557  5.66191e-14  9.61049e-16
      1.41574  6.04860e-14  5.36950e-16
      1.41591  6.75803e-14  4.04842e-16
      1.41608  7.00251e-14  3.37958e-16
      1.41625  7.74545e-14  3.20600e-16
      1.41643  8.96369e-14  3.56401e-16
      1.41660  9.40596e-14  4.32538e-16
      1.41677  8.37367e-14  5.07101e-16
      1.41694  7.51631e-14  5.37945e-16
      1.41711  7.30664e-14  6.11041e-16
      1.41728  8.05680e-14  5.97494e-16
      1.41745  8.40742e-14  7.23319e-16
      1.41762  6.86957e-14  7.34238e-16
      1.41779  6.76369e-14  6.57042e-16
      1.41797  7.22825e-14  5.62807e-16
      1.41814  6.68520e-14  4.58221e-16
      1.41831  7.27025e-14  4.25632e-16
      1.41848  8.95347e-14  4.93702e-16
      1.41865  1.12131e-13  8.04492e-16
      1.41882  1.57739e-13  2.86888e-15
      1.41899  3.22461e-13  6.90208e-14
      1.41916  2.44584e-13  1.01202e-13
      1.41933  1.59437e-13  9.71952e-14
      1.41951  4.47847e-14  7.38938e-15
      1.41968  5.81329e-14  2.41361e-15
      1.41985  6.39264e-14  1.37521e-15
      1.42002  5.89368e-14  7.49988e-16
      1.42019  7.39666e-14  5.97224e-16
      1.42036  9.32628e-14  6.61904e-16
      1.42053  8.36645e-14  7.65987e-16
      1.42070  5.92434e-14  6.73478e-16
      1.42087  6.93381e-14  5.56293e-16
      1.42105  7.57852e-14  4.75262e-16
      1.42122  7.77831e-14  4.48632e-16
      1.42139  8.03701e-14  4.67044e-16
      1.42156  7.11056e-14  4.33092e-16
      1.42173  6.72158e-14  3.81577e-16
      1.42190  7.46013e-14  3.60917e-16
      1.42207  7.29214e-14  3.28066e-16
      1.42224  7.11129e-14  3.05434e-16
      1.42241  8.22491e-14  3.35030e-16
      1.42258  9.24948e-14  4.22414e-16
      1.42276  8.33405e-14  5.20387e-16
      1.42293  8.13552e-14  6.31772e-16
      1.42310  9.45140e-14  8.05135e-16
      1.42327  7.64592e-14  9.39632e-16
      1.42344  5.86365e-14  8.80127e-16
      1.42361  7.43674e-14  8.38931e-16
      1.42378  7.75913e-14  9.22509e-16
      1.42395  5.20945e-14  7.90872e-16
      1.42412  5.25515e-14  4.83004e-16
      1.42429  6.81041e-14  3.58970e-16
      1.42447  7.71762e-14  3.13279e-16
      1.42464  8.30161e-14  3.20904e-16
      1.42481  8.23698e-14  3.52017e-16
      1.42498  7.84416e-14  3.88184e-16
      1.42515  8.05836e-14  4.40411e-16
      1.42532  8.69629e-14  5.38694e-16
      1.42549  9.09018e-14  7.28355e-16
      1.42566  7.71145e-14  8.77489e-16
      1.42583  5.47313e-14  6.86721e-16
      1.42600  5.63001e-14  4.27953e-16
      1.42618  6.73312e-14  3.42331e-16
      1.42635  7.14231e-14  2.93284e-16
      1.42652  7.63068e-14  2.86424e-16
      1.42669  8.23264e-14  3.04590e-16
      1.42686  8.62611e-14  3.45961e-16
      1.42703  8.81384e-14  4.41233e-16
      1.42720  8.15244e-14  5.47786e-16
      1.42737  7.51929e-14  6.33769e-16
      1.42754  8.04546e-14  6.96016e-16
      1.42771  7.60851e-14  7.01104e-16
      1.42788  7.77697e-14  7.55176e-16
      1.42806  8.72617e-14  8.53235e-16
      1.42823  8.31166e-14  1.01574e-15
      1.42840  6.62393e-14  1.11952e-15
      1.42857  6.17956e-14  9.78622e-16
      1.42874  5.99346e-14  7.65908e-16
      1.42891  5.21914e-14  4.78023e-16
      1.42908  6.08237e-14  3.41071e-16
      1.42925  7.49219e-14  3.07563e-16
      1.42942  8.27985e-14  3.16643e-16
      1.42959  8.59620e-14  3.61965e-16
      1.42976  7.96258e-14  4.12284e-16
      1.42993  6.44363e-14  3.71467e-16
      1.43011  6.59522e-14  3.04708e-16
      1.43028  7.51002e-14  2.55785e-16
      1.43045  8.24745e-14  2.36101e-16
      1.43062  8.94416e-14  2.54582e-16
      1.43079  9.67337e-14  3.16345e-16
      1.43096  1.01772e-13  4.44086e-16
      1.43113  9.21746e-14  6.41930e-16
      1.43130  8.01129e-14  8.53139e-16
      1.43147  8.71314e-14  1.07690e-15
      1.43164  7.48308e-14  1.23766e-15
      1.43181  5.50283e-14  1.00373e-15
      1.43198  6.72521e-14  7.29316e-16
      1.43216  8.62237e-14  7.40203e-16
      1.43233  8.73698e-14  9.11402e-16
      1.43250  5.85166e-14  9.12792e-16
      1.43267  5.58544e-14  6.67056e-16
      1.43284  6.45818e-14  4.90678e-16
      1.43301  6.55891e-14  3.72610e-16
      1.43318  7.05760e-14  3.13250e-16
      1.43335  8.05526e-14  3.09130e-16
      1.43352  8.65181e-14  3.44078e-16
      1.43369  8.15423e-14  3.98639e-16
      1.43386  7.60907e-14  4.69915e-16
      1.43403  7.86994e-14  5.92554e-16
      1.43420  7.73507e-14  7.89492e-16
      1.43438  5.78873e-14  8.46927e-16
      1.43455  5.57674e-14  6.00632e-16
      1.43472  6.36502e-14  4.23328e-16
      1.43489  7.29594e-14  3.64452e-16
      1.43506  7.84977e-14  3.66833e-16
      1.43523  7.28412e-14  3.56440e-16
      1.43540  6.85808e-14  3.32664e-16
      1.43557  7.30252e-14  3.09481e-16
      1.43574  8.37907e-14  3.31389e-16
      1.43591  9.30186e-14  4.08761e-16
      1.43608  8.40997e-14  4.96396e-16
      1.43625  6.63701e-14  4.93685e-16
      1.43642  6.59772e-14  4.09073e-16
      1.43659  7.14557e-14  3.43851e-16
      1.43677  8.01184e-14  3.44461e-16
      1.43694  8.97558e-14  4.22820e-16
      1.43711  9.68223e-14  6.48645e-16
      1.43728  9.32600e-14  9.53277e-16
      1.43745  9.26176e-14  1.36651e-15
      1.43762  8.00910e-14  1.89003e-15
      1.43779  4.87853e-14  1.51115e-15
      1.43796  4.92026e-14  6.71781e-16
      1.43813  6.36818e-14  4.32911e-16
      1.43830  7.48813e-14  3.65329e-16
      1.43847  7.36589e-14  3.23700e-16
      1.43864  7.38565e-14  3.04876e-16
      1.43881  8.05984e-14  3.06432e-16
      1.43898  8.47766e-14  3.30101e-16
      1.43915  8.71488e-14  4.01588e-16
      1.43933  8.64280e-14  5.30610e-16
      1.43950  6.48345e-14  5.84203e-16
      1.43967  5.59181e-14  4.64853e-16
      1.43984  6.52815e-14  3.62990e-16
      1.44001  7.20659e-14  3.07354e-16
      1.44018  7.93937e-14  3.15240e-16
      1.44035  7.94363e-14  3.38935e-16
      1.44052  7.42382e-14  3.48205e-16
      1.44069  7.39931e-14  3.61108e-16
      1.44086  7.52948e-14  3.73506e-16
      1.44103  7.86655e-14  4.07440e-16
      1.44120  8.65582e-14  5.01430e-16
      1.44137  7.86598e-14  6.14924e-16
      1.44154  5.81862e-14  5.56389e-16
      1.44171  6.20471e-14  4.09389e-16
      1.44188  7.40655e-14  3.48071e-16
      1.44205  7.90362e-14  3.49038e-16
      1.44223  7.39263e-14  3.58078e-16
      1.44240  7.30639e-14  3.71462e-16
      1.44257  8.34913e-14  4.36991e-16
      1.44274  8.52810e-14  5.57311e-16
      1.44291  6.17729e-14  5.58295e-16
      1.44308  5.77597e-14  3.89465e-16
      1.44325  6.92156e-14  2.97126e-16
      1.44342  7.74160e-14  2.67137e-16
      1.44359  8.07613e-14  2.67739e-16
      1.44376  8.26439e-14  2.83457e-16
      1.44393  8.40693e-14  3.24561e-16
      1.44410  8.25326e-14  3.87825e-16
      1.44427  7.17892e-14  4.13119e-16
      1.44444  6.33445e-14  3.58549e-16
      1.44461  6.74434e-14  3.08239e-16
      1.44478  7.58061e-14  3.38591e-16
      1.44495  8.40771e-14  3.45309e-16
      1.44512  9.27870e-14  4.80471e-16
      1.44529  9.75584e-14  7.92457e-16
      1.44546  9.36491e-14  1.54803e-15
      1.44564  6.61791e-14  2.40030e-15
      1.44581  4.67965e-14  1.46832e-15
      1.44598  5.54969e-14  7.46489e-16
      1.44615  6.19124e-14  4.49869e-16
      1.44632  6.79236e-14  3.40106e-16
      1.44649  7.57946e-14  3.11264e-16
      1.44666  8.42359e-14  3.33410e-16
      1.44683  8.63621e-14  3.99692e-16
      1.44700  7.74688e-14  4.73527e-16
      1.44717  6.63536e-14  4.59360e-16
      1.44734  6.14226e-14  3.56141e-16
      1.44751  6.45002e-14  2.80757e-16
      1.44768  7.07113e-14  2.47773e-16
      1.44785  7.84703e-14  2.45495e-16
      1.44802  8.14201e-14  2.64216e-16
      1.44819  7.63855e-14  2.81743e-16
      1.44836  7.63329e-14  2.93368e-16
      1.44853  7.89734e-14  2.98300e-16
      1.44870  7.41132e-14  2.93579e-16
      1.44887  7.09035e-14  2.80168e-16
      1.44904  7.50103e-14  2.88266e-16
      1.44921  8.01616e-14  2.88444e-16
      1.44938  8.45142e-14  2.85388e-16
      1.44955  8.66196e-14  3.17711e-16
      1.44973  8.56965e-14  3.68494e-16
      1.44990  8.59785e-14  4.53994e-16
      1.45007  9.18263e-14  6.23598e-16
      1.45024  9.79161e-14  9.61479e-16
      1.45041  8.77236e-14  1.53311e-15
      1.45058  7.11329e-14  2.12032e-15
      1.45075  6.32335e-14  2.18912e-15
      1.45092  5.84382e-14  1.68684e-15
      1.45109  4.78260e-14  7.51838e-16
      1.45126  5.61816e-14  4.02793e-16
      1.45143  7.05555e-14  3.18998e-16
      1.45160  8.28281e-14  3.13146e-16
      1.45177  8.93109e-14  3.54584e-16
      1.45194  8.90753e-14  4.30205e-16
      1.45211  7.50121e-14  4.47126e-16
      1.45228  6.40640e-14  3.53790e-16
      1.45245  6.88569e-14  2.93579e-16
      1.45262  8.13537e-14  2.93777e-16
      1.45279  8.68581e-14  3.29112e-16
      1.45296  7.58259e-14  3.39000e-16
      1.45313  6.90085e-14  3.02577e-16
      1.45330  7.07551e-14  2.70648e-16
      1.45347  7.09721e-14  2.46771e-16
      1.45364  7.26328e-14  2.30908e-16
      1.45381  7.58505e-14  2.29331e-16
      1.45398  7.84186e-14  2.39200e-16
      1.45415  7.85122e-14  2.56046e-16
      1.45432  7.30527e-14  2.62410e-16
      1.45449  6.99771e-14  2.52644e-16
      1.45466  7.43886e-14  2.53181e-16
      1.45483  8.26781e-14  2.83401e-16
      1.45500  9.08407e-14  3.58636e-16
      1.45517  8.75538e-14  4.50279e-16
      1.45535  6.81303e-14  4.44158e-16
      1.45552  6.15582e-14  3.50060e-16
      1.45569  6.73937e-14  2.95052e-16
      1.45586  7.33493e-14  2.77899e-16
      1.45603  7.61336e-14  2.80397e-16
      1.45620  7.28507e-14  2.69041e-16
      1.45637  7.02447e-14  2.53969e-16
      1.45654  7.30329e-14  2.47142e-16
      1.45671  7.70494e-14  2.55746e-16
      1.45688  7.68111e-14  2.63995e-16
      1.45705  7.44173e-14  2.69214e-16
      1.45722  7.41554e-14  2.64834e-16
      1.45739  7.96016e-14  2.79498e-16
      1.45756  7.96773e-14  3.00616e-16
      1.45773  7.11292e-14  2.86979e-16
      1.45790  7.08218e-14  2.61863e-16
      1.45807  7.71792e-14  2.37794e-16
      1.45824  8.15833e-14  2.31566e-16
      1.45841  8.16183e-14  2.38019e-16
      1.45858  7.94836e-14  2.40608e-16
      1.45875  7.89962e-14  2.48424e-16
      1.45892  7.86111e-14  2.89645e-16
      1.45909  7.79458e-14  2.47966e-16
      1.45926  7.73067e-14  2.72602e-16
      1.45943  7.98550e-14  2.40625e-16
      1.45960  8.45060e-14  2.55733e-16
      1.45977  8.49291e-14  2.77127e-16
      1.45994  8.69789e-14  3.16096e-16
      1.46011  9.09801e-14  3.85496e-16
      1.46028  7.63485e-14  4.16369e-16
      1.46045  6.30088e-14  3.67697e-16
      1.46062  6.84103e-14  3.00596e-16
      1.46079  7.79266e-14  2.74540e-16
      1.46096  8.66662e-14  2.95130e-16
      1.46113  8.60042e-14  3.35124e-16
      1.46130  7.54532e-14  3.51545e-16
      1.46147  7.01516e-14  3.37925e-16
      1.46164  6.96822e-14  2.97474e-16
      1.46181  7.01278e-14  2.66667e-16
      1.46198  7.11372e-14  2.46248e-16
      1.46215  7.43346e-14  2.39225e-16
      1.46232  7.89366e-14  2.47076e-16
      1.46249  8.07403e-14  2.64118e-16
      1.46266  8.34160e-14  2.98269e-16
      1.46283  9.15405e-14  3.77899e-16
      1.46300  9.14662e-14  5.19171e-16
      1.46317  6.16121e-14  5.57119e-16
      1.46334  5.14300e-14  3.99530e-16
      1.46351  6.36349e-14  3.03003e-16
      1.46368  7.42935e-14  2.64011e-16
      1.46385  7.58438e-14  2.47784e-16
      1.46402  7.37760e-14  2.41629e-16
      1.46419  7.47044e-14  2.58476e-16
      1.46436  7.83572e-14  2.51879e-16
      1.46453  8.04105e-14  2.36110e-16
      1.46470  8.37244e-14  2.48694e-16
      1.46487  9.19426e-14  3.02520e-16
      1.46504  9.31231e-14  3.93413e-16
      1.46521  6.94791e-14  4.13506e-16
      1.46538  6.16741e-14  3.38958e-16
      1.46555  7.59454e-14  3.01307e-16
      1.46572  9.01516e-14  3.22885e-16
      1.46589  8.94282e-14  3.42669e-16
      1.46606  8.21946e-14  3.77981e-16
      1.46623  8.17881e-14  4.25001e-16
      1.46640  7.98547e-14  4.57434e-16
      1.46657  7.53131e-14  4.68737e-16
      1.46674  7.94857e-14  4.84465e-16
      1.46691  7.53990e-14  4.62288e-16
      1.46708  6.62606e-14  3.90939e-16
      1.46725  7.07066e-14  3.40759e-16
      1.46742  8.02329e-14  3.32663e-16
      1.46759  8.10742e-14  3.52307e-16
      1.46776  6.90069e-14  3.35900e-16
      1.46793  6.58288e-14  2.97872e-16
      1.46810  7.14367e-14  2.76793e-16
      1.46827  7.49638e-14  2.70149e-16
      1.46844  7.22042e-14  2.63717e-16
      1.46861  7.14753e-14  2.56072e-16
      1.46878  7.78292e-14  2.62331e-16
      1.46895  8.33322e-14  2.92927e-16
      1.46912  8.37030e-14  3.42666e-16
      1.46929  8.60762e-14  4.26366e-16
      1.46946  8.15857e-14  5.12859e-16
      1.46963  6.33437e-14  4.78723e-16
      1.46980  6.20253e-14  3.78778e-16
      1.46997  7.46100e-14  3.32012e-16
      1.47014  8.72929e-14  3.60756e-16
      1.47031  9.59056e-14  4.44733e-16
      1.47048  9.99390e-14  6.70717e-16
      1.47065  8.25797e-14  9.65434e-16
      1.47082  6.30707e-14  1.15849e-15
      1.47099  5.58725e-14  8.36678e-16
      1.47116  5.52554e-14  4.83831e-16
      1.47133  6.63100e-14  3.74036e-16
      1.47150  7.65030e-14  3.39368e-16
      1.47167  7.63632e-14  3.26422e-16
      1.47184  7.79834e-14  3.36001e-16
      1.47201  8.92011e-14  3.97324e-16
      1.47218  9.54565e-14  5.23666e-16
      1.47235  6.96072e-14  5.86524e-16
      1.47252  5.26493e-14  4.61356e-16
      1.47269  6.47175e-14  3.51275e-16
      1.47285  7.96473e-14  3.23217e-16
      1.47302  8.28626e-14  3.21348e-16
      1.47319  7.79111e-14  3.23404e-16
      1.47336  8.22671e-14  3.45013e-16
      1.47353  8.64964e-14  3.88159e-16
      1.47370  7.15264e-14  3.77757e-16
      1.47387  6.12145e-14  3.19294e-16
      1.47404  6.60282e-14  2.75092e-16
      1.47421  7.30326e-14  2.44437e-16
      1.47438  7.78559e-14  2.34163e-16
      1.47455  7.75706e-14  2.36062e-16
      1.47472  7.46558e-14  2.31453e-16
      1.47489  7.59321e-14  2.27227e-16
      1.47506  8.00148e-14  2.62252e-16
      1.47523  8.30871e-14  2.51095e-16
      1.47540  8.75221e-14  2.94244e-16
      1.47557  8.94611e-14  3.71184e-16
      1.47574  7.46376e-14  4.18348e-16
      1.47591  6.09973e-14  3.81401e-16
      1.47608  6.48517e-14  3.16228e-16
      1.47625  7.30855e-14  2.80242e-16
      1.47642  8.14130e-14  2.90222e-16
      1.47659  8.77029e-14  3.36836e-16
      1.47676  8.23580e-14  3.99832e-16
      1.47693  6.55880e-14  4.09306e-16
      1.47710  6.21040e-14  3.38628e-16
      1.47727  7.26388e-14  3.00967e-16
      1.47744  8.54504e-14  3.16774e-16
      1.47761  9.35614e-14  3.89852e-16
      1.47778  8.16875e-14  4.64830e-16
      1.47795  5.94004e-14  4.39151e-16
      1.47812  5.98761e-14  3.43842e-16
      1.47829  7.03833e-14  2.83578e-16
      1.47845  7.85637e-14  2.61100e-16
      1.47862  8.42677e-14  2.62965e-16
      1.47879  8.35384e-14  2.75157e-16
      1.47896  8.02720e-14  2.91684e-16
      1.47913  8.40325e-14  3.26229e-16
      1.47930  8.04105e-14  3.56731e-16
      1.47947  6.61260e-14  3.40488e-16
      1.47964  6.61964e-14  3.15332e-16
      1.47981  7.79909e-14  3.18714e-16
      1.47998  8.73474e-14  3.62094e-16
      1.48015  8.52117e-14  4.48098e-16
      1.48032  7.06716e-14  5.04164e-16
      1.48049  6.05067e-14  4.49596e-16
      1.48066  5.99507e-14  3.40052e-16
      1.48083  6.73070e-14  2.78938e-16
      1.48100  7.51110e-14  2.50752e-16
      1.48117  8.22938e-14  2.49821e-16
      1.48134  8.91004e-14  2.84290e-16
      1.48151  8.86918e-14  3.35521e-16
      1.48168  7.76417e-14  3.63256e-16
      1.48185  7.27152e-14  3.69137e-16
      1.48202  6.94676e-14  3.37009e-16
      1.48219  6.70565e-14  2.93634e-16
      1.48235  7.17408e-14  2.66191e-16
