      1.87715  3.03411e-14  5.06874e-14
      1.87744  3.89839e-14  2.83621e-14
      1.87773  4.63510e-14  1.18964e-14
      1.87802  3.63716e-14  5.14926e-15
      1.87831  3.03767e-14  1.58363e-15
      1.87860  4.14575e-14  7.68182e-16
      1.87888  5.78439e-14  6.49027e-16
      1.87917  6.33236e-14  6.32645e-16
      1.87946  5.33938e-14  5.33129e-16
      1.87975  5.92969e-14  5.21851e-16
      1.88004  7.53106e-14  5.55315e-16
      1.88033  8.89218e-14  8.24520e-16
      1.88062  1.18057e-13  3.59821e-15
      1.88091  7.57727e-14  6.73018e-15
      1.88120  3.42716e-14  7.79223e-15
      1.88149  2.66238e-14  1.49631e-15
      1.88178  3.66644e-14  5.48495e-16
      1.88207  5.41276e-14  4.23304e-16
      1.88236  7.03174e-14  4.23884e-16
      1.88265  7.56118e-14  4.61062e-16
      1.88294  7.63457e-14  5.79987e-16
      1.88323  8.15720e-14  8.53066e-16
      1.88352  8.64818e-14  1.50041e-15
      1.88381  8.44621e-14  5.61620e-15
      1.88410  4.12144e-14  9.96898e-15
      1.88439  3.44194e-14  8.29183e-15
      1.88468  3.28734e-14  2.37598e-15
      1.88496  4.70153e-14  1.46443e-15
      1.88525  5.49894e-14  1.34190e-15
      1.88554  4.57364e-14  9.80167e-16
      1.88583  4.93547e-14  7.69540e-16
      1.88612  6.51450e-14  7.98088e-16
      1.88641  7.72455e-14  9.87973e-16
      1.88670  5.93578e-14  1.07875e-15
      1.88699  3.39722e-14  9.16270e-16
      1.88728  4.33303e-14  5.85337e-16
      1.88757  5.42116e-14  4.09664e-16
      1.88786  6.30422e-14  3.35598e-16
      1.88815  6.84135e-14  3.16304e-16
      1.88844  6.74109e-14  3.37313e-16
      1.88873  6.29336e-14  4.14087e-16
      1.88902  6.37268e-14  5.25106e-16
      1.88931  7.25054e-14  7.26484e-16
      1.88960  8.86151e-14  1.59203e-15
      1.88989  1.57498e-13  2.46747e-14
      1.89018  7.55224e-14  2.39083e-14
      1.89047  1.06750e-14  9.98897e-15
      1.89076  3.42093e-14  2.76808e-15
      1.89104  5.93903e-14  2.06918e-15
      1.89133  7.00193e-14  2.00525e-15
      1.89162  7.55627e-14  3.42840e-15
      1.89191  8.33952e-14  1.43196e-14
      1.89220  5.20250e-14  2.61675e-14
      1.89249  3.49388e-14  2.32034e-14
      1.89278  2.86567e-14  1.29446e-14
      1.89307  4.47411e-14  7.72149e-15
      1.89336  6.71551e-14  9.50436e-15
      1.89365  4.74949e-14  6.39327e-15
      1.89394  3.01439e-14  2.11297e-15
      1.89423  4.32490e-14  9.45066e-16
      1.89452  4.81624e-14  6.11760e-16
      1.89481  4.41227e-14  3.55155e-16
      1.89510  5.42066e-14  2.85625e-16
      1.89539  6.99275e-14  2.80927e-16
      1.89568  7.98175e-14  3.32666e-16
      1.89597  7.59150e-14  4.09686e-16
      1.89626  6.22457e-14  4.60587e-16
      1.89655  5.75051e-14  4.42372e-16
      1.89683  6.91020e-14  5.11673e-16
      1.89712  8.34812e-14  6.73609e-16
      1.89741  1.00782e-13  1.53575e-15
      1.89770  5.45190e-13  3.20453e-13
      1.89799  2.46652e-13  1.79050e-13
      1.89828  1.36569e-13  1.14592e-13
      1.89857 -2.28926e-14  3.96481e-14
      1.89886 -3.12912e-13  2.30691e-13
      1.89915 -1.10361e-12  7.30548e-13
      1.89944 -2.95421e-13  3.58628e-14
      1.89973 -1.19758e-13  1.32288e-14
      1.90002  5.71488e-14  1.33259e-14
      1.90031  2.80090e-13  3.98111e-14
      1.90060  4.41107e-13  5.32223e-14
      1.90089  3.38137e-13  5.54408e-14
      1.90118  9.76175e-14  1.19988e-14
      1.90147  5.64689e-14  4.67823e-15
      1.90176  6.43484e-14  3.08019e-15
      1.90205  7.97821e-14  3.48847e-15
      1.90234  9.42268e-14  6.95090e-15
      1.90262  8.39459e-14  1.78232e-14
      1.90291  6.74819e-14  3.90451e-14
      1.90320  1.89751e-15  1.93126e-14
      1.90349  2.48628e-14  8.51860e-15
      1.90378  3.93617e-14  2.85473e-15
      1.90407  7.25814e-14  2.85312e-15
      1.90436  8.40391e-14  3.86055e-15
      1.90465  1.20425e-13  2.62036e-14
      1.90494  8.29766e-14  4.01454e-14
      1.90523 -1.38039e-14  3.11968e-14
      1.90552 -1.07765e-13  1.33576e-13
      1.90581  8.13306e-14  1.99069e-13
      1.90610  6.19347e-14  1.92714e-13
      1.90639  9.00912e-14  2.90055e-13
      1.90668  3.09210e-14  2.01711e-13
      1.90697  3.02059e-14  1.85004e-14
      1.90726  2.57598e-14  2.43289e-15
      1.90755  4.06806e-14  8.50658e-16
      1.90784  5.70497e-14  6.50174e-16
      1.90812  6.62969e-14  5.94384e-16
      1.90841  7.71602e-14  6.81602e-16
      1.90870  7.08128e-14  8.38512e-16
      1.90899  4.73387e-14  7.52891e-16
      1.90928  5.48060e-14  6.43954e-16
      1.90957  6.78469e-14  6.17288e-16
      1.90986  7.32341e-14  7.06462e-16
      1.91015  8.12077e-14  1.12926e-15
      1.91044  9.26042e-14  2.39691e-15
      1.91073  1.08676e-13  9.66337e-15
      1.91102  9.77512e-14  1.75864e-14
      1.91131  7.10246e-14  1.62433e-14
      1.91160  2.75321e-14  2.37681e-14
      1.91189  1.75685e-14  1.55244e-14
      1.91218  5.75609e-14  8.58294e-15
      1.91247  7.45540e-14  1.03416e-14
      1.91276  7.04078e-14  1.30613e-14
      1.91305  1.00385e-13  5.02501e-14
      1.91334  9.76387e-14  1.17611e-13
      1.91362 -1.16041e-13  1.78997e-13
      1.91391  3.96428e-14  1.47117e-13
      1.91420 -1.01810e-13  1.62417e-13
      1.91449  2.90124e-14  7.41278e-14
      1.91478  3.29613e-14  2.71275e-15
      1.91507  4.33665e-14  1.02698e-15
      1.91536  6.33372e-14  8.27679e-16
      1.91565  7.91634e-14  9.47343e-16
      1.91594  9.71418e-14  2.17901e-15
      1.91623  1.28484e-13  1.46233e-14
      1.91652  4.28565e-14  1.33599e-14
      1.91681  2.47334e-14  2.81058e-15
      1.91710  2.93845e-14  5.52909e-16
      1.91739  4.45676e-14  3.10636e-16
      1.91768  5.77088e-14  2.56351e-16
      1.91797  6.54518e-14  2.39228e-16
      1.91826  7.14196e-14  2.51442e-16
      1.91855  8.01853e-14  3.09271e-16
      1.91883  9.07877e-14  4.29799e-16
      1.91912  9.72146e-14  7.62161e-16
      1.91941  1.12586e-13  3.28139e-15
      1.91970  1.71271e-13  5.65780e-14
      1.91999  8.40342e-14  6.40593e-14
      1.92028  7.17260e-13  1.95193e-11
      1.92057  1.93947e-12  6.45688e-11
      1.92086  3.81218e-13  1.11456e-11
      1.92115  2.19163e-14  2.12358e-14
      1.92144  2.21980e-14  1.28831e-15
      1.92173  3.99040e-14  4.88424e-16
      1.92202  5.09096e-14  3.32403e-16
      1.92231  6.18003e-14  2.89070e-16
      1.92260  6.63328e-14  2.75031e-16
      1.92289  6.77424e-14  2.68004e-16
      1.92318  7.63665e-14  3.13868e-16
      1.92347  8.63050e-14  4.28905e-16
      1.92376  9.91494e-14  1.03721e-15
      1.92404  8.09958e-14  2.36218e-15
      1.92433  2.69209e-14  2.36909e-15
      1.92462  2.73468e-14  4.88344e-16
      1.92491  4.24511e-14  2.46050e-16
      1.92520  5.79244e-14  2.04667e-16
      1.92549  7.10282e-14  2.02722e-16
      1.92578  7.67819e-14  2.34135e-16
      1.92607  7.46125e-14  2.82269e-16
      1.92636  7.49660e-14  3.80476e-16
      1.92665  8.37257e-14  6.04644e-16
      1.92694  1.06971e-13  2.15312e-15
      1.92723  4.58720e-14  2.36675e-15
      1.92752  3.49543e-14  1.16551e-15
      1.92781  5.93806e-14  8.34912e-16
      1.92810  7.98024e-14  9.64612e-16
      1.92839  7.63836e-14  1.30777e-15
      1.92868  3.39811e-14  1.21884e-15
      1.92897  3.61736e-14  5.05397e-16
      1.92925  5.01936e-14  3.59588e-16
      1.92954  6.64403e-14  3.40284e-16
      1.92983  8.14618e-14  4.73459e-16
      1.93012  9.13132e-14  7.08337e-16
      1.93041  7.57138e-14  1.18439e-15
      1.93070  7.04196e-14  1.89295e-15
      1.93099  5.73213e-14  1.98377e-15
      1.93128  4.03231e-14  1.54280e-15
      1.93157  3.90107e-14  8.05762e-16
      1.93186  3.53796e-14  3.19218e-16
      1.93215  5.23577e-14  2.50642e-16
      1.93244  6.92551e-14  2.66087e-16
      1.93273  6.28570e-14  2.56469e-16
      1.93302  5.56649e-14  2.39351e-16
      1.93331  6.61657e-14  2.54158e-16
      1.93360  8.10593e-14  3.27992e-16
      1.93389  7.71901e-14  5.15177e-16
      1.93417  4.00995e-14  4.91825e-16
      1.93446  3.77157e-14  2.48138e-16
      1.93475  5.12699e-14  1.80062e-16
      1.93504  6.47717e-14  1.66120e-16
      1.93533  7.50927e-14  1.85821e-16
      1.93562  7.79204e-14  2.35525e-16
      1.93591  7.83703e-14  3.31957e-16
      1.93620  7.70771e-14  4.90506e-16
      1.93649  5.06496e-14  4.98566e-16
      1.93678  4.65180e-14  3.78006e-16
      1.93707  5.79983e-14  3.15471e-16
      1.93736  6.79240e-14  2.90598e-16
      1.93765  7.83654e-14  3.69257e-16
      1.93794  6.59229e-14  4.25046e-16
      1.93823  5.16052e-14  4.17979e-16
      1.93852  6.28416e-14  4.25345e-16
      1.93881  8.35429e-14  5.99195e-16
      1.93909  9.82324e-14  1.64845e-15
      1.93938  4.33334e-14  1.83779e-15
      1.93967  2.55697e-14  5.60121e-16
      1.93996  3.92235e-14  2.69986e-16
      1.94025  5.32498e-14  2.29174e-16
      1.94054  6.71916e-14  2.57246e-16
      1.94083  7.12175e-14  3.40457e-16
      1.94112  6.25417e-14  4.47551e-16
      1.94141  4.66506e-14  4.02250e-16
      1.94170  3.92224e-14  2.24655e-16
      1.94199  4.74663e-14  1.49154e-16
      1.94228  5.96716e-14  1.29310e-16
      1.94257  6.74113e-14  1.28508e-16
      1.94286  6.78366e-14  1.34825e-16
      1.94315  7.13018e-14  1.60204e-16
      1.94344  7.47582e-14  2.01955e-16
      1.94372  6.93906e-14  2.43973e-16
      1.94401  7.30805e-14  3.08444e-16
      1.94430  8.60043e-14  4.24158e-16
      1.94459  6.47549e-14  5.10075e-16
      1.94488  3.94344e-14  3.85257e-16
      1.94517  4.17830e-14  2.41021e-16
      1.94546  5.18145e-14  2.06233e-16
      1.94575  5.73627e-14  1.98422e-16
      1.94604  5.39002e-14  1.84963e-16
      1.94633  5.72317e-14  1.61102e-16
      1.94662  7.15145e-14  1.69672e-16
      1.94691  8.33267e-14  2.15093e-16
      1.94720  6.79993e-14  2.43526e-16
      1.94749  5.51300e-14  2.32437e-16
      1.94778  6.44007e-14  2.47340e-16
      1.94807  6.52256e-14  2.64607e-16
      1.94835  5.13828e-14  2.38800e-16
      1.94864  5.70652e-14  2.14672e-16
      1.94893  6.87868e-14  2.26602e-16
      1.94922  6.00737e-14  2.09131e-16
      1.94951  5.67895e-14  1.88338e-16
      1.94980  6.11475e-14  1.75665e-16
      1.95009  6.52203e-14  1.66591e-16
      1.95038  6.66064e-14  1.76345e-16
      1.95067  6.11165e-14  1.73543e-16
      1.95096  5.53042e-14  1.50060e-16
      1.95125  6.03005e-14  1.32223e-16
      1.95154  6.89173e-14  1.34403e-16
      1.95183  7.46691e-14  1.50354e-16
      1.95212  7.39685e-14  1.69837e-16
      1.95241  6.42780e-14  1.72156e-16
      1.95269  6.35434e-14  1.76305e-16
      1.95298  6.82548e-14  2.01511e-16
      1.95327  5.83557e-14  2.04596e-16
      1.95356  5.76422e-14  2.04550e-16
      1.95385  7.30451e-14  2.15376e-16
      1.95414  7.26434e-14  2.25335e-16
      1.95443  5.59068e-14  2.00811e-16
      1.95472  5.94363e-14  1.95807e-16
      1.95501  6.95265e-14  2.14246e-16
      1.95530  6.44072e-14  2.46022e-16
      1.95559  5.28095e-14  2.49873e-16
      1.95588  5.84439e-14  2.52665e-16
      1.95617  6.28146e-14  2.66127e-16
      1.95646  5.77297e-14  2.54089e-16
      1.95675  6.19216e-14  2.55455e-16
      1.95703  6.34384e-14  2.55804e-16
      1.95732  6.97101e-14  2.16627e-16
      1.95761  7.99121e-14  2.47436e-16
      1.95790  7.34305e-14  2.61423e-16
      1.95819  5.71438e-14  2.43391e-16
      1.95848  6.62717e-14  2.42357e-16
      1.95877  7.85354e-14  2.84570e-16
      1.95906  6.70567e-14  2.89803e-16
      1.95935  4.77251e-14  2.00403e-16
      1.95964  5.22993e-14  1.52669e-16
      1.95993  5.91768e-14  1.28071e-16
      1.96022  6.53481e-14  1.27447e-16
      1.96051  7.08917e-14  1.44620e-16
      1.96080  6.32344e-14  1.58134e-16
      1.96109  5.35252e-14  1.48160e-16
      1.96137  5.68185e-14  1.32243e-16
      1.96166  6.39562e-14  1.29819e-16
      1.96195  6.38768e-14  1.38323e-16
      1.96224  6.82386e-14  1.52792e-16
      1.96253  7.28741e-14  1.80027e-16
      1.96282  7.30167e-14  1.96602e-16
      1.96311  6.89574e-14  2.21246e-16
      1.96340  6.02778e-14  2.09521e-16
      1.96369  5.43279e-14  1.91568e-16
      1.96398  6.23441e-14  1.72554e-16
      1.96427  6.54383e-14  1.71447e-16
      1.96456  5.81238e-14  1.47945e-16
      1.96485  5.98867e-14  1.36135e-16
      1.96514  6.43674e-14  1.33892e-16
      1.96543  6.62575e-14  1.34728e-16
      1.96571  6.34216e-14  1.39331e-16
      1.96600  6.08309e-14  1.28097e-16
      1.96629  6.36473e-14  1.25683e-16
      1.96658  6.58047e-14  1.16155e-16
      1.96687  6.62761e-14  1.15845e-16
      1.96716  6.54068e-14  1.18220e-16
      1.96745  6.58935e-14  1.21537e-16
      1.96774  6.28932e-14  1.28097e-16
      1.96803  5.73937e-14  1.22421e-16
      1.96832  5.86647e-14  1.20659e-16
      1.96861  6.11048e-14  1.10573e-16
      1.96890  6.51496e-14  1.10453e-16
      1.96919  6.52168e-14  1.13151e-16
      1.96948  6.43039e-14  1.10420e-16
      1.96976  6.68573e-14  1.11734e-16
      1.97005  6.73548e-14  1.07968e-16
      1.97034  6.74112e-14  1.13776e-16
      1.97063  6.90338e-14  1.16308e-16
      1.97092  6.75455e-14  1.26351e-16
      1.97121  6.62710e-14  1.42571e-16
      1.97150  6.24866e-14  1.45669e-16
      1.97179  5.85985e-14  1.40720e-16
      1.97208  5.65882e-14  1.30195e-16
      1.97237  5.89289e-14  1.13568e-16
      1.97266  6.29152e-14  1.06944e-16
      1.97295  6.33950e-14  1.01142e-16
      1.97324  6.37123e-14  1.01242e-16
      1.97353  6.85718e-14  1.10043e-16
      1.97381  6.98755e-14  1.23378e-16
      1.97410  5.83558e-14  1.20841e-16
      1.97439  5.29251e-14  1.13235e-16
      1.97468  5.89007e-14  1.03970e-16
      1.97497  6.43733e-14  1.01473e-16
      1.97526  6.50057e-14  9.91028e-17
      1.97555  6.32331e-14  1.04479e-16
      1.97584  5.70048e-14  1.01296e-16
      1.97613  5.45287e-14  9.42808e-17
      1.97642  5.93635e-14  9.06496e-17
      1.97671  6.46857e-14  9.13919e-17
      1.97700  6.75959e-14  9.55818e-17
      1.97729  6.71868e-14  1.00381e-16
      1.97757  6.23473e-14  9.84372e-17
      1.97786  5.75408e-14  9.19248e-17
      1.97815  5.87928e-14  8.95198e-17
      1.97844  6.20545e-14  9.25879e-17
      1.97873  6.52916e-14  9.59992e-17
      1.97902  6.99699e-14  1.00107e-16
      1.97931  7.84273e-14  1.14043e-16
      1.97960  7.61774e-14  1.37022e-16
      1.97989  6.13835e-14  1.39856e-16
      1.98018  5.23456e-14  1.40390e-16
      1.98047  4.93321e-14  1.13917e-16
      1.98076  5.48168e-14  1.00560e-16
      1.98105  6.11029e-14  9.33536e-17
      1.98133  6.28211e-14  9.24253e-17
      1.98162  6.14521e-14  8.87140e-17
      1.98191  6.17037e-14  8.78857e-17
      1.98220  6.32631e-14  8.85805e-17
      1.98249  6.48822e-14  9.49797e-17
      1.98278  6.28497e-14  9.91015e-17
      1.98307  5.97243e-14  9.48723e-17
      1.98336  6.09115e-14  8.97486e-17
      1.98365  6.25119e-14  8.88102e-17
      1.98394  6.31581e-14  8.82554e-17
      1.98423  6.40368e-14  8.97635e-17
      1.98452  6.57238e-14  1.01818e-16
      1.98481  6.84163e-14  9.51925e-17
      1.98509  6.46923e-14  9.63128e-17
      1.98538  6.09196e-14  9.24115e-17
      1.98567  6.23872e-14  8.94535e-17
      1.98596  6.50541e-14  8.90064e-17
      1.98625  6.86143e-14  9.41643e-17
      1.98654  7.52593e-14  1.11463e-16
      1.98683  6.89197e-14  1.24366e-16
      1.98712  5.57819e-14  1.13956e-16
      1.98741  5.72197e-14  1.00553e-16
      1.98770  6.22884e-14  9.28436e-17
      1.98799  6.24333e-14  9.00209e-17
      1.98828  6.17164e-14  9.03068e-17
      1.98857  6.29230e-14  8.87837e-17
      1.98885  6.30394e-14  8.94674e-17
      1.98914  6.33895e-14  8.83966e-17
      1.98943  6.55811e-14  9.28214e-17
      1.98972  6.73773e-14  1.05977e-16
      1.99001  6.13961e-14  1.16583e-16
      1.99030  5.58245e-14  1.13473e-16
      1.99059  5.43085e-14  1.02011e-16
      1.99088  5.69336e-14  9.29900e-17
      1.99117  6.11953e-14  8.91740e-17
      1.99146  6.24501e-14  8.45642e-17
      1.99175  6.18278e-14  8.50090e-17
      1.99204  6.26010e-14  8.60893e-17
      1.99232  6.40697e-14  8.70058e-17
      1.99261  6.45205e-14  8.72622e-17
      1.99290  6.45041e-14  8.62977e-17
      1.99319  6.46972e-14  8.73140e-17
      1.99348  6.75211e-14  9.40146e-17
      1.99377  7.12937e-14  9.82606e-17
      1.99406  6.73634e-14  1.04380e-16
      1.99435  6.21556e-14  1.00254e-16
      1.99464  6.17582e-14  9.24632e-17
      1.99493  6.38788e-14  9.20487e-17
      1.99522  6.63635e-14  9.49685e-17
      1.99551  6.43346e-14  9.85868e-17
      1.99580  6.36722e-14  9.86870e-17
      1.99608  6.75331e-14  9.96257e-17
      1.99637  7.20102e-14  1.04035e-16
      1.99666  6.80487e-14  1.09589e-16
      1.99695  6.42064e-14  1.07676e-16
      1.99724  6.44051e-14  1.07429e-16
      1.99753  6.65649e-14  1.09423e-16
      1.99782  6.80887e-14  1.20251e-16
      1.99811  6.26671e-14  1.25894e-16
      1.99840  6.02042e-14  1.23785e-16
      1.99869  6.41013e-14  1.22627e-16
      1.99898  6.73528e-14  1.39768e-16
      1.99926  6.80334e-14  1.28604e-16
      1.99955  6.60846e-14  1.29487e-16
      1.99984  6.28173e-14  1.27350e-16
      2.00013  6.32685e-14  1.33643e-16
      2.00042  6.72456e-14  1.49599e-16
      2.00071  7.01057e-14  1.67886e-16
      2.00100  6.83566e-14  1.79694e-16
      2.00129  6.62475e-14  1.80213e-16
      2.00158  6.76589e-14  1.74439e-16
      2.00187  7.10850e-14  1.81588e-16
      2.00216  7.21760e-14  1.98577e-16
      2.00245  6.89246e-14  2.23253e-16
      2.00273  6.17698e-14  2.29603e-16
      2.00302  6.05079e-14  2.11945e-16
      2.00331  6.27083e-14  2.03154e-16
      2.00360  6.72952e-14  1.90706e-16
      2.00389  6.72366e-14  1.90684e-16
      2.00418  6.86475e-14  1.92446e-16
      2.00447  6.56667e-14  1.93070e-16
      2.00476  6.95866e-14  2.05257e-16
      2.00505  6.87816e-14  2.04474e-16
      2.00534  6.93337e-14  2.21530e-16
      2.00563  6.51382e-14  2.19994e-16
      2.00591  6.26379e-14  2.10662e-16
      2.00620  5.78042e-14  1.73819e-16
      2.00649  6.16360e-14  1.65229e-16
      2.00678  6.15282e-14  1.46578e-16
      2.00707  6.30172e-14  1.46808e-16
      2.00736  6.34220e-14  1.40927e-16
      2.00765  6.74386e-14  1.43732e-16
      2.00794  6.53031e-14  1.33686e-16
      2.00823  6.38892e-14  1.26818e-16
      2.00852  6.07383e-14  1.15823e-16
      2.00881  6.04721e-14  1.08127e-16
      2.00910  6.59353e-14  1.10821e-16
      2.00938  6.70435e-14  1.16109e-16
      2.00967  6.72295e-14  1.24662e-16
      2.00996  6.77440e-14  1.37096e-16
      2.01025  6.69955e-14  1.39591e-16
      2.01054  6.75543e-14  1.45703e-16
      2.01083  6.55609e-14  1.40687e-16
      2.01112  6.83318e-14  1.46787e-16
      2.01141  6.65809e-14  1.42688e-16
      2.01170  6.81942e-14  1.45586e-16
      2.01199  6.83645e-14  1.52025e-16
      2.01228  6.70375e-14  1.49744e-16
      2.01256  6.89057e-14  1.56763e-16
      2.01285  6.63805e-14  1.46341e-16
      2.01314  7.05800e-14  1.57117e-16
      2.01343  6.70165e-14  1.54848e-16
      2.01372  6.54471e-14  1.47710e-16
      2.01401  6.80328e-14  1.57858e-16
      2.01430  6.40746e-14  1.42525e-16
      2.01459  7.02758e-14  1.46893e-16
      2.01488  6.96040e-14  1.48031e-16
      2.01517  6.46751e-14  1.46326e-16
      2.01546  6.78030e-14  1.45152e-16
      2.01574  6.32387e-14  1.33432e-16
      2.01603  6.57132e-14  1.36837e-16
      2.01632  7.08303e-14  1.51923e-16
      2.01661  6.68199e-14  1.55768e-16
      2.01690  6.31378e-14  1.57745e-16
      2.01719  5.95440e-14  1.43012e-16
      2.01748  6.30693e-14  1.33369e-16
      2.01777  7.14942e-14  1.37728e-16
      2.01806  6.54277e-14  1.29711e-16
      2.01835  6.60091e-14  1.30156e-16
      2.01863  6.91381e-14  1.33458e-16
      2.01892  6.30228e-14  1.22097e-16
      2.01921  6.43126e-14  1.23706e-16
      2.01950  6.44969e-14  1.20142e-16
      2.01979  5.94677e-14  1.18221e-16
      2.02008  6.35167e-14  1.16091e-16
      2.02037  6.58490e-14  1.15523e-16
      2.02066  6.62351e-14  1.18105e-16
      2.02095  6.95145e-14  1.24915e-16
      2.02124  6.62312e-14  1.17993e-16
      2.02153  6.57659e-14  1.09888e-16
      2.02181  7.08436e-14  1.09424e-16
      2.02210  6.67432e-14  1.03683e-16
      2.02239  6.46647e-14  9.96685e-17
      2.02268  6.97187e-14  1.05318e-16
      2.02297  6.79680e-14  1.05332e-16
      2.02326  6.44702e-14  1.04454e-16
      2.02355  6.70934e-14  1.04188e-16
      2.02384  6.71207e-14  1.00476e-16
      2.02413  6.77309e-14  9.84006e-17
      2.02442  7.09186e-14  9.91508e-17
      2.02470  6.84276e-14  9.80077e-17
      2.02499  6.61581e-14  9.67115e-17
      2.02528  6.67909e-14  1.05271e-16
      2.02557  6.46367e-14  9.21769e-17
      2.02586  6.24605e-14  8.88849e-17
      2.02615  6.46242e-14  8.75925e-17
      2.02644  6.57134e-14  8.80014e-17
      2.02673  6.46378e-14  8.72939e-17
      2.02702  6.54786e-14  8.87954e-17
      2.02731  6.70206e-14  9.45409e-17
      2.02759  6.66805e-14  9.64996e-17
      2.02788  6.69374e-14  1.01205e-16
      2.02817  6.83466e-14  9.82609e-17
      2.02846  6.75719e-14  9.82912e-17
      2.02875  6.39599e-14  9.40594e-17
      2.02904  6.22757e-14  8.91541e-17
      2.02933  6.29404e-14  9.29838e-17
      2.02962  6.51880e-14  8.54817e-17
      2.02991  6.81337e-14  8.78061e-17
      2.03020  6.64816e-14  8.73486e-17
      2.03048  6.32085e-14  8.53905e-17
      2.03077  6.28469e-14  8.55002e-17
      2.03106  6.43576e-14  8.72540e-17
      2.03135  6.64026e-14  8.67466e-17
      2.03164  6.79915e-14  8.56223e-17
      2.03193  6.90673e-14  8.66624e-17
      2.03222  6.84881e-14  9.17014e-17
      2.03251  6.83056e-14  8.66979e-17
      2.03280  6.93039e-14  8.85044e-17
      2.03309  6.75382e-14  8.95799e-17
      2.03337  6.47687e-14  8.80710e-17
      2.03366  6.48441e-14  8.65599e-17
      2.03395  6.59581e-14  8.56381e-17
      2.03424  6.62819e-14  8.66233e-17
      2.03453  6.66163e-14  8.47217e-17
      2.03482  6.62341e-14  8.33544e-17
      2.03511  6.61737e-14  8.42855e-17
      2.03540  6.52467e-14  8.16116e-17
      2.03569  6.43410e-14  8.25023e-17
      2.03597  6.45040e-14  8.12212e-17
      2.03626  6.58471e-14  8.19396e-17
      2.03655  6.76103e-14  8.40699e-17
      2.03684  6.84262e-14  8.45360e-17
      2.03713  6.81730e-14  8.41512e-17
      2.03742  6.71016e-14  8.35592e-17
      2.03771  6.77536e-14  8.42273e-17
      2.03800  6.81570e-14  8.60887e-17
      2.03829  6.68548e-14  8.47438e-17
      2.03858  6.53721e-14  8.36419e-17
      2.03886  6.56469e-14  9.08463e-17
      2.03915  6.53051e-14  8.21615e-17
      2.03944  6.59373e-14  8.33377e-17
      2.03973  6.77644e-14  8.75774e-17
      2.04002  6.69190e-14  9.09512e-17
      2.04031  6.35342e-14  9.11153e-17
      2.04060  6.29577e-14  8.62350e-17
      2.04089  6.41037e-14  8.67796e-17
      2.04118  6.43004e-14  8.76137e-17
      2.04146  6.48357e-14  8.70327e-17
      2.04175  6.66202e-14  8.68796e-17
      2.04204  6.78468e-14  8.59445e-17
      2.04233  6.76816e-14  8.38986e-17
      2.04262  6.79670e-14  8.44338e-17
      2.04291  6.86134e-14  8.55203e-17
      2.04320  6.81811e-14  8.62942e-17
      2.04349  6.73050e-14  8.64666e-17
      2.04378  6.66651e-14  8.82713e-17
      2.04406  6.52552e-14  8.71776e-17
      2.04435  6.43676e-14  8.57754e-17
      2.04464  6.44389e-14  8.42725e-17
      2.04493  6.46746e-14  8.19082e-17
      2.04522  6.48146e-14  8.25086e-17
      2.04551  6.57482e-14  8.55562e-17
      2.04580  6.62683e-14  8.35249e-17
      2.04609  6.66396e-14  8.31930e-17
      2.04638  6.74001e-14  8.39041e-17
      2.04666  6.80383e-14  8.53155e-17
      2.04695  6.75858e-14  8.57291e-17
      2.04724  6.77176e-14  8.62362e-17
      2.04753  6.91468e-14  8.93220e-17
      2.04782  6.97575e-14  9.09921e-17
      2.04811  6.84488e-14  9.20527e-17
      2.04840  6.79730e-14  9.11190e-17
      2.04869  6.62426e-14  8.99416e-17
      2.04898  6.61737e-14  8.98326e-17
      2.04926  6.52396e-14  9.13760e-17
      2.04955  6.58261e-14  9.18860e-17
      2.04984  6.66861e-14  9.45651e-17
      2.05013  6.73924e-14  9.61514e-17
      2.05042  6.77206e-14  9.76197e-17
      2.05071  6.77421e-14  9.85844e-17
      2.05100  6.92755e-14  9.76825e-17
      2.05129  6.90676e-14  1.00517e-16
      2.05158  6.81682e-14  9.93974e-17
      2.05186  6.59728e-14  9.90617e-17
      2.05215  6.63755e-14  9.78177e-17
      2.05244  6.48139e-14  9.84115e-17
      2.05273  6.69936e-14  1.01260e-16
      2.05302  6.80636e-14  1.03705e-16
      2.05331  6.88623e-14  1.04102e-16
      2.05360  6.71812e-14  1.04285e-16
      2.05389  6.73003e-14  1.03207e-16
      2.05417  6.53849e-14  1.03912e-16
      2.05446  6.52756e-14  1.00905e-16
      2.05475  6.45840e-14  1.02847e-16
      2.05504  6.63832e-14  1.01169e-16
      2.05533  6.71396e-14  1.03532e-16
      2.05562  6.72478e-14  1.00097e-16
      2.05591  6.66691e-14  1.03925e-16
      2.05620  6.67344e-14  1.07513e-16
      2.05649  6.68630e-14  1.13175e-16
      2.05677  6.64060e-14  1.06019e-16
      2.05706  6.72777e-14  1.04705e-16
      2.05735  6.72415e-14  1.00172e-16
      2.05764  6.67314e-14  1.00075e-16
      2.05793  6.63204e-14  1.00434e-16
      2.05822  6.84737e-14  9.88676e-17
      2.05851  6.83108e-14  1.00842e-16
      2.05880  6.64332e-14  9.35382e-17
      2.05908  6.49199e-14  8.96373e-17
      2.05937  6.53211e-14  8.73496e-17
      2.05966  6.64080e-14  8.76626e-17
      2.05995  6.69893e-14  8.68659e-17
      2.06024  6.66526e-14  8.56928e-17
      2.06053  6.77045e-14  9.70313e-17
      2.06082  6.63369e-14  8.97896e-17
      2.06111  6.61404e-14  8.92920e-17
      2.06140  6.64958e-14  9.08363e-17
      2.06168  6.72152e-14  8.96376e-17
      2.06197  6.83385e-14  9.36530e-17
      2.06226  6.69575e-14  9.50019e-17
      2.06255  6.70026e-14  9.70618e-17
      2.06284  6.64460e-14  9.80461e-17
      2.06313  6.60869e-14  9.53791e-17
      2.06342  6.67658e-14  9.59281e-17
      2.06371  6.48675e-14  9.33530e-17
      2.06399  6.43095e-14  9.40155e-17
      2.06428  6.46006e-14  9.30495e-17
      2.06457  6.60978e-14  9.44841e-17
      2.06486  6.74278e-14  9.82194e-17
      2.06515  6.57749e-14  9.67773e-17
      2.06544  6.78531e-14  9.95528e-17
      2.06573  6.81472e-14  9.97301e-17
      2.06602  6.59277e-14  9.79181e-17
      2.06630  6.67519e-14  9.93807e-17
      2.06659  6.72614e-14  9.54345e-17
      2.06688  6.94386e-14  9.63592e-17
      2.06717  6.76790e-14  9.52207e-17
      2.06746  6.61039e-14  9.37967e-17
      2.06775  6.79951e-14  9.63840e-17
      2.06804  6.66344e-14  9.44801e-17
      2.06833  6.71618e-14  9.65943e-17
      2.06861  6.72298e-14  9.43053e-17
      2.06890  6.56283e-14  9.28013e-17
      2.06919  6.73601e-14  9.56121e-17
      2.06948  6.66984e-14  9.38243e-17
      2.06977  6.67555e-14  9.38614e-17
      2.07006  6.86932e-14  9.64891e-17
      2.07035  6.81341e-14  9.58099e-17
      2.07064  6.89275e-14  9.79158e-17
      2.07092  6.76536e-14  9.37551e-17
      2.07121  6.62334e-14  9.17679e-17
      2.07150  6.74261e-14  9.20847e-17
      2.07179  6.58034e-14  9.06923e-17
      2.07208  6.57338e-14  9.03555e-17
      2.07237  6.78400e-14  9.57883e-17
      2.07266  6.75266e-14  9.25831e-17
      2.07295  6.88169e-14  9.41064e-17
      2.07323  6.74413e-14  9.30865e-17
      2.07352  6.57511e-14  8.92583e-17
      2.07381  6.70518e-14  8.96330e-17
      2.07410  6.74026e-14  9.04597e-17
      2.07439  6.69923e-14  8.87747e-17
      2.07468  6.87350e-14  9.05578e-17
      2.07497  6.70730e-14  8.76263e-17
      2.07525  6.50411e-14  8.57369e-17
      2.07554  6.57970e-14  8.46997e-17
      2.07583  6.70232e-14  8.56688e-17
      2.07612  6.74273e-14  8.60113e-17
      2.07641  6.75680e-14  8.54485e-17
      2.07670  6.58870e-14  8.45614e-17
      2.07699  6.68787e-14  8.39244e-17
      2.07728  6.94254e-14  8.67368e-17
      2.07756  6.81307e-14  8.70944e-17
      2.07785  6.64351e-14  8.55445e-17
      2.07814  6.74195e-14  8.46860e-17
      2.07843  6.71276e-14  8.32917e-17
      2.07872  6.69604e-14  8.22141e-17
      2.07901  6.75447e-14  8.12364e-17
      2.07930  6.68049e-14  8.09421e-17
      2.07958  6.72512e-14  7.98514e-17
      2.07987  6.77200e-14  8.14054e-17
      2.08016  6.78679e-14  8.31362e-17
      2.08045  6.84983e-14  8.10444e-17
      2.08074  6.87727e-14  8.18650e-17
      2.08103  6.81413e-14  8.33975e-17
      2.08132  6.75358e-14  8.33344e-17
      2.08161  6.72409e-14  8.19589e-17
      2.08189  6.77333e-14  8.19988e-17
      2.08218  6.84991e-14  8.21370e-17
      2.08247  6.80222e-14  8.19765e-17
      2.08276  6.81295e-14  8.25804e-17
      2.08305  6.82116e-14  8.31850e-17
      2.08334  6.82769e-14  8.66419e-17
      2.08363  6.77331e-14  8.27817e-17
      2.08391  6.77850e-14  8.24667e-17
      2.08420  6.88156e-14  8.58977e-17
      2.08449  6.97915e-14  8.63035e-17
      2.08478  6.82376e-14  8.65700e-17
      2.08507  6.70463e-14  8.32629e-17
      2.08536  6.74904e-14  8.24754e-17
      2.08565  6.83322e-14  8.15761e-17
      2.08593  6.96556e-14  8.37232e-17
      2.08622  6.91002e-14  8.36796e-17
      2.08651  6.87734e-14  8.30775e-17
      2.08680  6.76757e-14  8.12364e-17
      2.08709  6.65718e-14  8.03906e-17
      2.08738  6.72915e-14  7.89046e-17
      2.08767  6.82439e-14  8.04479e-17
      2.08795  6.90159e-14  8.03439e-17
      2.08824  6.89695e-14  8.09214e-17
      2.08853  6.84188e-14  8.04462e-17
      2.08882  6.86059e-14  8.18638e-17
      2.08911  6.89765e-14  8.52200e-17
      2.08940  6.85893e-14  8.15969e-17
      2.08969  6.90131e-14  8.65393e-17
      2.08997  6.74526e-14  7.96329e-17
      2.09026  6.71972e-14  7.90115e-17
      2.09055  6.90502e-14  8.09120e-17
      2.09084  7.01612e-14  8.31370e-17
      2.09113  7.05333e-14  8.39167e-17
      2.09142  6.98473e-14  8.14438e-17
      2.09171  6.82910e-14  8.07224e-17
      2.09200  6.80049e-14  7.98200e-17
      2.09228  6.86867e-14  7.99070e-17
      2.09257  6.96374e-14  8.11549e-17
      2.09286  7.03065e-14  8.11169e-17
      2.09315  7.03634e-14  8.77781e-17
      2.09344  7.09210e-14  8.30170e-17
      2.09373  6.98958e-14  8.27970e-17
      2.09401  6.73989e-14  8.14103e-17
      2.09430  6.74693e-14  7.92826e-17
      2.09459  6.83368e-14  7.88991e-17
      2.09488  6.86217e-14  7.94686e-17
      2.09517  6.86808e-14  7.85557e-17
      2.09546  6.88720e-14  7.87181e-17
      2.09575  6.87769e-14  7.92222e-17
      2.09603  6.84573e-14  7.91603e-17
      2.09632  6.83674e-14  7.91084e-17
      2.09661  6.82086e-14  7.89233e-17
      2.09690  6.87537e-14  7.84366e-17
      2.09719  6.88669e-14  7.93999e-17
      2.09748  6.94773e-14  7.99077e-17
      2.09777  6.97843e-14  8.04177e-17
      2.09805  7.15470e-14  8.21030e-17
      2.09834  7.24716e-14  8.40849e-17
      2.09863  6.99214e-14  8.49664e-17
      2.09892  6.74040e-14  8.58714e-17
      2.09921  6.75043e-14  8.10571e-17
      2.09950  6.89183e-14  7.80070e-17
      2.09979  6.98867e-14  7.87462e-17
      2.10007  7.06812e-14  8.08474e-17
      2.10036  6.95169e-14  7.93918e-17
      2.10065  6.95053e-14  8.06663e-17
      2.10094  7.08598e-14  8.20518e-17
      2.10123  7.34011e-14  8.28374e-17
      2.10152  7.17122e-14  8.39166e-17
      2.10180  6.77881e-14  8.26848e-17
      2.10209  6.77585e-14  8.09703e-17
      2.10238  6.91775e-14  7.94054e-17
      2.10267  6.97177e-14  7.95565e-17
      2.10296  6.92976e-14  7.78370e-17
      2.10325  6.92218e-14  7.88599e-17
      2.10354  6.93921e-14  7.87465e-17
      2.10382  6.93187e-14  7.71863e-17
      2.10411  6.96055e-14  7.73683e-17
      2.10440  6.97964e-14  7.69807e-17
      2.10469  6.95570e-14  7.74482e-17
      2.10498  6.84576e-14  7.71609e-17
      2.10527  6.78349e-14  7.64038e-17
      2.10555  6.92278e-14  7.74933e-17
      2.10584  7.02946e-14  7.93694e-17
      2.10613  7.06459e-14  7.85122e-17
      2.10642  7.04442e-14  7.70622e-17
      2.10671  7.07124e-14  7.86154e-17
      2.10700  7.03912e-14  7.86086e-17
      2.10729  6.98003e-14  7.63316e-17
      2.10757  6.92695e-14  7.56576e-17
      2.10786  6.94202e-14  7.70527e-17
      2.10815  6.95896e-14  7.83312e-17
      2.10844  6.88549e-14  7.70435e-17
      2.10873  6.88005e-14  7.69481e-17
      2.10902  6.95771e-14  7.66863e-17
      2.10930  7.01948e-14  7.76086e-17
      2.10959  7.04050e-14  7.91860e-17
      2.10988  6.98278e-14  7.82672e-17
      2.11017  6.99109e-14  7.95251e-17
      2.11046  7.04653e-14  7.98143e-17
      2.11075  7.17265e-14  8.03442e-17
      2.11103  7.18595e-14  8.00188e-17
      2.11132  7.15035e-14  8.04915e-17
      2.11161  7.02400e-14  8.16222e-17
      2.11190  6.80780e-14  8.06614e-17
      2.11219  6.87579e-14  7.83920e-17
      2.11248  6.91804e-14  7.64163e-17
      2.11277  6.87987e-14  7.59580e-17
      2.11305  6.95535e-14  7.62701e-17
      2.11334  7.06398e-14  7.74377e-17
      2.11363  7.04670e-14  7.70299e-17
      2.11392  7.02931e-14  7.76258e-17
      2.11421  7.09419e-14  7.86024e-17
      2.11450  7.12274e-14  7.99028e-17
      2.11478  7.08670e-14  7.80198e-17
      2.11507  7.05186e-14  7.62855e-17
      2.11536  7.01585e-14  7.66019e-17
      2.11565  6.99520e-14  7.78267e-17
      2.11594  6.99585e-14  7.63881e-17
      2.11623  7.01774e-14  7.68145e-17
      2.11651  7.05335e-14  8.63967e-17
      2.11680  6.98522e-14  7.66105e-17
      2.11709  6.94054e-14  8.58147e-17
      2.11738  6.93647e-14  7.88184e-17
      2.11767  6.91628e-14  7.65128e-17
      2.11796  7.03128e-14  7.85739e-17
      2.11824  7.19085e-14  8.27954e-17
      2.11853  7.01965e-14  8.23488e-17
      2.11882  6.85573e-14  8.13169e-17
      2.11911  6.98368e-14  7.77122e-17
      2.11940  7.05138e-14  7.85849e-17
      2.11969  7.08416e-14  7.89104e-17
      2.11997  7.05732e-14  7.92972e-17
      2.12026  6.91946e-14  7.85088e-17
      2.12055  6.91759e-14  7.77106e-17
      2.12084  6.99752e-14  7.71689e-17
      2.12113  7.01823e-14  8.05601e-17
      2.12142  7.06051e-14  8.53145e-17
      2.12170  7.17306e-14  7.69815e-17
      2.12199  7.22672e-14  7.76079e-17
      2.12228  7.17642e-14  7.83266e-17
      2.12257  7.13043e-14  7.70612e-17
      2.12286  7.14897e-14  7.80067e-17
      2.12315  7.10641e-14  7.74220e-17
      2.12343  7.03208e-14  7.57778e-17
      2.12372  7.04627e-14  7.85206e-17
      2.12401  7.23766e-14  7.97144e-17
      2.12430  7.19059e-14  8.19839e-17
      2.12459  7.04256e-14  8.08373e-17
      2.12488  7.02482e-14  7.96778e-17
      2.12516  7.12652e-14  7.88062e-17
      2.12545  7.08696e-14  7.79081e-17
      2.12574  7.02229e-14  7.62829e-17
      2.12603  7.02503e-14  7.72903e-17
      2.12632  7.05360e-14  7.63206e-17
      2.12661  7.07799e-14  7.67503e-17
      2.12689  7.04467e-14  7.62714e-17
      2.12718  7.12366e-14  7.85574e-17
      2.12747  7.11031e-14  8.11030e-17
      2.12776  6.80635e-14  8.01367e-17
      2.12805  6.84260e-14  7.77299e-17
      2.12833  6.96905e-14  7.55896e-17
      2.12862  6.94911e-14  7.57661e-17
      2.12891  6.97498e-14  7.47125e-17
      2.12920  6.98627e-14  7.53912e-17
      2.12949  7.01686e-14  7.58260e-17
      2.12978  7.02097e-14  7.70169e-17
      2.13006  6.98734e-14  7.66408e-17
      2.13035  7.01013e-14  7.62486e-17
      2.13064  7.12673e-14  7.62362e-17
      2.13093  7.06731e-14  8.39345e-17
      2.13122  7.08170e-14  7.57095e-17
      2.13151  7.17165e-14  7.69402e-17
      2.13179  7.17371e-14  7.71779e-17
      2.13208  7.13077e-14  7.94522e-17
      2.13237  7.11271e-14  7.72589e-17
      2.13266  7.11670e-14  7.74611e-17
      2.13295  7.14118e-14  7.73321e-17
      2.13324  7.17810e-14  7.77284e-17
      2.13352  7.11381e-14  7.58879e-17
      2.13381  7.12954e-14  7.74192e-17
      2.13410  7.11478e-14  7.70472e-17
      2.13439  7.04871e-14  7.59323e-17
      2.13468  7.07880e-14  7.68751e-17
      2.13496  7.10299e-14  7.62891e-17
      2.13525  7.21115e-14  7.72114e-17
      2.13554  7.23618e-14  7.86429e-17
      2.13583  7.11966e-14  7.83630e-17
      2.13612  6.96443e-14  7.80670e-17
      2.13641  7.02811e-14  7.70035e-17
      2.13669  7.09908e-14  7.52911e-17
      2.13698  7.12843e-14  7.55151e-17
      2.13727  7.02357e-14  7.51360e-17
      2.13756  7.04640e-14  7.65219e-17
      2.13785  7.01014e-14  7.60925e-17
      2.13813  6.96987e-14  7.63070e-17
      2.13842  6.92836e-14  7.39639e-17
      2.13871  6.92700e-14  7.37924e-17
      2.13900  6.97373e-14  7.52713e-17
      2.13929  7.01321e-14  7.59699e-17
      2.13958  7.07654e-14  7.49919e-17
      2.13986  7.06422e-14  7.57323e-17
      2.14015  7.01554e-14  7.54687e-17
      2.14044  6.94557e-14  7.64303e-17
      2.14073  6.93912e-14  7.51504e-17
      2.14102  6.96656e-14  7.47578e-17
      2.14130  6.98692e-14  7.48358e-17
      2.14159  7.02479e-14  7.50227e-17
      2.14188  6.99255e-14  7.42453e-17
      2.14217  7.00056e-14  7.43777e-17
      2.14246  6.97602e-14  7.37636e-17
      2.14274  6.95260e-14  7.40285e-17
      2.14303  6.95697e-14  7.47222e-17
      2.14332  6.99788e-14  7.56556e-17
      2.14361  7.10310e-14  7.62170e-17
      2.14390  7.21275e-14  7.61139e-17
      2.14419  7.21974e-14  7.78548e-17
      2.14447  7.14168e-14  8.17958e-17
      2.14476  7.14412e-14  7.58030e-17
      2.14505  7.15288e-14  7.60456e-17
      2.14534  7.13691e-14  7.54657e-17
      2.14563  7.10206e-14  7.70790e-17
      2.14591  7.05942e-14  7.60350e-17
      2.14620  7.10508e-14  7.64399e-17
      2.14649  7.13800e-14  7.58656e-17
      2.14678  7.08949e-14  7.44112e-17
      2.14707  7.07975e-14  7.51424e-17
      2.14735  7.06286e-14  7.47378e-17
      2.14764  7.01849e-14  7.31447e-17
      2.14793  6.96624e-14  7.35318e-17
      2.14822  6.94316e-14  7.28325e-17
      2.14851  6.99433e-14  7.45293e-17
      2.14879  6.98313e-14  7.48396e-17
      2.14908  6.94169e-14  7.49953e-17
      2.14937  6.95601e-14  7.41499e-17
      2.14966  6.98732e-14  7.42810e-17
      2.14995  6.90782e-14  7.37725e-17
      2.15024  6.89322e-14  7.61459e-17
      2.15052  6.98113e-14  7.86028e-17
      2.15081  7.10679e-14  7.92435e-17
      2.15110  7.17824e-14  7.91480e-17
      2.15139  7.12048e-14  7.93623e-17
      2.15168  7.04677e-14  7.92369e-17
      2.15196  6.97616e-14  7.72335e-17
      2.15225  6.98803e-14  7.62701e-17
      2.15254  7.01069e-14  7.58950e-17
      2.15283  6.96856e-14  7.65808e-17
      2.15312  6.92141e-14  7.66941e-17
      2.15340  6.97003e-14  7.61295e-17
      2.15369  7.12709e-14  7.84077e-17
      2.15398  7.19547e-14  7.82707e-17
      2.15427  7.05397e-14  8.33716e-17
      2.15456  6.97146e-14  7.54802e-17
      2.15484  7.05192e-14  7.59466e-17
      2.15513  7.12589e-14  7.68696e-17
      2.15542  7.05088e-14  7.48424e-17
      2.15571  6.98918e-14  7.46004e-17
      2.15600  6.95007e-14  7.46917e-17
      2.15628  6.95064e-14  7.53870e-17
      2.15657  6.97591e-14  7.41677e-17
      2.15686  7.01459e-14  7.45448e-17
      2.15715  7.05363e-14  7.64383e-17
      2.15744  7.05367e-14  7.93652e-17
      2.15772  7.08258e-14  7.60491e-17
      2.15801  7.12156e-14  7.90683e-17
      2.15830  7.13526e-14  8.33473e-17
      2.15859  7.19787e-14  7.87568e-17
      2.15888  7.12460e-14  8.60909e-17
      2.15916  6.99179e-14  7.80534e-17
      2.15945  7.01121e-14  7.70913e-17
      2.15974  7.00046e-14  7.56152e-17
      2.16003  7.00726e-14  7.51910e-17
      2.16032  6.99411e-14  7.48993e-17
      2.16060  7.06693e-14  7.65232e-17
      2.16089  7.08925e-14  7.62106e-17
      2.16118  7.09856e-14  7.52452e-17
      2.16147  7.12873e-14  7.56535e-17
      2.16176  7.03303e-14  7.58184e-17
      2.16204  6.95145e-14  7.34813e-17
      2.16233  6.93414e-14  7.42238e-17
      2.16262  6.95408e-14  7.64386e-17
      2.16291  7.14756e-14  7.84515e-17
      2.16320  7.14035e-14  8.22275e-17
      2.16348  6.63973e-14  7.99614e-17
      2.16377  6.52489e-14  7.66697e-17
      2.16406  6.79862e-14  7.54849e-17
      2.16435  6.95313e-14  7.54612e-17
      2.16463  7.03659e-14  7.65085e-17
      2.16492  7.08699e-14  7.72350e-17
      2.16521  7.09545e-14  7.85740e-17
      2.16550  7.03312e-14  7.92430e-17
      2.16579  6.95019e-14  7.97005e-17
      2.16607  6.94038e-14  7.84158e-17
      2.16636  7.05529e-14  7.99314e-17
      2.16665  7.16190e-14  8.87627e-17
      2.16694  7.08662e-14  7.97859e-17
      2.16723  6.97813e-14  7.68715e-17
      2.16751  6.97625e-14  8.09283e-17
      2.16780  7.02262e-14  7.79741e-17
      2.16809  7.18875e-14  7.89999e-17
      2.16838  7.27129e-14  8.03414e-17
      2.16867  7.05823e-14  8.24314e-17
      2.16895  6.99577e-14  7.83046e-17
      2.16924  7.05685e-14  7.63082e-17
      2.16953  7.06709e-14  7.56368e-17
      2.16982  7.10497e-14  7.96390e-17
      2.17010  7.04088e-14  7.60038e-17
      2.17039  6.92275e-14  7.39095e-17
      2.17068  6.85197e-14  7.38324e-17
      2.17097  6.92852e-14  7.55242e-17
      2.17126  6.97285e-14  7.41416e-17
      2.17154  6.95812e-14  7.46250e-17
      2.17183  7.06984e-14  7.54051e-17
      2.17212  7.13946e-14  7.45112e-17
      2.17241  7.09384e-14  7.51292e-17
      2.17270  6.93386e-14  7.51768e-17
      2.17298  6.94759e-14  7.42636e-17
      2.17327  6.99488e-14  7.43090e-17
      2.17356  7.09317e-14  7.41042e-17
      2.17385  7.12942e-14  7.53920e-17
      2.17413  7.14734e-14  7.59732e-17
      2.17442  6.99575e-14  7.59200e-17
      2.17471  6.98969e-14  7.56284e-17
      2.17500  7.06779e-14  7.68663e-17
      2.17529  7.08522e-14  7.43103e-17
      2.17557  7.00744e-14  7.42099e-17
      2.17586  7.02279e-14  7.48847e-17
      2.17615  6.84091e-14  7.43596e-17
      2.17644  6.69795e-14  7.45048e-17
      2.17672  6.78624e-14  7.25690e-17
      2.17701  6.85148e-14  7.12177e-17
      2.17730  6.84313e-14  7.09812e-17
      2.17759  6.84180e-14  7.19449e-17
      2.17788  6.84571e-14  7.46826e-17
      2.17816  6.85886e-14  7.29184e-17
      2.17845  6.78228e-14  7.18074e-17
      2.17874  6.82578e-14  7.30420e-17
      2.17903  6.93196e-14  7.38221e-17
      2.17931  6.82304e-14  7.37355e-17
      2.17960  6.82053e-14  7.40045e-17
      2.17989  6.94229e-14  7.43391e-17
      2.18018  6.89157e-14  7.36625e-17
      2.18047  6.84050e-14  7.38861e-17
      2.18075  6.88207e-14  7.30734e-17
      2.18104  6.99850e-14  7.40891e-17
      2.18133  7.04213e-14  7.29359e-17
      2.18162  7.09526e-14  7.37758e-17
      2.18190  7.08243e-14  7.32074e-17
      2.18219  7.01329e-14  7.30321e-17
      2.18248  6.96094e-14  7.24519e-17
      2.18277  7.08707e-14  7.44088e-17
      2.18306  7.15384e-14  7.81959e-17
      2.18334  6.83214e-14  7.74904e-17
      2.18363  6.78754e-14  7.59890e-17
      2.18392  6.98333e-14  7.51099e-17
      2.18421  7.10384e-14  7.78249e-17
      2.18449  7.28292e-14  7.95511e-17
      2.18478  6.96659e-14  8.04576e-17
      2.18507  6.65368e-14  7.72184e-17
      2.18536  6.70609e-14  7.47048e-17
      2.18564  6.82606e-14  7.26483e-17
      2.18593  6.88229e-14  7.19716e-17
      2.18622  6.81740e-14  7.20667e-17
      2.18651  6.84154e-14  7.35019e-17
      2.18680  6.94951e-14  7.51404e-17
      2.18708  6.97743e-14  7.61294e-17
      2.18737  6.94543e-14  7.61954e-17
      2.18766  6.90556e-14  7.54134e-17
      2.18795  6.93792e-14  7.47126e-17
      2.18823  6.85326e-14  7.28275e-17
      2.18852  6.85036e-14  7.36931e-17
      2.18881  6.92541e-14  7.22869e-17
      2.18910  6.97245e-14  7.33002e-17
      2.18938  6.93040e-14  7.28999e-17
      2.18967  6.90788e-14  7.22475e-17
      2.18996  6.94404e-14  7.25887e-17
      2.19025  6.97170e-14  7.42782e-17
      2.19054  6.90539e-14  7.50632e-17
      2.19082  6.93324e-14  7.32373e-17
      2.19111  6.97929e-14  7.23746e-17
      2.19140  7.03262e-14  7.34577e-17
      2.19169  6.97093e-14  7.15886e-17
      2.19197  6.89610e-14  7.10139e-17
      2.19226  6.92127e-14  7.17720e-17
      2.19255  6.85918e-14  7.13248e-17
      2.19284  6.78246e-14  7.23968e-17
      2.19312  6.79436e-14  7.11909e-17
      2.19341  6.79454e-14  7.12189e-17
      2.19370  6.88506e-14  7.79443e-17
      2.19399  6.98160e-14  7.39686e-17
      2.19427  7.04001e-14  7.37356e-17
      2.19456  7.00672e-14  7.61756e-17
      2.19485  6.89593e-14  7.64684e-17
      2.19514  6.88074e-14  7.67314e-17
      2.19542  6.91381e-14  7.54929e-17
      2.19571  6.89005e-14  7.60633e-17
      2.19600  6.92868e-14  7.77986e-17
      2.19629  7.00548e-14  7.43275e-17
      2.19658  7.04005e-14  7.46679e-17
      2.19686  6.98010e-14  7.38419e-17
      2.19715  6.91777e-14  7.36026e-17
      2.19744  6.85955e-14  7.29260e-17
      2.19773  7.06061e-14  7.36616e-17
      2.19801  7.20891e-14  7.88693e-17
      2.19830  6.79504e-14  7.86170e-17
      2.19859  6.69384e-14  7.59207e-17
      2.19888  6.86375e-14  7.53212e-17
      2.19916  6.94334e-14  7.77669e-17
      2.19945  7.07056e-14  7.73647e-17
      2.19974  7.13044e-14  7.76824e-17
      2.20003  7.02632e-14  7.86416e-17
      2.20031  6.85630e-14  7.75746e-17
      2.20060  6.78131e-14  7.64340e-17
      2.20089  6.84984e-14  7.50133e-17
      2.20118  7.00758e-14  7.48587e-17
      2.20146  7.01887e-14  7.41784e-17
      2.20175  6.92404e-14  7.43883e-17
      2.20204  6.88606e-14  7.30212e-17
      2.20233  6.92704e-14  7.42921e-17
      2.20261  6.94541e-14  7.84784e-17
      2.20290  6.84727e-14  7.43216e-17
      2.20319  6.77808e-14  7.28102e-17
      2.20348  6.78169e-14  7.23467e-17
      2.20376  6.82308e-14  7.33665e-17
      2.20405  6.81132e-14  7.43762e-17
      2.20434  6.96844e-14  7.61282e-17
      2.20463  7.04545e-14  7.87988e-17
      2.20491  6.69461e-14  7.74985e-17
      2.20520  6.58455e-14  7.62115e-17
      2.20549  6.75906e-14  7.54207e-17
      2.20578  6.97520e-14  8.03375e-17
      2.20606  7.07246e-14  7.44573e-17
      2.20635  7.04087e-14  7.32780e-17
      2.20664  6.81472e-14  7.29219e-17
      2.20693  6.76622e-14  7.30831e-17
      2.20721  6.87114e-14  7.42869e-17
      2.20750  6.86833e-14  7.38644e-17
      2.20779  6.82168e-14  7.39955e-17
      2.20808  6.77548e-14  7.23518e-17
      2.20836  6.74798e-14  7.09820e-17
      2.20865  6.87126e-14  7.28124e-17
      2.20894  7.04010e-14  7.47136e-17
      2.20923  7.06024e-14  7.82716e-17
      2.20951  7.06698e-14  7.50019e-17
      2.20980  7.04379e-14  7.38640e-17
      2.21009  6.94560e-14  7.32830e-17
      2.21038  6.81123e-14  7.27517e-17
      2.21066  6.78055e-14  7.16031e-17
      2.21095  6.83753e-14  7.11801e-17
      2.21124  6.85263e-14  7.28361e-17
      2.21152  6.88091e-14  7.38071e-17
      2.21181  7.05756e-14  7.47262e-17
      2.21210  7.07289e-14  7.47929e-17
      2.21239  7.02139e-14  7.41708e-17
      2.21267  6.93723e-14  7.36350e-17
      2.21296  6.86857e-14  7.38504e-17
      2.21325  6.82874e-14  7.17325e-17
      2.21354  6.89527e-14  7.17521e-17
      2.21382  6.88957e-14  7.25564e-17
      2.21411  6.93197e-14  7.23375e-17
      2.21440  7.04991e-14  7.43979e-17
      2.21469  6.96691e-14  7.37165e-17
      2.21497  6.80427e-14  7.41808e-17
      2.21526  6.92342e-14  7.52853e-17
      2.21555  7.09361e-14  7.45405e-17
      2.21584  6.96935e-14  7.61122e-17
      2.21612  6.73108e-14  7.42749e-17
      2.21641  6.73329e-14  7.37996e-17
      2.21670  6.73416e-14  7.37542e-17
      2.21699  6.71771e-14  7.14564e-17
      2.21727  6.72367e-14  7.01181e-17
      2.21756  6.73970e-14  7.07163e-17
      2.21785  6.83208e-14  7.13921e-17
      2.21813  6.96528e-14  7.30740e-17
      2.21842  7.05202e-14  7.51406e-17
      2.21871  6.97485e-14  7.40148e-17
      2.21900  6.77276e-14  7.22559e-17
      2.21928  6.61890e-14  6.98283e-17
      2.21957  6.58428e-14  6.89844e-17
      2.21986  6.57501e-14  7.00159e-17
      2.22015  6.62064e-14  7.02176e-17
      2.22043  6.68488e-14  7.11151e-17
      2.22072  6.71657e-14  7.03282e-17
      2.22101  6.74357e-14  7.22566e-17
      2.22130  6.73372e-14  7.21661e-17
      2.22158  6.72884e-14  7.30888e-17
      2.22187  6.81956e-14  7.33069e-17
      2.22216  6.95118e-14  7.36936e-17
      2.22244  6.97671e-14  7.38295e-17
      2.22273  6.97398e-14  7.34654e-17
      2.22302  6.93876e-14  7.29537e-17
      2.22331  6.81763e-14  7.28619e-17
      2.22359  6.80528e-14  7.16140e-17
      2.22388  6.83795e-14  7.17557e-17
      2.22417  6.94091e-14  7.27567e-17
      2.22446  7.04356e-14  7.40920e-17
      2.22474  7.14180e-14  7.51433e-17
      2.22503  7.03465e-14  7.47380e-17
      2.22532  6.93322e-14  7.36657e-17
      2.22560  6.99050e-14  7.48223e-17
      2.22589  7.00619e-14  7.45936e-17
      2.22618  7.00451e-14  7.66944e-17
      2.22647  6.92809e-14  7.52652e-17
      2.22675  6.84046e-14  7.45330e-17
      2.22704  6.83539e-14  7.34992e-17
      2.22733  6.81007e-14  7.25617e-17
      2.22762  6.77136e-14  7.24221e-17
      2.22790  6.79471e-14  7.15429e-17
      2.22819  6.88630e-14  7.20867e-17
      2.22848  6.87304e-14  7.22599e-17
      2.22876  6.76086e-14  7.11048e-17
      2.22905  6.70571e-14  7.02849e-17
      2.22934  6.83409e-14  7.24446e-17
      2.22963  6.81648e-14  7.11726e-17
      2.22991  6.76930e-14  7.00517e-17
      2.23020  6.75665e-14  7.07856e-17
      2.23049  6.84157e-14  7.34012e-17
      2.23077  6.90000e-14  7.75426e-17
      2.23106  7.09686e-14  7.69587e-17
      2.23135  7.02312e-14  7.66350e-17
      2.23164  6.93599e-14  7.55262e-17
      2.23192  7.03283e-14  7.46493e-17
      2.23221  6.95176e-14  7.42847e-17
      2.23250  6.81832e-14  7.43895e-17
      2.23278  6.73797e-14  7.14171e-17
      2.23307  6.76707e-14  7.10576e-17
      2.23336  6.80255e-14  7.19387e-17
      2.23365  6.74452e-14  7.06065e-17
      2.23393  6.73154e-14  7.12150e-17
      2.23422  6.75396e-14  7.23844e-17
      2.23451  6.72605e-14  7.26823e-17
      2.23479  6.70543e-14  7.18884e-17
      2.23508  6.64720e-14  7.18369e-17
      2.23537  6.62699e-14  7.04757e-17
      2.23566  6.67770e-14  7.21203e-17
      2.23594  6.69034e-14  7.16892e-17
      2.23623  6.66294e-14  7.31228e-17
      2.23652  6.68515e-14  7.29803e-17
      2.23680  6.82440e-14  7.18438e-17
      2.23709  6.92514e-14  7.22482e-17
      2.23738  6.93972e-14  7.43827e-17
      2.23767  6.89547e-14  7.44284e-17
      2.23795  6.84547e-14  7.27241e-17
      2.23824  6.82438e-14  7.67705e-17
      2.23853  6.79837e-14  7.19946e-17
      2.23881  6.79150e-14  7.17313e-17
      2.23910  6.80620e-14  7.20828e-17
      2.23939  6.91479e-14  7.29248e-17
      2.23968  6.98697e-14  7.32281e-17
      2.23996  7.04036e-14  8.11388e-17
      2.24025  6.93728e-14  7.42125e-17
      2.24054  6.91705e-14  7.53799e-17
      2.24082  6.97071e-14  7.43232e-17
      2.24111  6.96831e-14  7.53225e-17
      2.24140  6.85063e-14  7.42014e-17
      2.24168  6.76280e-14  7.36980e-17
      2.24197  6.81500e-14  7.33350e-17
      2.24226  6.83570e-14  7.20420e-17
      2.24255  6.74900e-14  7.50881e-17
      2.24283  6.70796e-14  7.18923e-17
      2.24312  6.78983e-14  7.20681e-17
      2.24341  6.80718e-14  7.34693e-17
      2.24369  6.79984e-14  7.42092e-17
      2.24398  6.83041e-14  8.24173e-17
      2.24427  6.79415e-14  7.87602e-17
      2.24456  6.73411e-14  7.32827e-17
      2.24484  6.77098e-14  7.22694e-17
      2.24513  6.84284e-14  7.37309e-17
      2.24542  7.06657e-14  7.44853e-17
      2.24570  7.13228e-14  7.55773e-17
      2.24599  7.00672e-14  7.59248e-17
      2.24628  6.88501e-14  7.66962e-17
      2.24656  6.83978e-14  8.08690e-17
      2.24685  6.83709e-14  7.52454e-17
      2.24714  6.73160e-14  7.62333e-17
      2.24743  6.61585e-14  7.38011e-17
      2.24771  6.73565e-14  7.28242e-17
      2.24800  6.82455e-14  7.31742e-17
      2.24829  6.79586e-14  7.28625e-17
      2.24857  6.87221e-14  7.34426e-17
      2.24886  6.99969e-14  7.48980e-17
      2.24915  6.96106e-14  7.34236e-17
      2.24943  6.84641e-14  7.27088e-17
      2.24972  6.71690e-14  7.28918e-17
      2.25001  6.67081e-14  7.26464e-17
      2.25029  6.64604e-14  7.28267e-17
      2.25058  6.68675e-14  7.28883e-17
      2.25087  6.82593e-14  7.38042e-17
      2.25116  6.95905e-14  7.49569e-17
      2.25144  6.91243e-14  7.43293e-17
      2.25173  6.79154e-14  7.23025e-17
      2.25202  6.77852e-14  7.28678e-17
      2.25230  6.80879e-14  7.46093e-17
      2.25259  6.83005e-14  7.47048e-17
      2.25288  6.88786e-14  7.39842e-17
      2.25316  6.90195e-14  7.37109e-17
      2.25345  6.86954e-14  7.52831e-17
      2.25374  6.83016e-14  7.60039e-17
      2.25402  6.75039e-14  8.01114e-17
      2.25431  6.60896e-14  7.30697e-17
      2.25460  6.57723e-14  7.17247e-17
      2.25489  6.65725e-14  7.27952e-17
      2.25517  6.81318e-14  7.44827e-17
      2.25546  6.90857e-14  7.45708e-17
      2.25575  6.86273e-14  7.57655e-17
      2.25603  6.77087e-14  7.51550e-17
      2.25632  6.88889e-14  7.74114e-17
      2.25661  6.97774e-14  7.75650e-17
      2.25689  6.92646e-14  7.80399e-17
      2.25718  6.85597e-14  7.78928e-17
      2.25747  6.72983e-14  7.55297e-17
      2.25775  6.63704e-14  8.23795e-17
      2.25804  6.67056e-14  7.48779e-17
      2.25833  6.76619e-14  8.01021e-17
      2.25861  6.85863e-14  7.54690e-17
      2.25890  6.97865e-14  7.52547e-17
      2.25919  6.89306e-14  7.29832e-17
      2.25948  6.81723e-14  7.28466e-17
      2.25976  6.85191e-14  7.48140e-17
      2.26005  6.79975e-14  7.42212e-17
      2.26034  6.76533e-14  7.35894e-17
      2.26062  6.87347e-14  7.65725e-17
      2.26091  6.86066e-14  7.77041e-17
      2.26120  6.81345e-14  7.77797e-17
      2.26148  6.91642e-14  7.84550e-17
      2.26177  6.90417e-14  7.85244e-17
      2.26206  6.82341e-14  8.39493e-17
      2.26234  6.77146e-14  7.54525e-17
      2.26263  6.77748e-14  7.48395e-17
      2.26292  6.81861e-14  7.42308e-17
      2.26320  6.82902e-14  7.41334e-17
      2.26349  6.79470e-14  7.68533e-17
      2.26378  6.74079e-14  7.57980e-17
      2.26406  6.77474e-14  7.37737e-17
      2.26435  6.80589e-14  7.50843e-17
      2.26464  6.62992e-14  7.45436e-17
      2.26492  6.54336e-14  7.47443e-17
      2.26521  6.61974e-14  7.53019e-17
      2.26550  6.69274e-14  7.44822e-17
      2.26578  6.75387e-14  7.51552e-17
      2.26607  6.82602e-14  7.44397e-17
      2.26636  6.71050e-14  7.22822e-17
      2.26664  6.67615e-14  7.29540e-17
      2.26693  6.77051e-14  7.41201e-17
      2.26722  6.86766e-14  7.54870e-17
      2.26751  6.85783e-14  7.51855e-17
      2.26779  6.94282e-14  7.73960e-17
      2.26808  7.04078e-14  8.01806e-17
      2.26837  7.02021e-14  8.27516e-17
      2.26865  6.69052e-14  7.99459e-17
      2.26894  6.47238e-14  7.71061e-17
      2.26923  6.60944e-14  7.56103e-17
      2.26951  6.70737e-14  7.37608e-17
      2.26980  6.79008e-14  7.42506e-17
      2.27009  6.80049e-14  7.59886e-17
      2.27037  6.54412e-14  7.47338e-17
      2.27066  6.55207e-14  7.37925e-17
      2.27095  6.75159e-14  8.08559e-17
      2.27123  6.86999e-14  7.40469e-17
      2.27152  6.81555e-14  7.47076e-17
      2.27181  6.73567e-14  7.60421e-17
      2.27209  6.64595e-14  7.62814e-17
      2.27238  6.56375e-14  7.56127e-17
      2.27267  6.63192e-14  7.42317e-17
      2.27295  6.72835e-14  7.44303e-17
      2.27324  6.72455e-14  7.38461e-17
      2.27353  6.72278e-14  7.36549e-17
      2.27381  6.71101e-14  7.46109e-17
      2.27410  6.70901e-14  7.41827e-17
      2.27439  6.68858e-14  8.18533e-17
      2.27467  6.75419e-14  7.52701e-17
      2.27496  6.99305e-14  7.80154e-17
      2.27525  7.23548e-14  8.22110e-17
      2.27553  6.96809e-14  8.11641e-17
      2.27582  6.61053e-14  7.93374e-17
      2.27611  6.54921e-14  7.75940e-17
      2.27639  6.69231e-14  7.65442e-17
      2.27668  6.74341e-14  7.59300e-17
      2.27696  6.79404e-14  7.63780e-17
      2.27725  6.72767e-14  7.59327e-17
      2.27754  6.71552e-14  7.58347e-17
      2.27782  6.78643e-14  7.37630e-17
      2.27811  6.75407e-14  7.35262e-17
      2.27840  6.64847e-14  7.32024e-17
      2.27868  6.53163e-14  7.17223e-17
      2.27897  6.50062e-14  7.18994e-17
      2.27926  6.55479e-14  7.62788e-17
      2.27954  6.66664e-14  7.31399e-17
      2.27983  6.67599e-14  7.41034e-17
      2.28012  6.64567e-14  7.30904e-17
      2.28040  6.61026e-14  7.53379e-17
      2.28069  6.37302e-14  7.47702e-17
      2.28098  6.37297e-14  7.40867e-17
      2.28126  6.70610e-14  7.60489e-17
      2.28155  6.81184e-14  7.60848e-17
      2.28184  6.75632e-14  7.47351e-17
      2.28212  6.82661e-14  7.37143e-17
      2.28241  7.08109e-14  7.92611e-17
      2.28270  6.97679e-14  8.04127e-17
      2.28298  6.52118e-14  7.90319e-17
      2.28327  6.46281e-14  7.59808e-17
      2.28356  6.72407e-14  7.69870e-17
      2.28384  6.63435e-14  7.67103e-17
      2.28413  6.36351e-14  7.55478e-17
      2.28442  6.37788e-14  7.37083e-17
      2.28470  6.57973e-14  7.41302e-17
      2.28499  6.88246e-14  8.32576e-17
      2.28527  6.83393e-14  7.79913e-17
      2.28556  6.60416e-14  7.42378e-17
      2.28585  6.59845e-14  7.34828e-17
      2.28613  6.77950e-14  7.49975e-17
      2.28642  6.91102e-14  7.62811e-17
      2.28671  6.77981e-14  7.44762e-17
      2.28699  6.64914e-14  7.27775e-17
      2.28728  6.68136e-14  7.45599e-17
      2.28757  6.64971e-14  7.49713e-17
      2.28785  6.68463e-14  7.42960e-17
      2.28814  6.82677e-14  7.46252e-17
      2.28843  6.77111e-14  7.40840e-17
      2.28871  6.68119e-14  7.38875e-17
      2.28900  6.71930e-14  7.35797e-17
      2.28929  6.83248e-14  7.74979e-17
      2.28957  6.86967e-14  8.19639e-17
      2.28986  6.76702e-14  9.07094e-17
      2.29014  6.56766e-14  7.83064e-17
      2.29043  6.64825e-14  7.56205e-17
      2.29072  6.86421e-14  7.64278e-17
      2.29100  6.79616e-14  8.02940e-17
      2.29129  6.63798e-14  7.61833e-17
      2.29158  6.51482e-14  7.49161e-17
      2.29186  6.54274e-14  7.67619e-17
      2.29215  6.52257e-14  7.70628e-17
      2.29244  6.43664e-14  7.65224e-17
      2.29272  6.40561e-14  7.57676e-17
      2.29301  6.35279e-14  7.24095e-17
      2.29329  6.23547e-14  7.43271e-17
      2.29358  6.12208e-14  7.29126e-17
      2.29387  6.03262e-14  7.11924e-17
      2.29415  6.20358e-14  7.34820e-17
      2.29444  6.40391e-14  7.52102e-17
      2.29473  6.32010e-14  7.56903e-17
      2.29501  6.21712e-14  7.70265e-17
      2.29530  6.25923e-14  7.85828e-17
      2.29559  6.17740e-14  7.81259e-17
      2.29587  6.07419e-14  7.78985e-17
      2.29616  6.12051e-14  7.31819e-17
      2.29644  6.06837e-14  7.16268e-17
      2.29673  6.09684e-14  7.19812e-17
      2.29702  6.22136e-14  7.06330e-17
      2.29730  6.35135e-14  7.10651e-17
      2.29759  6.42400e-14  7.24762e-17
      2.29788  6.43013e-14  7.47134e-17
      2.29816  6.24367e-14  7.59707e-17
      2.29845  6.08019e-14  7.56894e-17
      2.29874  6.12661e-14  7.52115e-17
      2.29902  6.16066e-14  7.45754e-17
      2.29931  6.11266e-14  7.30547e-17
      2.29959  6.20940e-14  7.33654e-17
      2.29988  6.31143e-14  7.51294e-17
      2.30017  6.21953e-14  7.55067e-17
      2.30045  6.05586e-14  7.47534e-17
      2.30074  5.89939e-14  7.27111e-17
      2.30103  5.82468e-14  7.09994e-17
      2.30131  5.89008e-14  6.97562e-17
      2.30160  6.05186e-14  7.08174e-17
      2.30188  6.19234e-14  7.21291e-17
      2.30217  6.26565e-14  7.39835e-17
      2.30246  6.28271e-14  7.36026e-17
      2.30274  6.09800e-14  7.21523e-17
      2.30303  6.08040e-14  7.23031e-17
      2.30332  6.12314e-14  7.50214e-17
      2.30360  5.96470e-14  7.33539e-17
      2.30389  6.07077e-14  7.42041e-17
      2.30417  6.28264e-14  7.61247e-17
      2.30446  6.10891e-14  7.38853e-17
      2.30475  5.91830e-14  7.16898e-17
      2.30503  5.98128e-14  7.09424e-17
      2.30532  5.85127e-14  7.08210e-17
      2.30560  5.74471e-14  6.85852e-17
      2.30589  5.98702e-14  7.02036e-17
      2.30618  6.07549e-14  7.03089e-17
      2.30646  5.82107e-14  7.07374e-17
      2.30675  5.93269e-14  7.06915e-17
      2.30704  6.29839e-14  7.43033e-17
      2.30732  6.13514e-14  7.35729e-17
      2.30761  5.73216e-14  7.14472e-17
      2.30789  5.91475e-14  7.25782e-17
      2.30818  6.15453e-14  7.33851e-17
      2.30847  6.00713e-14  6.99106e-17
      2.30875  5.87034e-14  6.84732e-17
      2.30904  6.00761e-14  7.02457e-17
      2.30933  5.96163e-14  7.05650e-17
      2.30961  5.60287e-14  6.83992e-17
      2.30990  5.58405e-14  6.80650e-17
      2.31018  5.98349e-14  6.97903e-17
      2.31047  6.09767e-14  6.93927e-17
      2.31076  5.74594e-14  6.73886e-17
      2.31104  5.58762e-14  6.64300e-17
      2.31133  5.78545e-14  6.74395e-17
      2.31161  5.88875e-14  6.89717e-17
      2.31190  5.62936e-14  6.73982e-17
      2.31219  5.49879e-14  6.65444e-17
      2.31247  5.81562e-14  6.86130e-17
      2.31276  6.12415e-14  7.06338e-17
      2.31304  5.88657e-14  6.85040e-17
      2.31333  5.56629e-14  6.56465e-17
      2.31362  5.66416e-14  6.71557e-17
      2.31390  5.99198e-14  6.93776e-17
      2.31419  5.94747e-14  6.99288e-17
      2.31448  5.53211e-14  6.63434e-17
      2.31476  5.35386e-14  6.51951e-17
      2.31505  5.75341e-14  6.83547e-17
      2.31533  6.24076e-14  7.18406e-17
      2.31562  6.09894e-14  7.27760e-17
      2.31591  5.69729e-14  7.09239e-17
      2.31619  5.74393e-14  7.46677e-17
      2.31648  6.19951e-14  8.19143e-17
      2.31676  6.21977e-14  8.73911e-17
      2.31705  5.54138e-14  8.47652e-17
      2.31734  5.21510e-14  7.75019e-17
      2.31762  5.56321e-14  7.82820e-17
      2.31791  5.98386e-14  8.07735e-17
      2.31819  6.05731e-14  8.12954e-17
      2.31848  5.54026e-14  7.40701e-17
      2.31877  5.38094e-14  7.01248e-17
      2.31905  5.72921e-14  7.44794e-17
      2.31934  6.16064e-14  7.32222e-17
      2.31962  6.22975e-14  7.50791e-17
      2.31991  5.78990e-14  7.11194e-17
      2.32020  5.40767e-14  6.77159e-17
      2.32048  5.50780e-14  6.89347e-17
      2.32077  5.91405e-14  7.14372e-17
      2.32105  6.13210e-14  7.25377e-17
      2.32134  5.96531e-14  7.43796e-17
      2.32163  5.63535e-14  7.28593e-17
      2.32191  5.31038e-14  7.39789e-17
      2.32220  5.73483e-14  7.77248e-17
      2.32248  5.97111e-14  8.04279e-17
      2.32277  5.61065e-14  7.69373e-17
      2.32306  5.07545e-14  7.25928e-17
      2.32334  4.98890e-14  6.92694e-17
      2.32363  5.50603e-14  7.17986e-17
      2.32391  5.99201e-14  7.30668e-17
      2.32420  6.06725e-14  7.24666e-17
      2.32449  5.71567e-14  6.86178e-17
      2.32477  5.42755e-14  6.55470e-17
      2.32506  5.56691e-14  6.79468e-17
      2.32534  5.97963e-14  7.30916e-17
      2.32563  6.13924e-14  7.37380e-17
      2.32591  5.90220e-14  7.01643e-17
      2.32620  5.46741e-14  6.80551e-17
      2.32649  5.28541e-14  6.66479e-17
      2.32677  5.62840e-14  6.78229e-17
      2.32706  6.15480e-14  7.13827e-17
      2.32734  6.28569e-14  7.62698e-17
      2.32763  5.98920e-14  7.06476e-17
      2.32792  5.59918e-14  6.87777e-17
      2.32820  5.42058e-14  6.90927e-17
      2.32849  5.48571e-14  7.13040e-17
      2.32877  5.91699e-14  7.33337e-17
      2.32906  6.17932e-14  7.49825e-17
      2.32934  5.84125e-14  7.25529e-17
      2.32963  5.51040e-14  6.69126e-17
      2.32992  5.38700e-14  6.60240e-17
      2.33020  5.58249e-14  6.85313e-17
      2.33049  5.81916e-14  7.04819e-17
      2.33077  5.87113e-14  7.13939e-17
      2.33106  5.71751e-14  7.10363e-17
      2.33135  5.45711e-14  7.00612e-17
      2.33163  5.30218e-14  6.95518e-17
      2.33192  5.64896e-14  7.26033e-17
      2.33220  6.10944e-14  7.44007e-17
      2.33249  6.17410e-14  7.39132e-17
      2.33277  5.89556e-14  7.02343e-17
      2.33306  5.59019e-14  6.85210e-17
      2.33335  5.43460e-14  6.79278e-17
      2.33363  5.59130e-14  6.90392e-17
      2.33392  5.89956e-14  7.26643e-17
      2.33420  6.08910e-14  7.47558e-17
      2.33449  5.99104e-14  7.39899e-17
      2.33478  5.63843e-14  7.18907e-17
      2.33506  5.28311e-14  6.94949e-17
      2.33535  5.32150e-14  7.03521e-17
      2.33563  5.80375e-14  7.15958e-17
      2.33592  6.22729e-14  7.88881e-17
      2.33620  6.28918e-14  7.52893e-17
      2.33649  5.94667e-14  7.42454e-17
      2.33678  5.54083e-14  6.92087e-17
      2.33706  5.48570e-14  6.84899e-17
      2.33735  5.72035e-14  6.93004e-17
      2.33763  6.06598e-14  7.16886e-17
      2.33792  6.30508e-14  7.58094e-17
      2.33820  6.26917e-14  7.77723e-17
      2.33849  5.91121e-14  7.82962e-17
      2.33878  5.38396e-14  7.42537e-17
      2.33906  5.43649e-14  7.33016e-17
      2.33935  5.96193e-14  7.67802e-17
      2.33963  6.28000e-14  8.15261e-17
      2.33992  6.05432e-14  8.20639e-17
      2.34020  5.67998e-14  8.19054e-17
      2.34049  5.69747e-14  8.14001e-17
      2.34078  5.81864e-14  7.91409e-17
      2.34106  5.57684e-14  7.74958e-17
      2.34135  5.65247e-14  7.95648e-17
      2.34163  6.09404e-14  8.21320e-17
      2.34192  6.00622e-14  8.23618e-17
      2.34220  5.85529e-14  8.05285e-17
      2.34249  5.88062e-14  7.89364e-17
      2.34278  5.92894e-14  7.43194e-17
      2.34306  6.03146e-14  7.46689e-17
      2.34335  6.00303e-14  7.54173e-17
      2.34363  5.89170e-14  7.52123e-17
      2.34392  5.97992e-14  7.49217e-17
      2.34420  6.17013e-14  7.63759e-17
      2.34449  6.07855e-14  7.76725e-17
      2.34477  5.66115e-14  7.65497e-17
      2.34506  5.41254e-14  8.18573e-17
      2.34535  5.73410e-14  7.85968e-17
      2.34563  6.20111e-14  7.84020e-17
      2.34592  6.40288e-14  7.89353e-17
      2.34620  6.29712e-14  7.91991e-17
      2.34649  6.06853e-14  7.76804e-17
      2.34677  6.07776e-14  8.29548e-17
      2.34706  6.36688e-14  8.10194e-17
      2.34734  6.38211e-14  8.27354e-17
      2.34763  6.19351e-14  8.31857e-17
      2.34792  6.12596e-14  8.33434e-17
      2.34820  6.08089e-14  8.15957e-17
      2.34849  6.16248e-14  8.02000e-17
      2.34877  6.28579e-14  7.90374e-17
      2.34906  6.21314e-14  7.86499e-17
      2.34934  5.98676e-14  7.86171e-17
      2.34963  5.83356e-14  7.99952e-17
      2.34991  6.16145e-14  8.58108e-17
      2.35020  6.51108e-14  9.02603e-17
      2.35049  6.20092e-14  8.81952e-17
      2.35077  5.66936e-14  8.48582e-17
      2.35106  5.61478e-14  8.33250e-17
      2.35134  5.86796e-14  8.75819e-17
      2.35163  5.80540e-14  8.99835e-17
      2.35191  6.21701e-14  9.93088e-17
      2.35220  6.12816e-14  1.03523e-16
      2.35248  5.20850e-14  9.29313e-17
      2.35277  5.45935e-14  8.80321e-17
      2.35306  5.94852e-14  8.37359e-17
      2.35334  5.72814e-14  7.85152e-17
      2.35363  5.54246e-14  7.56637e-17
      2.35391  5.71657e-14  7.45286e-17
      2.35420  5.98751e-14  7.52454e-17
      2.35448  6.19047e-14  7.79511e-17
      2.35477  6.27442e-14  7.74604e-17
      2.35505  6.20050e-14  7.87461e-17
      2.35534  6.12772e-14  7.98607e-17
      2.35562  5.91482e-14  8.10020e-17
      2.35591  5.50069e-14  8.03534e-17
      2.35620  5.67050e-14  7.99443e-17
      2.35648  6.13623e-14  8.07311e-17
      2.35677  6.15570e-14  8.05498e-17
      2.35705  6.02607e-14  7.94248e-17
      2.35734  5.90975e-14  8.43816e-17
      2.35762  5.77437e-14  7.56231e-17
      2.35791  5.80179e-14  7.80733e-17
      2.35819  5.83284e-14  8.35351e-17
      2.35848  5.44782e-14  8.64931e-17
      2.35876  5.22127e-14  8.52846e-17
      2.35905  5.53704e-14  8.01047e-17
      2.35933  5.91797e-14  7.65120e-17
      2.35962  6.11161e-14  7.50971e-17
      2.35991  5.84484e-14  7.25726e-17
      2.36019  5.41608e-14  6.98918e-17
      2.36048  5.30213e-14  6.83113e-17
      2.36076  5.59127e-14  7.08551e-17
      2.36105  6.01653e-14  7.56488e-17
      2.36133  6.15848e-14  7.78488e-17
      2.36162  5.92143e-14  7.70495e-17
      2.36190  5.79206e-14  7.64349e-17
      2.36219  5.66481e-14  7.42118e-17
      2.36247  5.39556e-14  7.00206e-17
      2.36276  5.29496e-14  6.87768e-17
      2.36304  5.49145e-14  7.19036e-17
      2.36333  5.95596e-14  7.80127e-17
      2.36362  6.24973e-14  8.59291e-17
      2.36390  5.86238e-14  8.68248e-17
      2.36419  5.73286e-14  8.53170e-17
      2.36447  5.73862e-14  7.91019e-17
      2.36476  5.45835e-14  7.31106e-17
      2.36504  5.26255e-14  7.01522e-17
      2.36533  5.41219e-14  6.96310e-17
      2.36561  5.86547e-14  7.29439e-17
      2.36590  6.17371e-14  7.68409e-17
      2.36618  6.07242e-14  7.71182e-17
      2.36647  6.12350e-14  7.82934e-17
      2.36675  6.42030e-14  8.39817e-17
      2.36704  6.09704e-14  8.75468e-17
      2.36732  5.16759e-14  8.43353e-17
      2.36761  4.80674e-14  7.98667e-17
      2.36789  5.29980e-14  8.15451e-17
      2.36818  5.92817e-14  8.78974e-17
      2.36846  6.15900e-14  8.72184e-17
      2.36875  5.87570e-14  8.90010e-17
      2.36904  5.60319e-14  8.64896e-17
      2.36932  5.79439e-14  8.34735e-17
      2.36961  5.93832e-14  8.20287e-17
      2.36989  5.90906e-14  8.62346e-17
      2.37018  5.77328e-14  9.82042e-17
      2.37046  5.41571e-14  1.11279e-16
      2.37075  5.71515e-14  1.26319e-16
      2.37103  6.21520e-14  1.39735e-16
      2.37132  5.57277e-14  1.26710e-16
      2.37160  5.15857e-14  1.10730e-16
      2.37189  5.62220e-14  1.00369e-16
      2.37217  5.73055e-14  9.02788e-17
      2.37246  5.39161e-14  8.11154e-17
      2.37274  5.12184e-14  7.79462e-17
      2.37303  5.37765e-14  7.86403e-17
      2.37331  5.84362e-14  8.03553e-17
      2.37360  5.99669e-14  8.00322e-17
      2.37388  5.91597e-14  7.83466e-17
      2.37417  5.99066e-14  7.77013e-17
      2.37445  6.06889e-14  7.85372e-17
      2.37474  5.83500e-14  7.75533e-17
      2.37502  5.41285e-14  7.39674e-17
      2.37531  5.20776e-14  7.21552e-17
      2.37559  5.52823e-14  7.49127e-17
      2.37588  6.13523e-14  8.35109e-17
      2.37616  6.42817e-14  9.56789e-17
      2.37645  5.93408e-14  1.00426e-16
      2.37673  5.43496e-14  9.46512e-17
      2.37702  5.68012e-14  9.19908e-17
      2.37730  5.83139e-14  8.62553e-17
      2.37759  5.96546e-14  8.94175e-17
      2.37787  5.72768e-14  9.91553e-17
      2.37816  4.92015e-14  9.77085e-17
      2.37844  4.96320e-14  9.44310e-17
      2.37873  5.60523e-14  8.72977e-17
      2.37901  5.99296e-14  8.36180e-17
      2.37930  6.09103e-14  8.37242e-17
      2.37959  5.96306e-14  8.53546e-17
      2.37987  5.81411e-14  8.61633e-17
      2.38016  5.65540e-14  8.55293e-17
      2.38044  5.18960e-14  7.97910e-17
      2.38073  4.85990e-14  7.59883e-17
      2.38101  5.16263e-14  7.57287e-17
      2.38130  5.72797e-14  7.80672e-17
      2.38158  5.98201e-14  7.83643e-17
      2.38187  6.05040e-14  7.91622e-17
      2.38215  6.03158e-14  7.97756e-17
      2.38244  5.97682e-14  8.30289e-17
      2.38272  6.01290e-14  8.93793e-17
      2.38301  5.87145e-14  9.79898e-17
      2.38329  5.38809e-14  1.04413e-16
      2.38358  5.40455e-14  1.17483e-16
      2.38386  5.28507e-14  1.28318e-16
      2.38415  4.99418e-14  1.12662e-16
      2.38443  5.24443e-14  1.00963e-16
      2.38472  5.81795e-14  9.00725e-17
      2.38500  6.21983e-14  8.56343e-17
      2.38528  6.42053e-14  8.78174e-17
      2.38557  6.29593e-14  9.50556e-17
      2.38585  5.39010e-14  9.66120e-17
      2.38614  4.67536e-14  9.52062e-17
      2.38642  4.94465e-14  8.77722e-17
      2.38671  5.38083e-14  8.16671e-17
      2.38699  5.72354e-14  8.06490e-17
      2.38728  6.00595e-14  8.38039e-17
      2.38756  6.36111e-14  9.38079e-17
      2.38785  6.09218e-14  1.04092e-16
      2.38813  5.19016e-14  9.97626e-17
      2.38842  4.84455e-14  8.92252e-17
      2.38870  5.07536e-14  8.05354e-17
      2.38899  5.21959e-14  7.39772e-17
      2.38927  5.56440e-14  7.69575e-17
      2.38956  5.97217e-14  8.24343e-17
      2.38984  6.12818e-14  8.43955e-17
      2.39013  6.09487e-14  8.42585e-17
      2.39041  6.25580e-14  8.58997e-17
      2.39070  6.61867e-14  9.27043e-17
      2.39098  6.86116e-14  1.10089e-16
      2.39127  5.88719e-14  1.19124e-16
      2.39155  4.61652e-14  1.06744e-16
      2.39184  4.73450e-14  1.00165e-16
      2.39212  5.21179e-14  8.45945e-17
      2.39241  5.50363e-14  7.85667e-17
      2.39269  5.68388e-14  7.74524e-17
      2.39298  5.76166e-14  7.96294e-17
      2.39326  5.86281e-14  8.70005e-17
      2.39355  6.09757e-14  8.12876e-17
      2.39383  6.37628e-14  8.45141e-17
      2.39412  6.13522e-14  8.57282e-17
      2.39440  5.43440e-14  8.14926e-17
      2.39469  5.03337e-14  7.70700e-17
      2.39497  5.23848e-14  7.65543e-17
      2.39526  5.54023e-14  7.73809e-17
      2.39554  5.85166e-14  7.98647e-17
      2.39582  6.05928e-14  8.31186e-17
      2.39611  6.39815e-14  9.24309e-17
      2.39639  6.38670e-14  1.03933e-16
      2.39668  5.66501e-14  1.09939e-16
      2.39696  5.01966e-14  1.08481e-16
      2.39725  4.75426e-14  9.62439e-17
      2.39753  4.82499e-14  8.34220e-17
      2.39782  5.06620e-14  8.01793e-17
      2.39810  5.34752e-14  8.46148e-17
      2.39839  5.65724e-14  8.08226e-17
      2.39867  5.86459e-14  8.15710e-17
      2.39896  5.92764e-14  8.11639e-17
      2.39924  5.91279e-14  8.14776e-17
      2.39953  5.96709e-14  8.16496e-17
      2.39981  6.01331e-14  8.59711e-17
      2.40010  5.65528e-14  9.30320e-17
      2.40038  5.10293e-14  8.60104e-17
      2.40067  4.87727e-14  8.20962e-17
      2.40095  5.23005e-14  7.88114e-17
      2.40123  5.56595e-14  7.78173e-17
      2.40152  5.71912e-14  8.27012e-17
      2.40180  5.66581e-14  8.13389e-17
      2.40209  5.49228e-14  7.85994e-17
      2.40237  5.46117e-14  7.64877e-17
      2.40266  5.50154e-14  7.67166e-17
      2.40294  5.60733e-14  7.77129e-17
      2.40323  5.70422e-14  8.39423e-17
      2.40351  5.94898e-14  8.82061e-17
      2.40380  5.95503e-14  1.01347e-16
      2.40408  5.12998e-14  1.08634e-16
      2.40437  4.52844e-14  1.05309e-16
      2.40465  4.98850e-14  1.00922e-16
      2.40493  5.56387e-14  8.95921e-17
      2.40522  5.75920e-14  8.37699e-17
      2.40550  5.91243e-14  8.68581e-17
      2.40579  5.90899e-14  9.06503e-17
      2.40607  5.84970e-14  9.39177e-17
      2.40636  6.00316e-14  1.02369e-16
      2.40664  5.86894e-14  1.15665e-16
      2.40693  5.44561e-14  1.17089e-16
      2.40721  5.19714e-14  1.22169e-16
      2.40750  4.99898e-14  1.17625e-16
      2.40778  4.73868e-14  9.78727e-17
      2.40807  4.83406e-14  8.71085e-17
      2.40835  5.32554e-14  8.12185e-17
      2.40863  5.56475e-14  7.96275e-17
      2.40892  5.77946e-14  8.13300e-17
      2.40920  6.08822e-14  9.06889e-17
      2.40949  6.08949e-14  1.02839e-16
      2.40977  5.31480e-14  1.08523e-16
      2.41006  4.64702e-14  1.02359e-16
      2.41034  4.91954e-14  9.48434e-17
      2.41063  5.40246e-14  8.49663e-17
      2.41091  5.77833e-14  8.33836e-17
      2.41120  6.03527e-14  9.04105e-17
      2.41148  5.85718e-14  9.95217e-17
      2.41176  5.43974e-14  1.02059e-16
      2.41205  5.14516e-14  9.90619e-17
      2.41233  5.26477e-14  9.16358e-17
      2.41262  5.25060e-14  8.20268e-17
      2.41290  5.27405e-14  8.50804e-17
      2.41319  5.45096e-14  8.20351e-17
      2.41347  5.62467e-14  9.18879e-17
      2.41376  5.73900e-14  1.05831e-16
      2.41404  5.31704e-14  1.17360e-16
      2.41432  4.91437e-14  1.16803e-16
      2.41461  5.10212e-14  1.09259e-16
      2.41489  5.91256e-14  1.05425e-16
      2.41518  6.67543e-14  1.12058e-16
      2.41546  6.93476e-14  1.39906e-16
      2.41575  5.97353e-14  1.74573e-16
      2.41603  4.01259e-14  1.83432e-16
      2.41632  3.61400e-14  1.41037e-16
      2.41660  4.49699e-14  1.12018e-16
      2.41688  5.20820e-14  9.41779e-17
      2.41717  5.64550e-14  9.01543e-17
      2.41745  5.90464e-14  9.14580e-17
      2.41774  6.19600e-14  9.88117e-17
      2.41802  6.43827e-14  1.18702e-16
      2.41831  6.46634e-14  1.63807e-16
      2.41859  6.40982e-14  2.58696e-16
      2.41887  5.01894e-14  3.53776e-16
      2.41916  3.68142e-14  2.65856e-16
      2.41944  3.37550e-14  1.64590e-16
      2.41973  4.19135e-14  1.19888e-16
      2.42001  4.96827e-14  9.76480e-17
      2.42030  5.46816e-14  8.80433e-17
      2.42058  5.69272e-14  8.57994e-17
      2.42087  5.75876e-14  8.40645e-17
      2.42115  5.78002e-14  8.38427e-17
      2.42143  5.80965e-14  8.86244e-17
      2.42172  5.53580e-14  9.12523e-17
      2.42200  5.22268e-14  9.00253e-17
      2.42229  5.06297e-14  8.81653e-17
      2.42257  5.24544e-14  8.54656e-17
      2.42286  5.36185e-14  8.13374e-17
      2.42314  5.53634e-14  8.40296e-17
      2.42342  5.83371e-14  9.25912e-17
      2.42371  5.78394e-14  1.06555e-16
      2.42399  5.38280e-14  1.12839e-16
      2.42428  4.95480e-14  1.08494e-16
      2.42456  5.25743e-14  1.02451e-16
      2.42485  5.44750e-14  9.18509e-17
      2.42513  5.38503e-14  8.82839e-17
      2.42541  5.49408e-14  8.85748e-17
      2.42570  5.78456e-14  9.77869e-17
      2.42598  5.57212e-14  1.05394e-16
      2.42627  5.00401e-14  1.07249e-16
      2.42655  4.59727e-14  1.00257e-16
      2.42683  5.00723e-14  1.00961e-16
      2.42712  5.28764e-14  8.49223e-17
      2.42740  5.40120e-14  8.33277e-17
      2.42769  5.30838e-14  8.12698e-17
      2.42797  5.20299e-14  7.86337e-17
      2.42826  5.21449e-14  7.74933e-17
      2.42854  5.35019e-14  7.89542e-17
      2.42882  5.47536e-14  8.09819e-17
      2.42911  5.50386e-14  8.16729e-17
      2.42939  5.47705e-14  8.91415e-17
      2.42968  5.39576e-14  8.26815e-17
      2.42996  5.25707e-14  8.07874e-17
      2.43025  5.16573e-14  7.90619e-17
      2.43053  5.15035e-14  7.78205e-17
      2.43081  5.14570e-14  7.81273e-17
      2.43110  5.11561e-14  7.83257e-17
      2.43138  5.16453e-14  7.90935e-17
      2.43167  5.28121e-14  7.99894e-17
      2.43195  5.47476e-14  8.18477e-17
      2.43223  5.68309e-14  8.71727e-17
      2.43252  5.92622e-14  9.78882e-17
      2.43280  5.83201e-14  1.11223e-16
      2.43309  5.34301e-14  1.15018e-16
      2.43337  4.77317e-14  1.15235e-16
      2.43365  4.79940e-14  1.16297e-16
      2.43394  5.28766e-14  1.08362e-16
      2.43422  5.78343e-14  1.16511e-16
      2.43451  5.95955e-14  1.42860e-16
      2.43479  6.07691e-14  2.15720e-16
      2.43508  6.10667e-14  4.11550e-16
      2.43536  5.15922e-14  7.04226e-16
      2.43564  4.51201e-14  9.39563e-16
      2.43593  4.06842e-14  7.20251e-16
      2.43621  2.98451e-14  3.68904e-16
      2.43650  3.05999e-14  2.11290e-16
      2.43678  3.99095e-14  1.53829e-16
      2.43706  4.57501e-14  1.16665e-16
      2.43735  4.95427e-14  9.32156e-17
      2.43763  5.20523e-14  9.13199e-17
      2.43792  5.34339e-14  8.63430e-17
      2.43820  5.43197e-14  8.54528e-17
      2.43848  5.48931e-14  8.51555e-17
      2.43877  5.45945e-14  8.32743e-17
      2.43905  5.47263e-14  8.24170e-17
      2.43934  5.44270e-14  8.15733e-17
      2.43962  5.37380e-14  8.19251e-17
      2.43990  5.19170e-14  8.00895e-17
      2.44019  5.11537e-14  8.04497e-17
      2.44047  5.15319e-14  8.07754e-17
      2.44076  5.25189e-14  8.84658e-17
      2.44104  5.24434e-14  8.01031e-17
      2.44132  5.20709e-14  8.02520e-17
      2.44161  5.22631e-14  8.07187e-17
      2.44189  5.30065e-14  8.31320e-17
      2.44218  5.51573e-14  9.09779e-17
      2.44246  5.43865e-14  9.80547e-17
      2.44274  5.01209e-14  1.01014e-16
      2.44303  4.63698e-14  1.01649e-16
      2.44331  4.63010e-14  1.02048e-16
      2.44359  4.73735e-14  8.81976e-17
      2.44388  4.81395e-14  9.10696e-17
      2.44416  4.86140e-14  8.24257e-17
      2.44445  5.05088e-14  8.52373e-17
      2.44473  5.36044e-14  9.41087e-17
      2.44501  5.73340e-14  1.08530e-16
      2.44530  6.02258e-14  1.36926e-16
      2.44558  5.93030e-14  1.85419e-16
      2.44587  5.22643e-14  2.51618e-16
      2.44615  3.98397e-14  2.82606e-16
      2.44643  4.43499e-14  2.83030e-16
      2.44672  5.08650e-14  2.41708e-16
      2.44700  4.99079e-14  2.16751e-16
      2.44728  4.66756e-14  1.91526e-16
      2.44757  4.23645e-14  1.89896e-16
      2.44785  4.20087e-14  1.47839e-16
      2.44814  4.30504e-14  1.20428e-16
      2.44842  4.61106e-14  1.13731e-16
      2.44870  5.02291e-14  1.00499e-16
      2.44899  5.46463e-14  1.00095e-16
      2.44927  5.88082e-14  1.10855e-16
      2.44956  6.08599e-14  1.31564e-16
      2.44984  5.91276e-14  1.65324e-16
      2.45012  5.99989e-14  2.37429e-16
      2.45041  5.39799e-14  3.26726e-16
      2.45069  5.49413e-14  4.33743e-16
      2.45097  5.13177e-14  4.43678e-16
      2.45126  3.67285e-14  3.55274e-16
      2.45154  3.14899e-14  2.34695e-16
      2.45183  3.72528e-14  1.70597e-16
      2.45211  4.29947e-14  1.35955e-16
      2.45239  4.50329e-14  1.08181e-16
      2.45268  4.59814e-14  9.41596e-17
      2.45296  4.76474e-14  9.84474e-17
      2.45324  4.81080e-14  1.03603e-16
      2.45353  4.73602e-14  1.18489e-16
      2.45381  4.83623e-14  1.39634e-16
      2.45410  4.59867e-14  1.62217e-16
      2.45438  4.26765e-14  1.67677e-16
      2.45466  4.03032e-14  1.48117e-16
      2.45495  4.14245e-14  1.32670e-16
      2.45523  4.84470e-14  1.22494e-16
      2.45551  5.04410e-14  9.55666e-17
      2.45580  5.14015e-14  8.80109e-17
      2.45608  5.11911e-14  8.66364e-17
      2.45637  5.10780e-14  8.85995e-17
      2.45665  5.10959e-14  8.81252e-17
      2.45693  5.11864e-14  8.78152e-17
      2.45722  5.21557e-14  8.75916e-17
      2.45750  5.25290e-14  8.56979e-17
      2.45778  5.25177e-14  8.52233e-17
      2.45807  5.25259e-14  8.57816e-17
      2.45835  5.26013e-14  8.71646e-17
      2.45863  5.22627e-14  8.84932e-17
      2.45892  5.07605e-14  8.70464e-17
      2.45920  4.85895e-14  8.55523e-17
      2.45949  4.67338e-14  8.43344e-17
      2.45977  4.58066e-14  8.25886e-17
      2.46005  4.61973e-14  8.17205e-17
      2.46034  4.66708e-14  8.14423e-17
      2.46062  4.61085e-14  8.09985e-17
      2.46090  4.45599e-14  8.21468e-17
      2.46119  4.42954e-14  8.54086e-17
      2.46147  4.64758e-14  9.45086e-17
      2.46175  5.07908e-14  1.11455e-16
      2.46204  5.45763e-14  1.39020e-16
      2.46232  5.49636e-14  1.81107e-16
      2.46260  3.41991e-14  1.47685e-16
