#Normalization-constant  1.09519e+02
#lambda         flux
1.1124304e+00  9.26218e-01
1.1124465e+00  9.71182e-01
1.1124624e+00  1.03151e+00
1.1124785e+00  9.73427e-01
1.1124945e+00  9.83577e-01
1.1125106e+00  9.56242e-01
1.1125266e+00  9.67504e-01
1.1125427e+00  9.64402e-01
1.1125586e+00  9.19017e-01
1.1125746e+00  9.46462e-01
1.1125907e+00  9.53142e-01
1.1126067e+00  9.73656e-01
1.1126228e+00  1.07147e+00
1.1126387e+00  1.04122e+00
1.1126548e+00  9.77401e-01
1.1126708e+00  9.98991e-01
1.1126869e+00  1.07079e+00
1.1127029e+00  9.67184e-01
1.1127190e+00  9.90757e-01
1.1127350e+00  1.05825e+00
1.1127510e+00  1.02627e+00
1.1127670e+00  9.46611e-01
1.1127831e+00  9.37610e-01
1.1127991e+00  9.78990e-01
1.1128151e+00  9.78795e-01
1.1128312e+00  1.01040e+00
1.1128471e+00  1.03645e+00
1.1128632e+00  1.05819e+00
1.1128792e+00  1.08793e+00
1.1128953e+00  1.09832e+00
1.1129113e+00  1.06784e+00
1.1129274e+00  1.00907e+00
1.1129433e+00  9.94050e-01
1.1129594e+00  1.02006e+00
1.1129754e+00  9.96395e-01
1.1129915e+00  1.02278e+00
1.1130075e+00  1.02711e+00
1.1130236e+00  1.11067e+00
1.1130395e+00  9.63743e-01
1.1130556e+00  1.00194e+00
1.1130716e+00  9.88064e-01
1.1130876e+00  1.00713e+00
1.1131037e+00  9.49432e-01
1.1131196e+00  9.95724e-01
1.1131357e+00  1.00956e+00
1.1131517e+00  9.63533e-01
1.1131678e+00  9.31403e-01
1.1131838e+00  9.50345e-01
1.1131999e+00  9.43714e-01
1.1132158e+00  9.46406e-01
1.1132319e+00  9.86578e-01
1.1132479e+00  8.83178e-01
1.1132640e+00  9.53508e-01
1.1132800e+00  1.03467e+00
1.1132961e+00  9.94751e-01
1.1133120e+00  1.00986e+00
1.1133281e+00  9.45274e-01
1.1133441e+00  9.31821e-01
1.1133601e+00  9.63758e-01
1.1133762e+00  1.03612e+00
1.1133922e+00  9.47161e-01
1.1134082e+00  9.02824e-01
1.1134242e+00  9.83250e-01
1.1134403e+00  9.79503e-01
1.1134563e+00  9.39666e-01
1.1134724e+00  9.34265e-01
1.1134884e+00  9.46924e-01
1.1135044e+00  9.72138e-01
1.1135204e+00  9.88940e-01
1.1135365e+00  1.02070e+00
1.1135525e+00  9.90129e-01
1.1135686e+00  9.44583e-01
1.1135846e+00  9.68665e-01
1.1136006e+00  9.43740e-01
1.1136166e+00  1.02269e+00
1.1136326e+00  9.64563e-01
1.1136487e+00  9.54354e-01
1.1136648e+00  1.02592e+00
1.1136809e+00  1.00414e+00
1.1136968e+00  9.79718e-01
1.1137129e+00  1.04539e+00
1.1137289e+00  9.91546e-01
1.1137450e+00  9.88497e-01
1.1137610e+00  9.72831e-01
1.1137771e+00  9.40661e-01
1.1137930e+00  9.72093e-01
1.1138091e+00  1.02905e+00
1.1138251e+00  1.07125e+00
1.1138412e+00  9.96364e-01
1.1138572e+00  1.01545e+00
1.1138731e+00  1.01685e+00
1.1138892e+00  9.53829e-01
1.1139052e+00  1.03544e+00
1.1139213e+00  1.01203e+00
1.1139373e+00  9.48787e-01
1.1139534e+00  1.02097e+00
1.1139693e+00  9.87953e-01
1.1139854e+00  1.05361e+00
1.1140014e+00  9.68402e-01
1.1140175e+00  1.02132e+00
1.1140335e+00  9.39333e-01
1.1140496e+00  9.57616e-01
1.1140655e+00  9.97760e-01
1.1140816e+00  9.94730e-01
1.1140976e+00  9.96917e-01
1.1141137e+00  1.09681e+00
1.1141297e+00  1.07435e+00
1.1141457e+00  1.02700e+00
1.1141617e+00  1.04525e+00
1.1141777e+00  1.01549e+00
1.1141938e+00  1.01200e+00
1.1142098e+00  1.03780e+00
1.1142259e+00  1.02296e+00
1.1142419e+00  1.02908e+00
1.1142579e+00  1.02583e+00
1.1142739e+00  9.97759e-01
1.1142900e+00  1.02839e+00
1.1143060e+00  1.04674e+00
1.1143221e+00  1.03269e+00
1.1143381e+00  1.00102e+00
1.1143542e+00  1.04862e+00
1.1143701e+00  1.02793e+00
1.1143861e+00  1.04331e+00
1.1144022e+00  9.82727e-01
1.1144182e+00  1.02828e+00
1.1144343e+00  1.03117e+00
1.1144502e+00  1.08899e+00
1.1144663e+00  9.67301e-01
1.1144823e+00  1.03229e+00
1.1144984e+00  1.06926e+00
1.1145144e+00  1.02994e+00
1.1145305e+00  1.03960e+00
1.1145464e+00  9.92977e-01
1.1145625e+00  9.88559e-01
1.1145785e+00  1.00517e+00
1.1145946e+00  1.02334e+00
1.1146106e+00  1.02810e+00
1.1146267e+00  1.00962e+00
1.1146426e+00  9.94884e-01
1.1146586e+00  9.73137e-01
1.1146747e+00  1.00224e+00
1.1146907e+00  1.00628e+00
1.1147068e+00  1.00284e+00
1.1147227e+00  9.92297e-01
1.1147388e+00  9.91712e-01
1.1147548e+00  1.00334e+00
1.1147709e+00  1.00796e+00
1.1147869e+00  1.02537e+00
1.1148030e+00  1.03994e+00
1.1148189e+00  9.88227e-01
1.1148350e+00  1.01978e+00
1.1148510e+00  1.05705e+00
1.1148671e+00  9.56206e-01
1.1148831e+00  1.01178e+00
1.1148992e+00  9.80968e-01
1.1149152e+00  9.95832e-01
1.1149311e+00  9.93613e-01
1.1149472e+00  9.84730e-01
1.1149632e+00  9.61507e-01
1.1149793e+00  1.01245e+00
1.1149953e+00  9.50997e-01
1.1150114e+00  1.00121e+00
1.1150273e+00  9.63372e-01
1.1150434e+00  9.65531e-01
1.1150594e+00  9.84438e-01
1.1150755e+00  9.50435e-01
1.1150915e+00  9.81842e-01
1.1151076e+00  9.58551e-01
1.1151235e+00  9.89476e-01
1.1151396e+00  1.03112e+00
1.1151556e+00  1.00897e+00
1.1151717e+00  9.72450e-01
1.1151877e+00  9.80551e-01
1.1152036e+00  9.94625e-01
1.1152197e+00  1.00631e+00
1.1152357e+00  8.48204e-01
1.1152518e+00  9.86748e-01
1.1152678e+00  1.03698e+00
1.1152839e+00  1.06402e+00
1.1152998e+00  1.04324e+00
1.1153159e+00  1.04006e+00
1.1153319e+00  9.93529e-01
1.1153480e+00  9.63077e-01
1.1153640e+00  9.82169e-01
1.1153801e+00  1.01523e+00
1.1153960e+00  9.93787e-01
1.1154121e+00  1.00207e+00
1.1154281e+00  9.94601e-01
1.1154441e+00  1.02176e+00
1.1154602e+00  1.03524e+00
1.1154761e+00  1.03601e+00
1.1154922e+00  9.90539e-01
1.1155082e+00  9.88476e-01
1.1155243e+00  1.06498e+00
1.1155403e+00  1.00304e+00
1.1155564e+00  1.02315e+00
1.1155724e+00  9.76360e-01
1.1155884e+00  9.83117e-01
1.1156044e+00  9.92140e-01
1.1156206e+00  9.87631e-01
1.1156366e+00  1.03062e+00
1.1156527e+00  1.04761e+00
1.1156687e+00  9.94958e-01
1.1156847e+00  1.04675e+00
1.1157007e+00  9.96617e-01
1.1157167e+00  1.03279e+00
1.1157328e+00  1.03817e+00
1.1157488e+00  1.01111e+00
1.1157649e+00  1.03503e+00
1.1157808e+00  1.01441e+00
1.1157969e+00  9.89538e-01
1.1158129e+00  1.01029e+00
1.1158290e+00  1.05387e+00
1.1158450e+00  1.00248e+00
1.1158611e+00  9.97536e-01
1.1158770e+00  9.91767e-01
1.1158931e+00  1.00479e+00
1.1159091e+00  9.90054e-01
1.1159252e+00  1.00769e+00
1.1159412e+00  1.00477e+00
1.1159571e+00  1.02526e+00
1.1159732e+00  1.01590e+00
1.1159892e+00  9.95310e-01
1.1160053e+00  1.00341e+00
1.1160213e+00  1.03102e+00
1.1160374e+00  1.00714e+00
1.1160533e+00  9.90450e-01
1.1160694e+00  9.75820e-01
1.1160854e+00  9.55296e-01
1.1161015e+00  9.57813e-01
1.1161175e+00  9.76631e-01
1.1161336e+00  9.97126e-01
1.1161495e+00  9.86510e-01
1.1161656e+00  9.79228e-01
1.1161816e+00  9.30925e-01
1.1161977e+00  9.60434e-01
1.1162137e+00  1.00299e+00
1.1162297e+00  9.43344e-01
1.1162457e+00  9.36931e-01
1.1162617e+00  9.69097e-01
1.1162778e+00  9.58441e-01
1.1162938e+00  9.83456e-01
1.1163099e+00  9.59217e-01
1.1163259e+00  9.74968e-01
1.1163419e+00  9.87684e-01
1.1163579e+00  9.73790e-01
1.1163740e+00  9.48460e-01
1.1163900e+00  9.46259e-01
1.1164061e+00  1.00349e+00
1.1164221e+00  9.83494e-01
1.1164381e+00  9.86512e-01
1.1164541e+00  1.00972e+00
1.1164702e+00  1.00188e+00
1.1164862e+00  9.73167e-01
1.1165022e+00  9.82250e-01
1.1165183e+00  9.90538e-01
1.1165342e+00  1.03717e+00
1.1165503e+00  9.90346e-01
1.1165663e+00  1.03152e+00
1.1165824e+00  1.02864e+00
1.1165984e+00  9.95027e-01
1.1166145e+00  1.02964e+00
1.1166304e+00  1.05324e+00
1.1166465e+00  1.01950e+00
1.1166625e+00  1.02154e+00
1.1166786e+00  1.04317e+00
1.1166946e+00  1.08092e+00
1.1167107e+00  1.05332e+00
1.1167266e+00  1.01154e+00
1.1167427e+00  1.00472e+00
1.1167587e+00  1.00354e+00
1.1167747e+00  1.00607e+00
1.1167908e+00  1.00577e+00
1.1168067e+00  9.87004e-01
1.1168228e+00  9.79901e-01
1.1168388e+00  9.62098e-01
1.1168549e+00  9.73951e-01
1.1168709e+00  9.95832e-01
1.1168870e+00  1.01221e+00
1.1169029e+00  1.03870e+00
1.1169190e+00  1.01226e+00
1.1169350e+00  9.66746e-01
1.1169511e+00  1.05820e+00
1.1169671e+00  1.04327e+00
1.1169832e+00  1.06556e+00
1.1169991e+00  1.03655e+00
1.1170151e+00  1.06705e+00
1.1170312e+00  1.01780e+00
1.1170472e+00  9.86096e-01
1.1170633e+00  9.87144e-01
1.1170793e+00  1.02075e+00
1.1170953e+00  9.98115e-01
1.1171113e+00  9.94209e-01
1.1171274e+00  9.84199e-01
1.1171434e+00  1.00562e+00
1.1171595e+00  9.61591e-01
1.1171755e+00  1.00113e+00
1.1171916e+00  1.01218e+00
1.1172075e+00  9.79870e-01
1.1172236e+00  9.85110e-01
1.1172396e+00  9.59929e-01
1.1172557e+00  9.33352e-01
1.1172717e+00  9.25175e-01
1.1172876e+00  9.52945e-01
1.1173037e+00  9.55662e-01
1.1173197e+00  9.65262e-01
1.1173358e+00  9.33581e-01
1.1173518e+00  9.91935e-01
1.1173679e+00  1.02870e+00
1.1173838e+00  9.65187e-01
1.1173999e+00  9.89774e-01
1.1174159e+00  9.92699e-01
1.1174320e+00  9.69724e-01
1.1174480e+00  9.70014e-01
1.1174641e+00  9.51256e-01
1.1174800e+00  9.64151e-01
1.1174961e+00  9.75756e-01
1.1175121e+00  9.32350e-01
1.1175281e+00  9.55897e-01
1.1175442e+00  9.40338e-01
1.1175601e+00  9.54901e-01
1.1175763e+00  9.69946e-01
1.1175923e+00  9.67195e-01
1.1176084e+00  9.70019e-01
1.1176244e+00  9.90090e-01
1.1176405e+00  9.60742e-01
1.1176564e+00  9.58766e-01
1.1176725e+00  9.66193e-01
1.1176885e+00  9.72030e-01
1.1177046e+00  1.01876e+00
1.1177206e+00  1.02989e+00
1.1177367e+00  1.04256e+00
1.1177527e+00  1.02011e+00
1.1177687e+00  1.00133e+00
1.1177847e+00  1.01213e+00
1.1178007e+00  1.01484e+00
1.1178168e+00  9.89206e-01
1.1178328e+00  9.90714e-01
1.1178489e+00  1.01009e+00
1.1178648e+00  1.02339e+00
1.1178809e+00  1.02598e+00
1.1178969e+00  1.00478e+00
1.1179130e+00  1.04060e+00
1.1179290e+00  1.01555e+00
1.1179451e+00  9.95431e-01
1.1179610e+00  9.83052e-01
1.1179771e+00  1.02920e+00
1.1179931e+00  1.06504e+00
1.1180092e+00  1.04426e+00
1.1180252e+00  1.06228e+00
1.1180413e+00  1.07534e+00
1.1180572e+00  1.05827e+00
1.1180732e+00  1.01692e+00
1.1180893e+00  1.05941e+00
1.1181053e+00  1.08519e+00
1.1181214e+00  1.04864e+00
1.1181373e+00  1.02912e+00
1.1181534e+00  1.06558e+00
1.1181694e+00  1.02173e+00
1.1181855e+00  1.03219e+00
1.1182015e+00  9.96853e-01
1.1182176e+00  1.02942e+00
1.1182335e+00  1.02511e+00
1.1182496e+00  1.04157e+00
1.1182656e+00  1.01813e+00
1.1182817e+00  1.04837e+00
1.1182977e+00  1.01550e+00
1.1183138e+00  1.03127e+00
1.1183297e+00  1.00096e+00
1.1183457e+00  1.03780e+00
1.1183618e+00  1.00013e+00
1.1183778e+00  1.03197e+00
1.1183939e+00  9.80908e-01
1.1184099e+00  9.73613e-01
1.1184259e+00  1.00441e+00
1.1184419e+00  9.24565e-01
1.1184580e+00  1.07639e+00
1.1184740e+00  1.11936e+00
1.1184901e+00  1.05027e+00
1.1185061e+00  1.05600e+00
1.1185221e+00  1.00911e+00
1.1185381e+00  1.04123e+00
1.1185542e+00  1.03076e+00
1.1185702e+00  1.00357e+00
1.1185862e+00  1.02215e+00
1.1186023e+00  1.01959e+00
1.1186182e+00  1.03185e+00
1.1186343e+00  1.00321e+00
1.1186503e+00  1.01044e+00
1.1186664e+00  1.02754e+00
1.1186824e+00  1.00813e+00
1.1186985e+00  1.01977e+00
1.1187144e+00  9.93619e-01
1.1187305e+00  9.85158e-01
1.1187465e+00  1.03666e+00
1.1187626e+00  1.00821e+00
1.1187786e+00  1.00775e+00
1.1187947e+00  9.72191e-01
1.1188106e+00  9.42331e-01
1.1188267e+00  9.85733e-01
1.1188427e+00  9.78647e-01
1.1188587e+00  1.01040e+00
1.1188748e+00  1.05435e+00
1.1188907e+00  9.70051e-01
1.1189068e+00  9.49255e-01
1.1189228e+00  9.52253e-01
1.1189389e+00  1.00814e+00
1.1189549e+00  9.52845e-01
1.1189710e+00  1.02193e+00
1.1189869e+00  1.06933e+00
1.1190030e+00  1.00468e+00
1.1190190e+00  9.22829e-01
1.1190351e+00  9.26951e-01
1.1190511e+00  9.63394e-01
1.1190672e+00  9.51367e-01
1.1190831e+00  9.38063e-01
1.1190991e+00  9.71462e-01
1.1191152e+00  9.85662e-01
1.1191312e+00  9.46220e-01
1.1191473e+00  9.66912e-01
1.1191633e+00  9.76322e-01
1.1191793e+00  9.65771e-01
1.1191953e+00  9.41328e-01
1.1192114e+00  9.33872e-01
1.1192274e+00  9.70773e-01
1.1192435e+00  9.60084e-01
1.1192595e+00  9.66097e-01
1.1192755e+00  9.94892e-01
1.1192915e+00  1.00395e+00
1.1193076e+00  9.90311e-01
1.1193236e+00  9.66024e-01
1.1193397e+00  9.67477e-01
1.1193557e+00  9.73213e-01
1.1193716e+00  9.82702e-01
1.1193877e+00  9.90774e-01
1.1194037e+00  9.93982e-01
1.1194198e+00  9.75782e-01
1.1194358e+00  1.02317e+00
1.1194519e+00  1.01998e+00
1.1194678e+00  1.02446e+00
1.1194839e+00  1.00130e+00
1.1194999e+00  9.95106e-01
1.1195161e+00  9.86738e-01
1.1195321e+00  9.78018e-01
1.1195482e+00  9.91797e-01
1.1195641e+00  1.01804e+00
1.1195802e+00  1.00189e+00
1.1195962e+00  9.83717e-01
1.1196123e+00  1.02582e+00
1.1196283e+00  1.00861e+00
1.1196442e+00  9.88262e-01
1.1196603e+00  9.93526e-01
1.1196763e+00  9.74033e-01
1.1196924e+00  9.51846e-01
1.1197084e+00  9.84010e-01
1.1197245e+00  1.00267e+00
1.1197404e+00  9.91941e-01
1.1197565e+00  9.74202e-01
1.1197725e+00  9.48031e-01
1.1197886e+00  9.58804e-01
1.1198046e+00  1.00349e+00
1.1198207e+00  9.94112e-01
1.1198366e+00  9.67190e-01
1.1198527e+00  9.83644e-01
1.1198687e+00  9.94734e-01
1.1198848e+00  1.02556e+00
1.1199008e+00  1.02954e+00
1.1199168e+00  1.00333e+00
1.1199329e+00  1.00420e+00
1.1199488e+00  1.01169e+00
1.1199649e+00  1.03629e+00
1.1199809e+00  1.01645e+00
1.1199970e+00  9.69846e-01
1.1200130e+00  1.00524e+00
1.1200291e+00  1.03382e+00
1.1200450e+00  9.39821e-01
1.1200611e+00  1.02654e+00
1.1200771e+00  1.03117e+00
1.1200932e+00  1.02473e+00
1.1201092e+00  1.03085e+00
1.1201253e+00  1.02418e+00
1.1201412e+00  1.01288e+00
1.1201572e+00  1.01222e+00
1.1201733e+00  1.00012e+00
1.1201893e+00  9.79718e-01
1.1202054e+00  9.81666e-01
1.1202213e+00  9.85340e-01
1.1202374e+00  9.80062e-01
1.1202534e+00  9.34881e-01
1.1202695e+00  9.49433e-01
1.1202855e+00  1.00725e+00
1.1203016e+00  1.00638e+00
1.1203175e+00  9.79911e-01
1.1203336e+00  9.92627e-01
1.1203496e+00  9.79103e-01
1.1203657e+00  9.97815e-01
1.1203817e+00  1.01138e+00
1.1203978e+00  9.68119e-01
1.1204137e+00  9.92726e-01
1.1204297e+00  9.38036e-01
1.1204458e+00  8.91046e-01
1.1204618e+00  8.99427e-01
1.1204779e+00  8.60090e-01
1.1204938e+00  9.66043e-01
1.1205099e+00  9.78424e-01
1.1205259e+00  9.90125e-01
1.1205420e+00  9.83341e-01
1.1205580e+00  9.56840e-01
1.1205741e+00  9.66413e-01
1.1205901e+00  9.91802e-01
1.1206061e+00  1.02562e+00
1.1206221e+00  1.04428e+00
1.1206382e+00  1.02519e+00
1.1206542e+00  1.03820e+00
1.1206702e+00  1.03578e+00
1.1206863e+00  1.02509e+00
1.1207022e+00  1.01706e+00
1.1207183e+00  9.99865e-01
1.1207343e+00  1.00724e+00
1.1207504e+00  1.02369e+00
1.1207664e+00  1.06700e+00
1.1207825e+00  1.03086e+00
1.1207984e+00  1.01577e+00
1.1208145e+00  1.03405e+00
1.1208305e+00  1.02963e+00
1.1208466e+00  1.03069e+00
1.1208626e+00  1.04831e+00
1.1208787e+00  1.05231e+00
1.1208946e+00  1.03446e+00
1.1209107e+00  1.06646e+00
1.1209267e+00  1.03858e+00
1.1209427e+00  1.02179e+00
1.1209588e+00  9.95861e-01
1.1209747e+00  1.01326e+00
1.1209908e+00  1.05313e+00
1.1210068e+00  1.02524e+00
1.1210229e+00  9.71281e-01
1.1210389e+00  9.89359e-01
1.1210550e+00  1.00428e+00
1.1210709e+00  1.02496e+00
1.1210870e+00  9.92726e-01
1.1211030e+00  1.02497e+00
1.1211191e+00  1.02878e+00
1.1211351e+00  1.03298e+00
1.1211512e+00  1.03821e+00
1.1211671e+00  1.01216e+00
1.1211832e+00  1.00294e+00
1.1211992e+00  9.83514e-01
1.1212152e+00  9.99359e-01
1.1212313e+00  9.75960e-01
1.1212473e+00  9.98286e-01
1.1212633e+00  9.76497e-01
1.1212793e+00  9.62026e-01
1.1212954e+00  9.94447e-01
1.1213114e+00  9.94725e-01
1.1213275e+00  1.00570e+00
1.1213435e+00  1.00668e+00
1.1213595e+00  1.01086e+00
1.1213755e+00  9.77326e-01
1.1213916e+00  9.68986e-01
1.1214076e+00  9.08780e-01
1.1214237e+00  9.00825e-01
1.1214397e+00  1.12694e+00
1.1214557e+00  9.91730e-01
1.1214718e+00  9.26834e-01
1.1214878e+00  9.17091e-01
1.1215039e+00  1.01913e+00
1.1215199e+00  1.05860e+00
1.1215360e+00  1.05720e+00
1.1215519e+00  1.03915e+00
1.1215680e+00  1.00504e+00
1.1215840e+00  9.87456e-01
1.1216001e+00  1.01161e+00
1.1216161e+00  9.63163e-01
1.1216322e+00  1.05222e+00
1.1216481e+00  1.04381e+00
1.1216642e+00  1.06278e+00
1.1216802e+00  1.01461e+00
1.1216963e+00  1.05089e+00
1.1217123e+00  9.95279e-01
1.1217282e+00  9.93889e-01
1.1217443e+00  9.67636e-01
1.1217603e+00  1.10749e+00
1.1217764e+00  1.01584e+00
1.1217924e+00  9.85419e-01
1.1218085e+00  9.31644e-01
1.1218244e+00  9.69496e-01
1.1218405e+00  1.00385e+00
1.1218565e+00  9.78760e-01
1.1218726e+00  9.56072e-01
1.1218886e+00  1.05680e+00
1.1219047e+00  9.41297e-01
1.1219206e+00  9.61658e-01
1.1219367e+00  9.24560e-01
1.1219527e+00  9.82539e-01
1.1219688e+00  1.07134e+00
1.1219848e+00  1.03688e+00
1.1220008e+00  1.18118e+00
1.1220168e+00  1.11311e+00
1.1220328e+00  1.21312e+00
1.1220489e+00  1.10188e+00
1.1220649e+00  1.14547e+00
1.1220810e+00  1.06668e+00
1.1220970e+00  9.16533e-01
1.1221130e+00  1.06841e+00
1.1221290e+00  9.68240e-01
1.1221451e+00  1.09735e+00
1.1221611e+00  1.05480e+00
1.1221772e+00  1.05108e+00
1.1221932e+00  1.07612e+00
1.1222093e+00  1.03584e+00
1.1222252e+00  9.89464e-01
1.1222412e+00  1.01784e+00
1.1222573e+00  1.02205e+00
1.1222733e+00  1.04617e+00
1.1222894e+00  1.08514e+00
1.1223053e+00  1.05632e+00
1.1223214e+00  1.09124e+00
1.1223374e+00  1.06473e+00
1.1223535e+00  1.02285e+00
1.1223695e+00  1.03025e+00
1.1223856e+00  9.23254e-01
1.1224015e+00  9.69264e-01
1.1224176e+00  1.06709e+00
1.1224336e+00  1.07150e+00
1.1224497e+00  1.03599e+00
1.1224657e+00  1.27649e+00
1.1224818e+00  1.05286e+00
1.1224977e+00  9.80224e-01
1.1225137e+00  9.88172e-01
1.1225298e+00  1.10493e+00
1.1225458e+00  1.07485e+00
1.1225619e+00  1.02813e+00
1.1225778e+00  9.92285e-01
1.1225939e+00  9.85611e-01
1.1226099e+00  1.02057e+00
1.1226260e+00  1.03288e+00
1.1226420e+00  9.57644e-01
1.1226581e+00  9.64294e-01
1.1226740e+00  9.90163e-01
1.1226901e+00  1.05903e+00
1.1227061e+00  1.03807e+00
1.1227222e+00  9.90369e-01
1.1227382e+00  1.00786e+00
1.1227543e+00  9.83950e-01
1.1227703e+00  9.49616e-01
1.1227862e+00  9.77065e-01
1.1228023e+00  9.61920e-01
1.1228183e+00  9.17173e-01
1.1228344e+00  1.00170e+00
1.1228504e+00  1.13450e+00
1.1228665e+00  8.40453e-01
1.1228824e+00  9.66028e-01
1.1228985e+00  1.07161e+00
1.1229145e+00  1.06018e+00
1.1229306e+00  9.99896e-01
1.1229466e+00  1.02941e+00
1.1229627e+00  9.93939e-01
1.1229786e+00  1.00986e+00
1.1229947e+00  9.77837e-01
1.1230107e+00  9.82181e-01
1.1230268e+00  9.95785e-01
1.1230428e+00  1.01492e+00
1.1230587e+00  9.82075e-01
1.1230748e+00  1.11870e+00
1.1230908e+00  1.00242e+00
1.1231069e+00  1.08669e+00
1.1231229e+00  1.05309e+00
1.1231390e+00  1.05550e+00
1.1231549e+00  9.79310e-01
1.1231710e+00  9.83375e-01
1.1231870e+00  9.79683e-01
1.1232031e+00  1.00185e+00
1.1232191e+00  1.03381e+00
1.1232352e+00  9.92658e-01
1.1232511e+00  1.06173e+00
1.1232672e+00  9.77156e-01
1.1232832e+00  1.00329e+00
1.1232992e+00  9.78377e-01
1.1233153e+00  9.86142e-01
1.1233312e+00  8.97518e-01
1.1233473e+00  9.24544e-01
1.1233633e+00  1.01378e+00
1.1233794e+00  1.04650e+00
1.1233954e+00  1.10487e+00
1.1234115e+00  1.12560e+00
1.1234276e+00  9.25817e-01
1.1234436e+00  1.04565e+00
1.1234596e+00  1.02054e+00
1.1234757e+00  1.09383e+00
1.1234917e+00  1.08128e+00
1.1235078e+00  1.02590e+00
1.1235238e+00  9.91000e-01
1.1235398e+00  1.00920e+00
1.1235558e+00  1.05843e+00
1.1235718e+00  1.01148e+00
1.1235879e+00  9.76436e-01
1.1236039e+00  1.04942e+00
1.1236200e+00  1.03707e+00
1.1236359e+00  1.00082e+00
1.1236520e+00  8.93540e-01
1.1236680e+00  8.03162e-01
1.1236841e+00  7.76390e-01
1.1237001e+00  9.42177e-01
1.1237162e+00  1.05187e+00
1.1237321e+00  1.01185e+00
1.1237482e+00  1.03600e+00
1.1237642e+00  1.05312e+00
1.1237803e+00  9.14935e-01
1.1237963e+00  9.71126e-01
1.1238122e+00  1.10534e+00
1.1238283e+00  1.13775e+00
1.1238443e+00  7.54551e-01
1.1238604e+00  4.17090e-01
1.1238764e+00  8.36972e-01
1.1238925e+00  1.11047e+00
1.1239084e+00  8.82928e-01
1.1239245e+00  1.11157e+00
1.1239405e+00  1.28189e+00
1.1239566e+00  9.95414e-01
1.1239726e+00  1.00509e+00
1.1239887e+00  9.03862e-01
1.1240046e+00  1.06768e+00
1.1240207e+00  1.16016e+00
1.1240367e+00  1.08390e+00
1.1240528e+00  1.10949e+00
1.1240688e+00  1.20384e+00
1.1240848e+00  1.02694e+00
1.1241008e+00  1.09499e+00
1.1241168e+00  1.06560e+00
1.1241329e+00  1.05159e+00
1.1241489e+00  1.00626e+00
1.1241650e+00  1.08520e+00
1.1241810e+00  1.02850e+00
1.1241970e+00  9.69557e-01
1.1242130e+00  9.59165e-01
1.1242291e+00  9.16745e-01
1.1242451e+00  1.00133e+00
1.1242612e+00  9.69034e-01
1.1242772e+00  1.08230e+00
1.1242932e+00  1.00633e+00
1.1243092e+00  9.54644e-01
1.1243253e+00  1.03960e+00
1.1243413e+00  9.53697e-01
1.1243573e+00  1.00854e+00
1.1243734e+00  9.74043e-01
1.1243893e+00  9.55622e-01
1.1244054e+00  1.03052e+00
1.1244214e+00  9.85725e-01
1.1244375e+00  1.00318e+00
1.1244535e+00  1.06327e+00
1.1244696e+00  1.13180e+00
1.1244855e+00  1.00811e+00
1.1245016e+00  9.99278e-01
1.1245176e+00  1.04910e+00
1.1245337e+00  9.63144e-01
1.1245497e+00  8.63900e-01
1.1245658e+00  9.09288e-01
1.1245817e+00  9.18953e-01
1.1245978e+00  9.17862e-01
1.1246138e+00  1.03422e+00
1.1246298e+00  1.07573e+00
1.1246459e+00  9.81559e-01
1.1246618e+00  9.93863e-01
1.1246779e+00  9.90348e-01
1.1246939e+00  9.58521e-01
1.1247100e+00  1.01782e+00
1.1247260e+00  9.59364e-01
1.1247421e+00  1.10459e+00
1.1247580e+00  9.90063e-01
1.1247741e+00  9.83198e-01
1.1247901e+00  1.07894e+00
1.1248062e+00  1.04212e+00
1.1248222e+00  1.06857e+00
1.1248383e+00  1.03321e+00
1.1248542e+00  1.01182e+00
1.1248702e+00  8.61631e-01
1.1248863e+00  1.01918e+00
1.1249023e+00  9.00495e-01
1.1249184e+00  1.07196e+00
1.1249344e+00  1.10566e+00
1.1249505e+00  1.04955e+00
1.1249664e+00  9.11446e-01
1.1249825e+00  9.91105e-01
1.1249985e+00  9.63071e-01
1.1250146e+00  9.93455e-01
1.1250306e+00  1.14992e+00
1.1250467e+00  1.18095e+00
1.1250626e+00  1.16141e+00
1.1250787e+00  1.16594e+00
1.1250947e+00  1.07303e+00
1.1251108e+00  1.02569e+00
1.1251268e+00  1.03292e+00
1.1251427e+00  1.03221e+00
1.1251588e+00  9.97841e-01
1.1251748e+00  9.18637e-01
1.1251909e+00  1.01471e+00
1.1252069e+00  9.55174e-01
1.1252230e+00  1.03787e+00
1.1252389e+00  1.15221e+00
1.1252550e+00  1.11816e+00
1.1252710e+00  1.08512e+00
1.1252871e+00  9.18393e-01
1.1253031e+00  9.23236e-01
1.1253192e+00  8.45221e-01
1.1253351e+00  1.03574e+00
1.1253512e+00  8.71720e-01
1.1253672e+00  8.89569e-01
1.1253833e+00  9.92687e-01
1.1253994e+00  8.50891e-01
1.1254153e+00  9.56354e-01
1.1254314e+00  5.24890e-01
1.1254474e+00  7.46318e-01
1.1254635e+00  1.26463e+00
1.1254795e+00  1.36154e+00
1.1254956e+00  1.29843e+00
1.1255115e+00  6.64929e-01
1.1255276e+00  1.14240e+00
1.1255436e+00  7.79011e-01
1.1255597e+00  9.16928e-01
1.1255757e+00  1.28973e+00
1.1255918e+00  1.34383e+00
1.1256078e+00  9.42737e-01
1.1256238e+00  4.60612e-01
1.1256398e+00  5.77480e-01
1.1256558e+00  1.40940e+00
1.1256719e+00  1.37723e+00
1.1256879e+00  8.37495e-01
1.1257040e+00  1.02122e+00
1.1257199e+00  1.11708e+00
1.1257360e+00  9.83731e-01
1.1257520e+00  9.56538e-01
1.1257681e+00  1.06664e+00
1.1257841e+00  1.16900e+00
1.1258002e+00  8.73544e-01
1.1258161e+00  9.91346e-01
1.1258322e+00  1.06736e+00
1.1258482e+00  8.89524e-01
1.1258643e+00  9.66959e-01
1.1258803e+00  1.03619e+00
1.1258964e+00  1.07315e+00
1.1259123e+00  1.15181e+00
1.1259283e+00  1.14493e+00
1.1259444e+00  1.12816e+00
1.1259604e+00  8.63752e-01
1.1259765e+00  9.35413e-01
1.1259924e+00  9.28580e-01
1.1260085e+00  1.03675e+00
1.1260245e+00  7.20847e-01
1.1260406e+00  8.34168e-01
1.1260566e+00  1.07021e+00
1.1260727e+00  1.20099e+00
1.1260886e+00  1.07553e+00
1.1261047e+00  9.78153e-01
1.1261207e+00  1.00000e+00
1.1261368e+00  1.08388e+00
1.1261528e+00  1.00689e+00
1.1261689e+00  8.17526e-01
1.1261848e+00  6.89299e-01
1.1262008e+00  7.45028e-01
1.1262169e+00  9.21845e-01
1.1262329e+00  1.05139e+00
1.1262490e+00  9.40374e-01
1.1262650e+00  7.88195e-01
1.1262810e+00  8.63642e-01
1.1262970e+00  1.00868e+00
1.1263131e+00  1.20235e+00
1.1263291e+00  8.08437e-01
1.1263452e+00  8.87841e-01
1.1263612e+00  7.12293e-01
1.1263772e+00  9.42856e-01
1.1263932e+00  9.28881e-01
1.1264093e+00  8.36798e-01
1.1264253e+00  9.20951e-01
1.1264413e+00  1.16732e+00
1.1264574e+00  8.96765e-01
1.1264733e+00  9.40371e-01
1.1264894e+00  8.92195e-01
1.1265054e+00  1.00832e+00
1.1265215e+00  7.05747e-01
1.1265375e+00  8.89413e-01
1.1265536e+00  1.01359e+00
1.1265695e+00  1.21551e+00
1.1265856e+00  1.02689e+00
1.1266016e+00  7.34351e-01
1.1266177e+00  7.39197e-01
1.1266337e+00  9.01540e-01
1.1266498e+00  6.98336e-01
1.1266657e+00  9.97251e-01
1.1266818e+00  9.60369e-01
1.1266978e+00  9.92294e-01
1.1267138e+00  1.17969e+00
1.1267299e+00  1.10169e+00
1.1267458e+00  9.99582e-01
1.1267619e+00  8.90033e-01
1.1267779e+00  9.10658e-01
1.1267940e+00  1.12381e+00
1.1268100e+00  9.34639e-01
1.1268261e+00  9.26558e-01
1.1268420e+00  8.48260e-01
1.1268581e+00  9.29602e-01
1.1268741e+00  9.47907e-01
1.1268902e+00  6.34410e-01
1.1269062e+00  1.23667e+00
1.1269223e+00  1.28509e+00
1.1269382e+00  1.05831e+00
1.1269542e+00  6.96480e-01
1.1269703e+00  8.40721e-01
1.1269863e+00  5.91594e-01
1.1270024e+00  1.00213e+00
1.1270184e+00  1.02535e+00
1.1270344e+00  1.22371e+00
1.1270504e+00  1.14846e+00
1.1270665e+00  1.11668e+00
1.1270825e+00  9.60707e-01
1.1270986e+00  9.15086e-01
1.1271146e+00  7.66807e-01
1.1271306e+00  8.43289e-01
1.1271466e+00  8.28348e-01
1.1271627e+00  1.31264e+00
1.1271787e+00  1.64978e+00
1.1271948e+00  1.52545e+00
1.1272108e+00  1.51514e+00
1.1272267e+00  1.70215e+00
1.1272428e+00  1.37047e+00
1.1272588e+00  9.38188e-01
1.1272749e+00  1.04960e+00
1.1272909e+00  7.24730e-01
1.1273070e+00  9.80804e-01
1.1273229e+00  1.24943e+00
1.1273391e+00  1.50934e+00
1.1273551e+00  1.16945e+00
1.1273712e+00  9.90922e-01
1.1273872e+00  8.63476e-01
1.1274033e+00  1.07546e+00
1.1274192e+00  7.01896e-01
1.1274353e+00  6.55562e-01
1.1274513e+00  1.40943e+00
1.1274674e+00  7.80694e-01
1.1274834e+00  1.06611e+00
1.1274993e+00  1.04553e-01
1.1275154e+00  6.37320e-01
1.1275314e+00  1.19449e+00
1.1275475e+00  1.26911e+00
1.1275635e+00  1.22150e+00
1.1275796e+00  6.76712e-01
1.1275955e+00  7.68920e-01
1.1276116e+00  7.34736e-01
1.1276276e+00  8.07635e-01
1.1276437e+00  9.54145e-01
1.1276597e+00  9.99479e-01
1.1276758e+00  8.74346e-01
1.1276917e+00  8.70900e-01
1.1277078e+00  9.50552e-01
1.1277238e+00  8.16691e-01
1.1277399e+00  9.69200e-01
1.1277559e+00  1.19753e+00
1.1277719e+00  1.48765e+00
1.1277880e+00  1.12498e+00
1.1278039e+00  6.86205e-01
1.1278200e+00  5.03572e-01
1.1278360e+00  7.56991e-01
1.1278521e+00  9.80465e-01
1.1278681e+00  1.52320e+00
1.1278842e+00  1.42263e+00
1.1279001e+00  1.93257e+00
1.1279162e+00  2.32225e+00
1.1279322e+00  1.89646e+00
1.1279483e+00  2.18340e+00
1.1279643e+00  3.70466e+00
1.1279804e+00 -1.39876e-02
1.1279963e+00 -1.97968e-01
1.1280123e+00  7.02756e-01
1.1280284e+00  1.01848e+00
1.1280444e+00  1.04841e+00
1.1280605e+00  8.45901e-01
1.1280764e+00  9.60334e-01
1.1280925e+00  1.04172e+00
1.1281085e+00  6.58693e-01
1.1281246e+00  4.28370e-01
1.1281406e+00  6.96598e-01
1.1281567e+00  7.72421e-01
1.1281726e+00  1.09059e+00
1.1281887e+00  1.25329e+00
1.1282047e+00  8.89339e-01
1.1282208e+00  1.09391e+00
1.1282368e+00  8.48524e-01
1.1282529e+00  9.65174e-01
1.1282688e+00  1.07397e+00
1.1282848e+00  1.01833e+00
1.1283009e+00  8.19782e-01
1.1283169e+00  2.18226e-01
1.1283330e+00  8.41828e-01
1.1283489e+00  1.04247e+00
1.1283650e+00  9.23963e-01
1.1283810e+00  1.25438e+00
1.1283971e+00  9.09678e-01
1.1284131e+00  1.39281e+00
1.1284292e+00  1.40458e+00
1.1284452e+00  1.14743e+00
