#Normalization-constant  7.65839e+02
#lambda         flux
1.0366257e+00  1.05387e+00
1.0366406e+00  1.14278e+00
1.0366555e+00  1.09135e+00
1.0366704e+00  1.05985e+00
1.0366853e+00  1.05303e+00
1.0367002e+00  1.02581e+00
1.0367152e+00  1.02412e+00
1.0367301e+00  1.01461e+00
1.0367450e+00  1.04495e+00
1.0367599e+00  1.05397e+00
1.0367748e+00  9.95472e-01
1.0367897e+00  1.01979e+00
1.0368046e+00  9.37470e-01
1.0368196e+00  1.01814e+00
1.0368345e+00  9.94403e-01
1.0368495e+00  9.80716e-01
1.0368644e+00  9.72098e-01
1.0368793e+00  9.94192e-01
1.0368942e+00  9.89536e-01
1.0369092e+00  1.04691e+00
1.0369241e+00  1.03958e+00
1.0369390e+00  9.88780e-01
1.0369539e+00  9.91742e-01
1.0369688e+00  9.68637e-01
1.0369837e+00  1.00810e+00
1.0369987e+00  1.00185e+00
1.0370136e+00  1.04809e+00
1.0370285e+00  9.85369e-01
1.0370434e+00  1.08140e+00
1.0370583e+00  1.03284e+00
1.0370732e+00  1.02156e+00
1.0370881e+00  1.06949e+00
1.0371031e+00  1.07594e+00
1.0371180e+00  9.94783e-01
1.0371329e+00  9.58085e-01
1.0371478e+00  1.00674e+00
1.0371627e+00  9.44394e-01
1.0371776e+00  1.02054e+00
1.0371927e+00  1.01231e+00
1.0372076e+00  1.00708e+00
1.0372225e+00  9.66085e-01
1.0372374e+00  9.74007e-01
1.0372523e+00  1.00693e+00
1.0372672e+00  9.50379e-01
1.0372822e+00  9.58304e-01
1.0372971e+00  9.73299e-01
1.0373120e+00  1.04780e+00
1.0373269e+00  1.03630e+00
1.0373418e+00  1.05632e+00
1.0373567e+00  1.00431e+00
1.0373716e+00  9.84792e-01
1.0373867e+00  9.90633e-01
1.0374016e+00  9.90943e-01
1.0374165e+00  1.00804e+00
1.0374314e+00  1.01157e+00
1.0374463e+00  1.00863e+00
1.0374612e+00  1.01535e+00
1.0374762e+00  1.01396e+00
1.0374911e+00  1.01400e+00
1.0375060e+00  9.34313e-01
1.0375209e+00  1.01096e+00
1.0375358e+00  1.00096e+00
1.0375507e+00  9.70087e-01
1.0375658e+00  9.94369e-01
1.0375807e+00  1.02516e+00
1.0375956e+00  9.56965e-01
1.0376105e+00  9.59624e-01
1.0376254e+00  9.46840e-01
1.0376403e+00  9.87607e-01
1.0376552e+00  9.62411e-01
1.0376702e+00  9.72292e-01
1.0376851e+00  1.00511e+00
1.0377000e+00  1.04595e+00
1.0377149e+00  1.03046e+00
1.0377298e+00  1.01475e+00
1.0377447e+00  1.04517e+00
1.0377597e+00  1.03438e+00
1.0377746e+00  9.80951e-01
1.0377895e+00  1.05177e+00
1.0378044e+00  1.05879e+00
1.0378193e+00  9.77351e-01
1.0378342e+00  9.60214e-01
1.0378492e+00  9.66776e-01
1.0378641e+00  1.00438e+00
1.0378790e+00  9.77199e-01
1.0378939e+00  9.85587e-01
1.0379088e+00  9.91728e-01
1.0379237e+00  1.00124e+00
1.0379386e+00  1.00306e+00
1.0379537e+00  1.02435e+00
1.0379686e+00  1.00714e+00
1.0379835e+00  9.64910e-01
1.0379984e+00  9.96489e-01
1.0380133e+00  1.03598e+00
1.0380282e+00  1.00174e+00
1.0380432e+00  9.88838e-01
1.0380581e+00  9.61633e-01
1.0380730e+00  9.43221e-01
1.0380879e+00  9.72345e-01
1.0381028e+00  1.06377e+00
1.0381177e+00  1.01730e+00
1.0381327e+00  1.04209e+00
1.0381476e+00  1.03480e+00
1.0381625e+00  9.69412e-01
1.0381774e+00  9.89538e-01
1.0381923e+00  1.05138e+00
1.0382072e+00  1.02044e+00
1.0382221e+00  1.00788e+00
1.0382371e+00  9.77645e-01
1.0382520e+00  9.69800e-01
1.0382669e+00  9.97112e-01
1.0382819e+00  9.79262e-01
1.0382968e+00  1.01588e+00
1.0383117e+00  9.83548e-01
1.0383267e+00  9.78144e-01
1.0383416e+00  9.62664e-01
1.0383565e+00  9.93606e-01
1.0383714e+00  1.02224e+00
1.0383863e+00  9.69510e-01
1.0384012e+00  9.88956e-01
1.0384162e+00  9.99050e-01
1.0384311e+00  1.00076e+00
1.0384460e+00  1.00141e+00
1.0384609e+00  9.61256e-01
1.0384758e+00  1.02855e+00
1.0384907e+00  1.00077e+00
1.0385056e+00  9.62328e-01
1.0385206e+00  9.71312e-01
1.0385355e+00  1.04498e+00
1.0385504e+00  1.04580e+00
1.0385653e+00  1.00545e+00
1.0385802e+00  1.01536e+00
1.0385951e+00  9.72996e-01
1.0386102e+00  1.01309e+00
1.0386251e+00  1.03150e+00
1.0386400e+00  1.04163e+00
1.0386549e+00  1.02950e+00
1.0386698e+00  1.01669e+00
1.0386847e+00  1.04606e+00
1.0386997e+00  1.08386e+00
1.0387146e+00  1.00531e+00
1.0387295e+00  1.01793e+00
1.0387444e+00  9.79067e-01
1.0387593e+00  9.91689e-01
1.0387742e+00  1.03179e+00
1.0387891e+00  1.02201e+00
1.0388041e+00  1.02959e+00
1.0388190e+00  1.04617e+00
1.0388339e+00  9.96975e-01
1.0388488e+00  1.01060e+00
1.0388637e+00  9.97878e-01
1.0388786e+00  1.01806e+00
1.0388936e+00  9.75363e-01
1.0389085e+00  9.72423e-01
1.0389234e+00  9.98241e-01
1.0389383e+00  9.98545e-01
1.0389532e+00  1.03308e+00
1.0389681e+00  1.01587e+00
1.0389832e+00  1.02255e+00
1.0389981e+00  9.58762e-01
1.0390130e+00  9.66986e-01
1.0390279e+00  9.87252e-01
1.0390428e+00  1.02018e+00
1.0390577e+00  1.01542e+00
1.0390726e+00  1.01840e+00
1.0390876e+00  1.01206e+00
1.0391025e+00  9.92160e-01
1.0391174e+00  1.01016e+00
1.0391323e+00  1.02173e+00
1.0391472e+00  1.04351e+00
1.0391621e+00  1.00506e+00
1.0391771e+00  1.00850e+00
1.0391920e+00  1.00073e+00
1.0392069e+00  1.01391e+00
1.0392218e+00  9.95958e-01
1.0392367e+00  1.00467e+00
1.0392516e+00  1.04910e+00
1.0392666e+00  1.03749e+00
1.0392815e+00  9.73087e-01
1.0392964e+00  1.02020e+00
1.0393113e+00  9.91243e-01
1.0393262e+00  9.91623e-01
1.0393412e+00  1.06117e+00
1.0393561e+00  1.02155e+00
1.0393712e+00  1.03200e+00
1.0393861e+00  1.04264e+00
1.0394010e+00  1.01270e+00
1.0394159e+00  1.01966e+00
1.0394308e+00  1.00786e+00
1.0394457e+00  9.71497e-01
1.0394607e+00  1.02775e+00
1.0394756e+00  9.89380e-01
1.0394905e+00  1.01228e+00
1.0395054e+00  1.05857e+00
1.0395203e+00  1.01174e+00
1.0395352e+00  9.95835e-01
1.0395502e+00  9.57205e-01
1.0395651e+00  9.81465e-01
1.0395800e+00  1.02178e+00
1.0395949e+00  1.04028e+00
1.0396098e+00  1.01604e+00
1.0396247e+00  1.03487e+00
1.0396397e+00  1.01008e+00
1.0396546e+00  1.02085e+00
1.0396695e+00  1.03397e+00
1.0396844e+00  9.96680e-01
1.0396993e+00  9.38070e-01
1.0397142e+00  9.55679e-01
1.0397292e+00  9.73470e-01
1.0397442e+00  1.00150e+00
1.0397591e+00  9.69586e-01
1.0397740e+00  9.61478e-01
1.0397889e+00  9.62774e-01
1.0398038e+00  1.00636e+00
1.0398187e+00  9.88953e-01
1.0398337e+00  9.50120e-01
1.0398486e+00  9.57510e-01
1.0398635e+00  9.67318e-01
1.0398784e+00  9.91835e-01
1.0398933e+00  9.29352e-01
1.0399082e+00  9.54977e-01
1.0399232e+00  9.53589e-01
1.0399381e+00  9.63079e-01
1.0399530e+00  9.34946e-01
1.0399679e+00  9.92710e-01
1.0399828e+00  9.32820e-01
1.0399977e+00  9.39273e-01
1.0400126e+00  9.36748e-01
1.0400277e+00  9.69866e-01
1.0400426e+00  9.47211e-01
1.0400575e+00  9.41423e-01
1.0400724e+00  9.64364e-01
1.0400873e+00  9.55191e-01
1.0401022e+00  9.84013e-01
1.0401172e+00  9.55409e-01
1.0401321e+00  9.47747e-01
1.0401470e+00  9.95540e-01
1.0401619e+00  9.88613e-01
1.0401768e+00  1.00866e+00
1.0401917e+00  1.00004e+00
1.0402067e+00  9.85779e-01
1.0402216e+00  9.89846e-01
1.0402365e+00  1.00753e+00
1.0402514e+00  1.00782e+00
1.0402663e+00  1.05022e+00
1.0402812e+00  1.06177e+00
1.0402961e+00  1.03276e+00
1.0403111e+00  1.01467e+00
1.0403260e+00  1.01416e+00
1.0403409e+00  9.88021e-01
1.0403558e+00  9.96371e-01
1.0403707e+00  9.85310e-01
1.0403856e+00  9.80193e-01
1.0404007e+00  1.05514e+00
1.0404156e+00  1.05369e+00
1.0404305e+00  1.03954e+00
1.0404454e+00  1.00731e+00
1.0404603e+00  1.01241e+00
1.0404752e+00  9.88124e-01
1.0404902e+00  1.02002e+00
1.0405051e+00  1.06988e+00
1.0405200e+00  1.06126e+00
1.0405349e+00  1.04286e+00
1.0405498e+00  1.04455e+00
1.0405647e+00  1.05007e+00
1.0405796e+00  1.04753e+00
1.0405946e+00  1.01335e+00
1.0406095e+00  1.03619e+00
1.0406244e+00  1.02147e+00
1.0406393e+00  1.01670e+00
1.0406542e+00  1.04716e+00
1.0406691e+00  1.06102e+00
1.0406841e+00  1.03087e+00
1.0406990e+00  1.03242e+00
1.0407139e+00  1.07310e+00
1.0407288e+00  1.02135e+00
1.0407437e+00  1.01583e+00
1.0407586e+00  1.01885e+00
1.0407737e+00  9.97460e-01
1.0407886e+00  1.01426e+00
1.0408035e+00  1.02897e+00
1.0408184e+00  1.02762e+00
1.0408333e+00  1.01128e+00
1.0408482e+00  1.02458e+00
1.0408631e+00  1.04622e+00
1.0408781e+00  1.01598e+00
1.0408930e+00  1.01668e+00
1.0409079e+00  9.89062e-01
1.0409228e+00  9.87102e-01
1.0409377e+00  9.93205e-01
1.0409526e+00  1.00893e+00
1.0409676e+00  1.06703e+00
1.0409825e+00  1.06104e+00
1.0409974e+00  1.02236e+00
1.0410123e+00  1.02919e+00
1.0410272e+00  1.02922e+00
1.0410421e+00  1.01144e+00
1.0410571e+00  1.01677e+00
1.0410720e+00  1.00021e+00
1.0410869e+00  1.01374e+00
1.0411018e+00  1.05242e+00
1.0411167e+00  1.06625e+00
1.0411316e+00  1.03634e+00
1.0411465e+00  1.04032e+00
1.0411616e+00  1.03146e+00
1.0411765e+00  1.05039e+00
1.0411914e+00  1.04556e+00
1.0412063e+00  1.07470e+00
1.0412212e+00  1.06576e+00
1.0412361e+00  1.02630e+00
1.0412511e+00  1.01873e+00
1.0412660e+00  1.03630e+00
1.0412809e+00  1.02450e+00
1.0412958e+00  1.03846e+00
1.0413108e+00  1.05707e+00
1.0413257e+00  1.06465e+00
1.0413407e+00  1.02070e+00
1.0413556e+00  1.02250e+00
1.0413705e+00  1.03461e+00
1.0413854e+00  1.03876e+00
1.0414003e+00  1.01431e+00
1.0414152e+00  9.78587e-01
1.0414301e+00  1.04750e+00
1.0414451e+00  1.03384e+00
1.0414601e+00  1.02443e+00
1.0414750e+00  1.04899e+00
1.0414899e+00  1.03798e+00
1.0415048e+00  1.03485e+00
1.0415197e+00  1.04226e+00
1.0415347e+00  1.03612e+00
1.0415496e+00  1.00358e+00
1.0415645e+00  1.01317e+00
1.0415794e+00  1.01512e+00
1.0415943e+00  1.02467e+00
1.0416092e+00  1.04011e+00
1.0416242e+00  1.00704e+00
1.0416391e+00  1.02325e+00
1.0416540e+00  1.01680e+00
1.0416689e+00  1.02799e+00
1.0416838e+00  1.01101e+00
1.0416987e+00  1.00995e+00
1.0417136e+00  9.95064e-01
1.0417286e+00  1.02939e+00
1.0417435e+00  1.04012e+00
1.0417584e+00  1.04187e+00
1.0417733e+00  1.03103e+00
1.0417882e+00  1.04654e+00
1.0418031e+00  1.02162e+00
1.0418182e+00  1.01951e+00
1.0418331e+00  1.03318e+00
1.0418480e+00  1.04767e+00
1.0418629e+00  1.01743e+00
1.0418778e+00  1.03770e+00
1.0418927e+00  1.02479e+00
1.0419077e+00  1.02670e+00
1.0419226e+00  1.03839e+00
1.0419375e+00  1.00390e+00
1.0419524e+00  1.00836e+00
1.0419673e+00  9.92174e-01
1.0419822e+00  1.02978e+00
1.0419971e+00  1.04594e+00
1.0420121e+00  1.00625e+00
1.0420270e+00  1.01729e+00
1.0420419e+00  1.03253e+00
1.0420568e+00  1.01168e+00
1.0420717e+00  1.02746e+00
1.0420866e+00  1.02718e+00
1.0421016e+00  1.05881e+00
1.0421165e+00  1.04781e+00
1.0421314e+00  1.05575e+00
1.0421463e+00  1.04184e+00
1.0421612e+00  1.04442e+00
1.0421761e+00  1.03501e+00
1.0421912e+00  1.04842e+00
1.0422061e+00  1.03215e+00
1.0422210e+00  1.05104e+00
1.0422359e+00  1.03016e+00
1.0422508e+00  1.03670e+00
1.0422657e+00  1.02531e+00
1.0422806e+00  1.02951e+00
1.0422956e+00  1.01769e+00
1.0423105e+00  1.03348e+00
1.0423254e+00  1.01191e+00
1.0423403e+00  1.03280e+00
1.0423552e+00  1.03749e+00
1.0423701e+00  1.02042e+00
1.0423851e+00  9.92910e-01
1.0424000e+00  1.00003e+00
1.0424149e+00  1.00191e+00
1.0424298e+00  1.00081e+00
1.0424447e+00  1.00664e+00
1.0424596e+00  1.00535e+00
1.0424746e+00  9.98200e-01
1.0424895e+00  9.94298e-01
1.0425044e+00  9.97196e-01
1.0425193e+00  1.00762e+00
1.0425342e+00  9.80713e-01
1.0425491e+00  9.86518e-01
1.0425640e+00  1.00141e+00
1.0425791e+00  9.90473e-01
1.0425940e+00  1.01773e+00
1.0426089e+00  1.00672e+00
1.0426238e+00  1.01459e+00
1.0426387e+00  1.00286e+00
1.0426536e+00  1.03665e+00
1.0426686e+00  1.01393e+00
1.0426835e+00  9.92855e-01
1.0426984e+00  9.75186e-01
1.0427133e+00  1.00778e+00
1.0427282e+00  9.93343e-01
1.0427431e+00  9.84476e-01
1.0427581e+00  9.84326e-01
1.0427730e+00  1.00591e+00
1.0427879e+00  9.92140e-01
1.0428028e+00  9.97196e-01
1.0428177e+00  9.53795e-01
1.0428326e+00  9.96156e-01
1.0428475e+00  1.00390e+00
1.0428625e+00  9.79071e-01
1.0428774e+00  9.62745e-01
1.0428924e+00  9.99025e-01
1.0429073e+00  1.00343e+00
1.0429222e+00  1.00040e+00
1.0429371e+00  9.98652e-01
1.0429521e+00  1.00958e+00
1.0429670e+00  1.01766e+00
1.0429819e+00  9.92520e-01
1.0429968e+00  1.01706e+00
1.0430117e+00  1.01123e+00
1.0430266e+00  1.02400e+00
1.0430416e+00  1.00116e+00
1.0430565e+00  1.00299e+00
1.0430714e+00  1.00387e+00
1.0430863e+00  1.03563e+00
1.0431012e+00  1.02248e+00
1.0431161e+00  1.00822e+00
1.0431310e+00  1.02677e+00
1.0431460e+00  1.01050e+00
1.0431609e+00  1.02609e+00
1.0431758e+00  1.00087e+00
1.0431907e+00  9.77163e-01
1.0432056e+00  1.01662e+00
1.0432205e+00  1.04103e+00
1.0432356e+00  1.02359e+00
1.0432505e+00  1.02089e+00
1.0432655e+00  9.62732e-01
1.0432804e+00  9.99662e-01
1.0432953e+00  1.01549e+00
1.0433102e+00  1.03325e+00
1.0433252e+00  9.86431e-01
1.0433401e+00  1.05017e+00
1.0433550e+00  1.04326e+00
1.0433699e+00  1.03844e+00
1.0433848e+00  1.00966e+00
1.0433997e+00  1.01165e+00
1.0434146e+00  1.02982e+00
1.0434296e+00  1.01003e+00
1.0434445e+00  1.01942e+00
1.0434594e+00  1.06042e+00
1.0434743e+00  1.02331e+00
1.0434892e+00  1.03931e+00
1.0435041e+00  9.99815e-01
1.0435191e+00  1.02008e+00
1.0435340e+00  1.02104e+00
1.0435489e+00  1.04459e+00
1.0435638e+00  9.54604e-01
1.0435787e+00  1.00884e+00
1.0435936e+00  1.01931e+00
1.0436087e+00  1.01058e+00
1.0436236e+00  1.03471e+00
1.0436385e+00  1.04190e+00
1.0436534e+00  1.00140e+00
1.0436683e+00  1.01466e+00
1.0436832e+00  1.01594e+00
1.0436981e+00  1.03869e+00
1.0437131e+00  1.04006e+00
1.0437280e+00  1.00267e+00
1.0437429e+00  1.01425e+00
1.0437578e+00  1.02983e+00
1.0437727e+00  1.00972e+00
1.0437876e+00  1.00871e+00
1.0438026e+00  9.95442e-01
1.0438175e+00  1.01605e+00
1.0438324e+00  1.00146e+00
1.0438473e+00  1.03825e+00
1.0438622e+00  1.04099e+00
1.0438771e+00  1.05582e+00
1.0438921e+00  1.02952e+00
1.0439070e+00  1.01596e+00
1.0439219e+00  1.02626e+00
1.0439368e+00  1.03438e+00
1.0439517e+00  1.04788e+00
1.0439666e+00  1.03831e+00
1.0439815e+00  1.02914e+00
1.0439966e+00  1.02448e+00
1.0440115e+00  1.02355e+00
1.0440264e+00  1.02120e+00
1.0440413e+00  1.04539e+00
1.0440562e+00  1.02253e+00
1.0440711e+00  1.04508e+00
1.0440861e+00  1.05463e+00
1.0441010e+00  1.05358e+00
1.0441159e+00  1.01745e+00
1.0441308e+00  1.01889e+00
1.0441457e+00  1.03591e+00
1.0441606e+00  1.03992e+00
1.0441756e+00  1.02763e+00
1.0441905e+00  1.03370e+00
1.0442054e+00  1.03023e+00
1.0442203e+00  9.36735e-01
1.0442352e+00  9.44835e-01
1.0442501e+00  1.02069e+00
1.0442650e+00  1.01459e+00
1.0442800e+00  1.04317e+00
1.0442949e+00  1.00684e+00
1.0443098e+00  1.04113e+00
1.0443247e+00  1.03618e+00
1.0443397e+00  1.00972e+00
1.0443546e+00  1.00786e+00
1.0443696e+00  1.02724e+00
1.0443845e+00  1.03902e+00
1.0443994e+00  9.98463e-01
1.0444143e+00  1.02615e+00
1.0444292e+00  1.04029e+00
1.0444441e+00  1.01811e+00
1.0444591e+00  1.03124e+00
1.0444740e+00  1.03797e+00
1.0444889e+00  1.04400e+00
1.0445038e+00  1.00676e+00
1.0445187e+00  1.00826e+00
1.0445336e+00  1.02659e+00
1.0445485e+00  1.01610e+00
1.0445635e+00  1.03333e+00
1.0445784e+00  1.01779e+00
1.0445933e+00  1.01992e+00
1.0446082e+00  1.02489e+00
1.0446231e+00  1.01998e+00
1.0446380e+00  1.04946e+00
1.0446531e+00  1.01249e+00
1.0446680e+00  1.00093e+00
1.0446829e+00  1.01637e+00
1.0446978e+00  1.03000e+00
1.0447127e+00  1.02261e+00
1.0447276e+00  1.03812e+00
1.0447426e+00  1.04303e+00
1.0447575e+00  1.05095e+00
1.0447724e+00  1.03363e+00
1.0447873e+00  1.02919e+00
1.0448022e+00  1.00106e+00
1.0448171e+00  1.02964e+00
1.0448320e+00  1.03228e+00
1.0448470e+00  1.01239e+00
1.0448619e+00  1.01274e+00
1.0448768e+00  1.05766e+00
1.0448917e+00  1.02357e+00
1.0449066e+00  1.03863e+00
1.0449215e+00  1.01236e+00
1.0449365e+00  1.00641e+00
1.0449514e+00  9.99442e-01
1.0449663e+00  1.03234e+00
1.0449812e+00  1.05194e+00
1.0449961e+00  1.03029e+00
1.0450110e+00  1.01463e+00
1.0450261e+00  1.02205e+00
1.0450410e+00  1.03160e+00
1.0450559e+00  1.03225e+00
1.0450708e+00  1.00896e+00
1.0450857e+00  1.02161e+00
1.0451006e+00  1.03337e+00
1.0451155e+00  1.05916e+00
1.0451305e+00  1.03747e+00
1.0451454e+00  1.02194e+00
1.0451603e+00  1.02283e+00
1.0451752e+00  1.03106e+00
1.0451901e+00  1.02120e+00
1.0452050e+00  1.01907e+00
1.0452201e+00  1.03910e+00
1.0452350e+00  1.01945e+00
1.0452499e+00  1.03067e+00
1.0452648e+00  1.02306e+00
1.0452797e+00  9.94477e-01
1.0452946e+00  1.01363e+00
1.0453096e+00  1.00598e+00
1.0453245e+00  1.03589e+00
1.0453394e+00  1.02844e+00
1.0453543e+00  1.03054e+00
1.0453692e+00  1.02831e+00
1.0453841e+00  1.00595e+00
1.0453990e+00  9.99120e-01
1.0454141e+00  1.01220e+00
1.0454290e+00  1.02065e+00
1.0454439e+00  1.01275e+00
1.0454588e+00  9.89074e-01
1.0454737e+00  1.00331e+00
1.0454886e+00  1.01033e+00
1.0455036e+00  9.97570e-01
1.0455185e+00  9.89505e-01
1.0455334e+00  9.97609e-01
1.0455483e+00  1.00078e+00
1.0455632e+00  9.99551e-01
1.0455781e+00  9.75814e-01
1.0455931e+00  9.90401e-01
1.0456080e+00  9.81940e-01
1.0456229e+00  9.72515e-01
1.0456378e+00  9.68519e-01
1.0456527e+00  9.52554e-01
1.0456676e+00  9.65067e-01
1.0456825e+00  9.60530e-01
1.0456975e+00  9.68114e-01
1.0457124e+00  9.83918e-01
1.0457273e+00  9.79857e-01
1.0457422e+00  9.74308e-01
1.0457571e+00  9.63740e-01
1.0457721e+00  9.61276e-01
1.0457871e+00  9.56305e-01
1.0458020e+00  9.91153e-01
1.0458169e+00  9.75847e-01
1.0458318e+00  9.57029e-01
1.0458467e+00  9.89415e-01
1.0458616e+00  9.85926e-01
1.0458766e+00  9.78289e-01
1.0458915e+00  9.55625e-01
1.0459064e+00  9.51033e-01
1.0459213e+00  9.53821e-01
1.0459362e+00  9.25604e-01
1.0459511e+00  9.36677e-01
1.0459661e+00  9.26721e-01
1.0459810e+00  9.32068e-01
1.0459959e+00  9.47860e-01
1.0460108e+00  9.41357e-01
1.0460257e+00  9.36776e-01
1.0460406e+00  9.13650e-01
1.0460555e+00  9.23234e-01
1.0460706e+00  9.16908e-01
1.0460855e+00  9.22080e-01
1.0461004e+00  9.37039e-01
1.0461153e+00  9.62852e-01
1.0461302e+00  9.46835e-01
1.0461451e+00  9.34165e-01
1.0461601e+00  9.47356e-01
1.0461750e+00  9.44524e-01
1.0461899e+00  9.53052e-01
1.0462048e+00  9.38621e-01
1.0462197e+00  9.29910e-01
1.0462346e+00  9.22227e-01
1.0462496e+00  9.43474e-01
1.0462645e+00  9.45934e-01
1.0462794e+00  9.43979e-01
1.0462943e+00  9.58563e-01
1.0463092e+00  9.40168e-01
1.0463241e+00  9.48299e-01
1.0463390e+00  9.35895e-01
1.0463540e+00  9.15315e-01
1.0463689e+00  9.44231e-01
1.0463838e+00  9.19219e-01
1.0463987e+00  9.30992e-01
1.0464136e+00  9.38423e-01
1.0464285e+00  9.31259e-01
1.0464436e+00  9.53702e-01
1.0464585e+00  9.60547e-01
1.0464734e+00  9.59356e-01
1.0464883e+00  9.75765e-01
1.0465032e+00  9.70187e-01
1.0465181e+00  9.82307e-01
1.0465331e+00  9.77854e-01
1.0465480e+00  1.00604e+00
1.0465629e+00  9.95769e-01
1.0465778e+00  1.00052e+00
1.0465927e+00  9.98643e-01
1.0466076e+00  9.96429e-01
1.0466225e+00  9.91864e-01
1.0466375e+00  9.73558e-01
1.0466524e+00  9.97864e-01
1.0466673e+00  9.78114e-01
1.0466822e+00  9.85922e-01
1.0466971e+00  9.83482e-01
1.0467120e+00  1.00899e+00
1.0467270e+00  1.01111e+00
1.0467419e+00  1.03056e+00
1.0467568e+00  1.01070e+00
1.0467717e+00  1.01999e+00
1.0467866e+00  1.03490e+00
1.0468015e+00  1.01285e+00
1.0468166e+00  1.01119e+00
1.0468315e+00  1.01766e+00
1.0468464e+00  1.00461e+00
1.0468613e+00  1.01627e+00
1.0468762e+00  1.00841e+00
1.0468911e+00  1.01603e+00
1.0469060e+00  1.02623e+00
1.0469210e+00  1.00833e+00
1.0469359e+00  1.00417e+00
1.0469508e+00  9.75257e-01
1.0469657e+00  9.70088e-01
1.0469806e+00  9.67786e-01
1.0469955e+00  9.78125e-01
1.0470105e+00  9.81935e-01
1.0470254e+00  9.69855e-01
1.0470403e+00  9.68863e-01
1.0470552e+00  9.85426e-01
1.0470701e+00  9.89535e-01
1.0470850e+00  9.69638e-01
1.0471000e+00  9.82667e-01
1.0471149e+00  9.82314e-01
1.0471298e+00  9.92638e-01
1.0471447e+00  1.02306e+00
1.0471596e+00  1.00803e+00
1.0471746e+00  1.00508e+00
1.0471895e+00  1.02140e+00
1.0472046e+00  9.89340e-01
1.0472195e+00  9.96239e-01
1.0472344e+00  9.80700e-01
1.0472493e+00  9.76535e-01
1.0472642e+00  9.81996e-01
1.0472791e+00  9.74984e-01
1.0472941e+00  9.92895e-01
1.0473090e+00  9.89861e-01
1.0473239e+00  1.01035e+00
1.0473388e+00  9.84813e-01
1.0473537e+00  1.01502e+00
1.0473686e+00  1.00355e+00
1.0473836e+00  1.01395e+00
1.0473985e+00  9.92164e-01
1.0474134e+00  9.70696e-01
1.0474283e+00  9.82225e-01
1.0474432e+00  9.73653e-01
1.0474581e+00  9.80402e-01
1.0474730e+00  9.85687e-01
1.0474880e+00  9.90803e-01
1.0475030e+00  9.88161e-01
1.0475179e+00  9.72745e-01
1.0475328e+00  9.88630e-01
1.0475477e+00  1.00903e+00
1.0475626e+00  9.90214e-01
1.0475776e+00  9.83435e-01
1.0475925e+00  1.00872e+00
1.0476074e+00  9.95180e-01
1.0476223e+00  9.87226e-01
1.0476372e+00  1.01888e+00
1.0476521e+00  1.00445e+00
1.0476671e+00  1.00459e+00
1.0476820e+00  1.01844e+00
1.0476969e+00  1.00787e+00
1.0477118e+00  9.96298e-01
1.0477267e+00  9.87454e-01
1.0477416e+00  1.00727e+00
1.0477565e+00  9.86486e-01
1.0477715e+00  9.78254e-01
1.0477864e+00  9.76579e-01
1.0478013e+00  9.86526e-01
1.0478162e+00  1.00911e+00
1.0478311e+00  1.00141e+00
1.0478460e+00  9.67101e-01
1.0478611e+00  9.71563e-01
1.0478760e+00  9.79036e-01
1.0478909e+00  9.75435e-01
1.0479058e+00  9.83505e-01
1.0479207e+00  9.74914e-01
1.0479356e+00  9.81445e-01
1.0479506e+00  9.88315e-01
1.0479655e+00  1.01068e+00
1.0479804e+00  9.90937e-01
1.0479953e+00  9.78943e-01
1.0480102e+00  9.92118e-01
1.0480251e+00  9.68121e-01
1.0480400e+00  9.82606e-01
1.0480550e+00  1.01211e+00
1.0480699e+00  9.92072e-01
1.0480848e+00  9.95593e-01
1.0480997e+00  9.90084e-01
1.0481146e+00  9.66825e-01
1.0481295e+00  9.48168e-01
1.0481445e+00  9.57100e-01
1.0481594e+00  9.99133e-01
1.0481743e+00  9.74356e-01
1.0481892e+00  9.52412e-01
1.0482041e+00  9.60761e-01
1.0482190e+00  9.54492e-01
1.0482341e+00  9.77514e-01
1.0482490e+00  9.83547e-01
1.0482639e+00  9.64829e-01
1.0482788e+00  9.80759e-01
1.0482937e+00  9.84328e-01
1.0483086e+00  9.91973e-01
1.0483235e+00  9.77339e-01
1.0483385e+00  1.00032e+00
1.0483534e+00  9.74085e-01
1.0483683e+00  9.73975e-01
1.0483832e+00  9.79379e-01
1.0483981e+00  9.67682e-01
1.0484130e+00  9.87098e-01
1.0484280e+00  9.83154e-01
1.0484429e+00  9.83472e-01
1.0484578e+00  9.83886e-01
1.0484727e+00  9.89981e-01
1.0484876e+00  9.81706e-01
1.0485025e+00  9.79437e-01
1.0485175e+00  1.00025e+00
1.0485324e+00  9.78701e-01
1.0485473e+00  9.70040e-01
1.0485622e+00  9.86316e-01
1.0485771e+00  1.00835e+00
1.0485920e+00  1.02924e+00
1.0486069e+00  9.73214e-01
1.0486220e+00  9.49731e-01
1.0486369e+00  9.70379e-01
1.0486518e+00  9.54264e-01
1.0486667e+00  9.89097e-01
1.0486816e+00  9.70742e-01
1.0486965e+00  9.83963e-01
1.0487115e+00  9.68524e-01
1.0487264e+00  9.52484e-01
1.0487413e+00  9.84687e-01
1.0487562e+00  9.74922e-01
1.0487711e+00  9.85738e-01
1.0487860e+00  9.85358e-01
1.0488010e+00  9.85203e-01
1.0488159e+00  9.81890e-01
1.0488308e+00  9.62988e-01
1.0488457e+00  9.60901e-01
1.0488606e+00  9.63132e-01
1.0488755e+00  9.85590e-01
1.0488904e+00  9.55793e-01
1.0489054e+00  9.36887e-01
1.0489203e+00  9.61894e-01
1.0489352e+00  9.51427e-01
1.0489502e+00  9.47893e-01
1.0489651e+00  9.81887e-01
1.0489800e+00  9.60845e-01
1.0489950e+00  9.62719e-01
1.0490099e+00  9.79425e-01
1.0490248e+00  9.85400e-01
1.0490397e+00  9.80213e-01
1.0490546e+00  9.60858e-01
1.0490695e+00  9.63616e-01
1.0490845e+00  9.78024e-01
1.0490994e+00  9.71202e-01
1.0491143e+00  9.66668e-01
1.0491293e+00  1.00354e+00
1.0491442e+00  9.73177e-01
1.0491591e+00  9.63998e-01
1.0491740e+00  9.82900e-01
1.0491890e+00  9.67776e-01
1.0492039e+00  9.39334e-01
1.0492188e+00  9.97370e-01
1.0492337e+00  9.74251e-01
1.0492486e+00  9.83308e-01
1.0492635e+00  9.70216e-01
1.0492786e+00  9.82645e-01
1.0492935e+00  9.60267e-01
1.0493084e+00  9.79745e-01
1.0493233e+00  9.88259e-01
1.0493382e+00  9.92469e-01
1.0493531e+00  1.00431e+00
1.0493681e+00  9.97499e-01
1.0493830e+00  9.82524e-01
1.0493979e+00  9.60562e-01
1.0494128e+00  9.64617e-01
1.0494277e+00  9.76085e-01
1.0494426e+00  9.83957e-01
1.0494575e+00  9.97987e-01
1.0494725e+00  9.80379e-01
1.0494874e+00  9.87243e-01
1.0495023e+00  9.93850e-01
1.0495172e+00  9.88129e-01
1.0495321e+00  9.82709e-01
1.0495470e+00  9.95838e-01
1.0495620e+00  1.01234e+00
1.0495769e+00  9.95758e-01
1.0495918e+00  9.76936e-01
1.0496067e+00  9.86475e-01
1.0496216e+00  9.49282e-01
1.0496365e+00  9.67215e-01
1.0496516e+00  9.62244e-01
1.0496665e+00  9.68662e-01
1.0496814e+00  9.40150e-01
1.0496963e+00  9.31287e-01
1.0497112e+00  9.40350e-01
1.0497261e+00  9.51259e-01
1.0497410e+00  9.35859e-01
1.0497560e+00  9.40175e-01
1.0497709e+00  9.34521e-01
1.0497858e+00  9.50539e-01
1.0498007e+00  9.79183e-01
1.0498156e+00  9.40204e-01
1.0498305e+00  9.77898e-01
1.0498455e+00  9.67800e-01
1.0498604e+00  9.51037e-01
1.0498753e+00  9.67226e-01
1.0498902e+00  9.55129e-01
1.0499051e+00  9.68185e-01
1.0499200e+00  1.00721e+00
1.0499350e+00  9.60424e-01
1.0499499e+00  9.43875e-01
1.0499648e+00  9.66533e-01
1.0499797e+00  9.72280e-01
1.0499946e+00  9.85833e-01
1.0500095e+00  9.68060e-01
1.0500244e+00  9.11505e-01
1.0500395e+00  9.36525e-01
1.0500544e+00  9.67182e-01
1.0500693e+00  9.61932e-01
1.0500842e+00  9.62686e-01
1.0500991e+00  9.91144e-01
1.0501140e+00  9.88499e-01
1.0501290e+00  9.94582e-01
1.0501439e+00  1.01902e+00
1.0501588e+00  9.55676e-01
1.0501737e+00  9.64106e-01
1.0501886e+00  9.90516e-01
1.0502035e+00  9.97972e-01
1.0502185e+00  1.00008e+00
1.0502334e+00  9.97713e-01
1.0502483e+00  9.78850e-01
1.0502632e+00  9.62424e-01
1.0502781e+00  1.00193e+00
1.0502930e+00  1.00031e+00
1.0503079e+00  1.00854e+00
1.0503229e+00  9.70688e-01
1.0503378e+00  9.85906e-01
1.0503527e+00  9.95945e-01
1.0503676e+00  9.91392e-01
1.0503826e+00  9.82488e-01
1.0503975e+00  9.76992e-01
1.0504125e+00  9.89525e-01
1.0504274e+00  1.01861e+00
1.0504423e+00  1.01926e+00
1.0504572e+00  9.94429e-01
1.0504721e+00  9.94366e-01
1.0504870e+00  9.76439e-01
1.0505020e+00  1.00639e+00
1.0505169e+00  1.00265e+00
1.0505318e+00  9.69460e-01
1.0505467e+00  9.57728e-01
1.0505616e+00  9.81708e-01
1.0505765e+00  9.79335e-01
1.0505914e+00  9.90618e-01
1.0506064e+00  9.75079e-01
1.0506213e+00  9.65186e-01
1.0506362e+00  9.93797e-01
1.0506511e+00  9.93291e-01
1.0506660e+00  9.77443e-01
1.0506809e+00  9.93620e-01
1.0506960e+00  1.00000e+00
1.0507109e+00  9.93072e-01
1.0507258e+00  9.99490e-01
1.0507407e+00  1.01650e+00
1.0507556e+00  1.00275e+00
1.0507705e+00  9.88520e-01
1.0507855e+00  9.81415e-01
1.0508004e+00  9.37616e-01
1.0508153e+00  9.63556e-01
1.0508302e+00  9.93212e-01
1.0508451e+00  9.82783e-01
1.0508600e+00  9.58449e-01
1.0508749e+00  9.72538e-01
1.0508899e+00  1.00996e+00
1.0509048e+00  1.01620e+00
1.0509197e+00  9.71092e-01
1.0509346e+00  9.40127e-01
1.0509495e+00  9.69707e-01
1.0509644e+00  9.93364e-01
1.0509794e+00  9.64639e-01
1.0509943e+00  9.76401e-01
1.0510092e+00  9.81758e-01
1.0510241e+00  9.33666e-01
1.0510390e+00  9.49014e-01
1.0510539e+00  9.29326e-01
1.0510690e+00  9.50038e-01
1.0510840e+00  9.54699e-01
1.0510989e+00  9.02034e-01
1.0511138e+00  9.53799e-01
1.0511287e+00  9.72753e-01
1.0511436e+00  9.77290e-01
1.0511586e+00  9.67425e-01
1.0511735e+00  9.56356e-01
1.0511884e+00  9.47346e-01
1.0512033e+00  9.69254e-01
1.0512182e+00  9.97424e-01
1.0512331e+00  9.92977e-01
1.0512480e+00  9.64237e-01
1.0512630e+00  9.71107e-01
1.0512779e+00  9.81662e-01
1.0512928e+00  9.35263e-01
1.0513077e+00  9.45607e-01
1.0513226e+00  9.43343e-01
1.0513375e+00  9.66094e-01
1.0513525e+00  9.89129e-01
1.0513674e+00  9.38933e-01
1.0513823e+00  9.35139e-01
1.0513972e+00  9.74863e-01
1.0514121e+00  9.95161e-01
1.0514270e+00  9.96607e-01
1.0514421e+00  9.34972e-01
1.0514570e+00  9.99288e-01
1.0514719e+00  9.89029e-01
1.0514868e+00  9.63049e-01
1.0515017e+00  9.66557e-01
1.0515166e+00  9.88005e-01
1.0515315e+00  9.78530e-01
