Normalization-constant  4.27488e+03
lambda         flux
1.0363588e+00  1.01844e+00
1.0363737e+00  1.00931e+00
1.0363886e+00  1.00389e+00
1.0364035e+00  1.02153e+00
1.0364186e+00  9.99065e-01
1.0364335e+00  9.85682e-01
1.0364484e+00  1.00021e+00
1.0364633e+00  9.78314e-01
1.0364783e+00  1.02220e+00
1.0364932e+00  1.00773e+00
1.0365081e+00  9.83453e-01
1.0365230e+00  9.93049e-01
1.0365380e+00  9.94177e-01
1.0365529e+00  9.87191e-01
1.0365678e+00  9.94853e-01
1.0365827e+00  1.00496e+00
1.0365976e+00  9.91013e-01
1.0366126e+00  1.00651e+00
1.0366275e+00  1.01607e+00
1.0366424e+00  1.01512e+00
1.0366573e+00  1.02850e+00
1.0366724e+00  1.00850e+00
1.0366873e+00  1.00415e+00
1.0367022e+00  1.00443e+00
1.0367171e+00  9.92017e-01
1.0367321e+00  1.01372e+00
1.0367470e+00  9.96994e-01
1.0367619e+00  1.00263e+00
1.0367768e+00  1.01627e+00
1.0367918e+00  1.01706e+00
1.0368067e+00  9.82222e-01
1.0368216e+00  1.00201e+00
1.0368365e+00  9.94430e-01
1.0368515e+00  1.00489e+00
1.0368664e+00  1.01422e+00
1.0368813e+00  1.02287e+00
1.0368962e+00  1.01386e+00
1.0369112e+00  1.02208e+00
1.0369261e+00  1.03774e+00
1.0369411e+00  1.01163e+00
1.0369560e+00  9.82922e-01
1.0369710e+00  1.01426e+00
1.0369859e+00  1.01303e+00
1.0370008e+00  1.01302e+00
1.0370157e+00  1.01147e+00
1.0370307e+00  1.01001e+00
1.0370456e+00  9.87410e-01
1.0370605e+00  9.93893e-01
1.0370754e+00  9.63322e-01
1.0370903e+00  9.48146e-01
1.0371053e+00  9.94853e-01
1.0371202e+00  9.75764e-01
1.0371351e+00  9.86506e-01
1.0371500e+00  1.00837e+00
1.0371650e+00  1.01238e+00
1.0371799e+00  9.88852e-01
1.0371948e+00  1.00700e+00
1.0372097e+00  1.00410e+00
1.0372248e+00  9.90201e-01
1.0372397e+00  1.00830e+00
1.0372546e+00  1.01413e+00
1.0372695e+00  9.92170e-01
1.0372845e+00  1.00025e+00
1.0372994e+00  1.01795e+00
1.0373143e+00  9.95519e-01
1.0373292e+00  1.02071e+00
1.0373442e+00  1.02843e+00
1.0373591e+00  9.95707e-01
1.0373740e+00  1.00308e+00
1.0373889e+00  9.91797e-01
1.0374039e+00  9.98506e-01
1.0374188e+00  9.99350e-01
1.0374337e+00  9.88239e-01
1.0374486e+00  9.84461e-01
1.0374637e+00  9.82986e-01
1.0374786e+00  9.81747e-01
1.0374935e+00  9.75773e-01
1.0375084e+00  9.73991e-01
1.0375233e+00  9.90372e-01
1.0375383e+00  1.00488e+00
1.0375532e+00  9.92171e-01
1.0375681e+00  9.81037e-01
1.0375830e+00  9.82757e-01
1.0375980e+00  9.88715e-01
1.0376129e+00  9.94103e-01
1.0376278e+00  9.81973e-01
1.0376427e+00  9.86586e-01
1.0376577e+00  1.00133e+00
1.0376726e+00  1.00282e+00
1.0376875e+00  1.01354e+00
1.0377024e+00  1.00918e+00
1.0377175e+00  1.02719e+00
1.0377324e+00  1.01071e+00
1.0377473e+00  1.02207e+00
1.0377622e+00  1.00280e+00
1.0377772e+00  1.00689e+00
1.0377921e+00  1.02286e+00
1.0378070e+00  1.02452e+00
1.0378219e+00  1.02469e+00
1.0378369e+00  1.01731e+00
1.0378518e+00  1.01343e+00
1.0378667e+00  1.02023e+00
1.0378816e+00  9.99782e-01
1.0378966e+00  1.00461e+00
1.0379115e+00  1.01032e+00
1.0379264e+00  1.01316e+00
1.0379413e+00  9.94746e-01
1.0379564e+00  9.92433e-01
1.0379713e+00  9.92146e-01
1.0379862e+00  9.90907e-01
1.0380011e+00  9.83849e-01
1.0380160e+00  9.87463e-01
1.0380310e+00  9.77608e-01
1.0380459e+00  9.77902e-01
1.0380608e+00  9.76195e-01
1.0380757e+00  9.79302e-01
1.0380907e+00  9.82829e-01
1.0381056e+00  9.81513e-01
1.0381205e+00  9.95530e-01
1.0381354e+00  9.86091e-01
1.0381504e+00  9.92548e-01
1.0381653e+00  9.80690e-01
1.0381802e+00  9.76525e-01
1.0381951e+00  9.67826e-01
1.0382102e+00  9.71381e-01
1.0382251e+00  9.80075e-01
1.0382400e+00  9.61991e-01
1.0382549e+00  9.71200e-01
1.0382699e+00  9.68312e-01
1.0382848e+00  9.73981e-01
1.0382997e+00  9.54535e-01
1.0383146e+00  9.79401e-01
1.0383296e+00  9.55658e-01
1.0383445e+00  9.66016e-01
1.0383594e+00  9.53906e-01
1.0383743e+00  9.57650e-01
1.0383893e+00  9.85509e-01
1.0384042e+00  9.87895e-01
1.0384191e+00  9.97029e-01
1.0384340e+00  9.83464e-01
1.0384489e+00  9.90919e-01
1.0384639e+00  9.87205e-01
1.0384789e+00  1.00028e+00
1.0384938e+00  1.00295e+00
1.0385087e+00  1.01796e+00
1.0385237e+00  1.01225e+00
1.0385386e+00  1.02083e+00
1.0385535e+00  1.01736e+00
1.0385684e+00  1.01459e+00
1.0385834e+00  1.01513e+00
1.0385983e+00  1.01965e+00
1.0386132e+00  1.02424e+00
1.0386281e+00  1.00421e+00
1.0386431e+00  1.01155e+00
1.0386580e+00  1.01783e+00
1.0386729e+00  1.03371e+00
1.0386878e+00  1.02704e+00
1.0387028e+00  1.07885e+00
1.0387177e+00  1.06519e+00
1.0387326e+00  1.03184e+00
1.0387475e+00  1.03450e+00
1.0387626e+00  1.01179e+00
1.0387775e+00  1.01385e+00
1.0387924e+00  1.02465e+00
1.0388073e+00  1.01212e+00
1.0388223e+00  1.01331e+00
1.0388372e+00  1.01257e+00
1.0388521e+00  1.02239e+00
1.0388670e+00  1.00995e+00
1.0388820e+00  1.00541e+00
1.0388969e+00  1.00822e+00
1.0389118e+00  1.00297e+00
1.0389267e+00  1.01153e+00
1.0389416e+00  1.01640e+00
1.0389566e+00  1.00323e+00
1.0389715e+00  1.01129e+00
1.0389864e+00  1.01172e+00
1.0390013e+00  1.01314e+00
1.0390164e+00  1.01757e+00
1.0390313e+00  1.01828e+00
1.0390462e+00  1.01498e+00
1.0390611e+00  1.01035e+00
1.0390761e+00  1.01569e+00
1.0390910e+00  1.01079e+00
1.0391059e+00  1.00482e+00
1.0391208e+00  1.02107e+00
1.0391358e+00  1.02180e+00
1.0391507e+00  1.00634e+00
1.0391656e+00  1.01797e+00
1.0391805e+00  1.05214e+00
1.0391955e+00  1.02594e+00
1.0392104e+00  1.01021e+00
1.0392253e+00  1.01131e+00
1.0392402e+00  1.01933e+00
1.0392553e+00  1.06734e+00
1.0392702e+00  1.00327e+00
1.0392851e+00  1.00202e+00
1.0393000e+00  1.01132e+00
1.0393150e+00  1.01069e+00
1.0393299e+00  1.01094e+00
1.0393448e+00  1.01470e+00
1.0393597e+00  1.01897e+00
1.0393746e+00  1.03605e+00
1.0393896e+00  1.00769e+00
1.0394045e+00  9.98617e-01
1.0394194e+00  1.00277e+00
1.0394343e+00  1.01175e+00
1.0394493e+00  1.00592e+00
1.0394642e+00  1.01658e+00
1.0394791e+00  1.06577e+00
1.0394940e+00  1.03009e+00
1.0395091e+00  1.00748e+00
1.0395240e+00  9.98701e-01
1.0395389e+00  1.00735e+00
1.0395538e+00  1.00983e+00
1.0395688e+00  1.00774e+00
1.0395837e+00  1.01803e+00
1.0395986e+00  1.01066e+00
1.0396135e+00  1.00313e+00
1.0396285e+00  9.85054e-01
1.0396434e+00  9.87757e-01
1.0396583e+00  9.86901e-01
1.0396732e+00  9.96047e-01
1.0396882e+00  9.79029e-01
1.0397031e+00  9.77079e-01
1.0397180e+00  9.68764e-01
1.0397329e+00  9.67995e-01
1.0397480e+00  9.72965e-01
1.0397629e+00  9.61936e-01
1.0397778e+00  9.59152e-01
1.0397927e+00  9.78595e-01
1.0398077e+00  9.69116e-01
1.0398226e+00  9.58412e-01
1.0398375e+00  9.64143e-01
1.0398524e+00  9.72588e-01
1.0398673e+00  9.61518e-01
1.0398823e+00  9.60088e-01
1.0398972e+00  9.60470e-01
1.0399121e+00  9.54807e-01
1.0399270e+00  9.47044e-01
1.0399420e+00  9.42316e-01
1.0399569e+00  9.41266e-01
1.0399718e+00  9.45564e-01
1.0399867e+00  9.49088e-01
1.0400017e+00  9.58370e-01
1.0400167e+00  9.61881e-01
1.0400316e+00  9.67277e-01
1.0400465e+00  9.63873e-01
1.0400615e+00  9.62860e-01
1.0400764e+00  9.90645e-01
1.0400913e+00  1.02636e+00
1.0401062e+00  1.03096e+00
1.0401212e+00  9.91916e-01
1.0401361e+00  9.70861e-01
1.0401510e+00  9.70674e-01
1.0401659e+00  9.83289e-01
1.0401809e+00  9.81942e-01
1.0401958e+00  9.92706e-01
1.0402107e+00  9.98906e-01
1.0402256e+00  9.93400e-01
1.0402406e+00  1.00992e+00
1.0402555e+00  1.00265e+00
1.0402704e+00  1.00932e+00
1.0402853e+00  1.01490e+00
1.0403002e+00  1.01260e+00
1.0403153e+00  1.01663e+00
1.0403302e+00  1.02536e+00
1.0403451e+00  1.01912e+00
1.0403600e+00  1.02242e+00
1.0403750e+00  1.00979e+00
1.0403899e+00  1.01646e+00
1.0404048e+00  1.02748e+00
1.0404197e+00  1.02411e+00
1.0404347e+00  1.01964e+00
1.0404496e+00  1.02284e+00
1.0404645e+00  1.02176e+00
1.0404794e+00  1.02900e+00
1.0404944e+00  1.03910e+00
1.0405093e+00  1.03784e+00
1.0405242e+00  1.04789e+00
1.0405391e+00  1.03911e+00
1.0405542e+00  1.04662e+00
1.0405691e+00  1.03387e+00
1.0405840e+00  1.04903e+00
1.0405989e+00  1.03502e+00
1.0406139e+00  1.03728e+00
1.0406288e+00  1.03717e+00
1.0406437e+00  1.03502e+00
1.0406586e+00  1.03183e+00
1.0406736e+00  1.03947e+00
1.0406885e+00  1.04870e+00
1.0407034e+00  1.03680e+00
1.0407183e+00  1.02992e+00
1.0407333e+00  1.04014e+00
1.0407482e+00  1.03443e+00
1.0407631e+00  1.03321e+00
1.0407780e+00  1.02239e+00
1.0407929e+00  1.03667e+00
1.0408080e+00  1.02989e+00
1.0408229e+00  1.03609e+00
1.0408378e+00  1.03146e+00
1.0408527e+00  1.03671e+00
1.0408677e+00  1.03245e+00
1.0408826e+00  1.02961e+00
1.0408975e+00  1.02155e+00
1.0409124e+00  1.02830e+00
1.0409274e+00  1.03306e+00
1.0409423e+00  1.04438e+00
1.0409572e+00  1.04542e+00
1.0409721e+00  1.02473e+00
1.0409871e+00  9.91520e-01
1.0410020e+00  1.02542e+00
1.0410169e+00  1.03453e+00
1.0410318e+00  1.01935e+00
1.0410469e+00  1.03757e+00
1.0410618e+00  1.07364e+00
1.0410767e+00  1.05599e+00
1.0410916e+00  1.04018e+00
1.0411066e+00  1.03109e+00
1.0411215e+00  1.03468e+00
1.0411364e+00  1.03289e+00
1.0411513e+00  1.02949e+00
1.0411663e+00  1.02733e+00
1.0411812e+00  1.02788e+00
1.0411961e+00  1.02922e+00
1.0412110e+00  1.02556e+00
1.0412259e+00  1.02246e+00
1.0412409e+00  1.02990e+00
1.0412558e+00  1.03932e+00
1.0412707e+00  1.02301e+00
1.0412856e+00  1.03342e+00
1.0413007e+00  1.02911e+00
1.0413156e+00  1.02228e+00
1.0413305e+00  1.01668e+00
1.0413454e+00  1.02311e+00
1.0413604e+00  1.02929e+00
1.0413753e+00  1.03612e+00
1.0413902e+00  1.03876e+00
1.0414051e+00  1.03026e+00
1.0414201e+00  1.01874e+00
1.0414350e+00  1.03436e+00
1.0414499e+00  1.03906e+00
1.0414648e+00  1.02774e+00
1.0414798e+00  1.02252e+00
1.0414947e+00  1.02535e+00
1.0415096e+00  1.02852e+00
1.0415245e+00  1.02529e+00
1.0415395e+00  9.99212e-01
1.0415545e+00  9.78441e-01
1.0415694e+00  1.02274e+00
1.0415843e+00  1.02645e+00
1.0415993e+00  1.02527e+00
1.0416142e+00  1.04172e+00
1.0416291e+00  1.04680e+00
1.0416440e+00  1.03743e+00
1.0416590e+00  1.02434e+00
1.0416739e+00  1.03384e+00
1.0416888e+00  1.03904e+00
1.0417037e+00  1.03997e+00
1.0417186e+00  1.03900e+00
1.0417336e+00  1.03658e+00
1.0417485e+00  1.02318e+00
1.0417634e+00  1.02976e+00
1.0417783e+00  1.04142e+00
1.0417933e+00  1.03760e+00
1.0418082e+00  1.04746e+00
1.0418231e+00  1.04231e+00
1.0418380e+00  1.04562e+00
1.0418531e+00  1.04425e+00
1.0418680e+00  1.04121e+00
1.0418829e+00  1.02341e+00
1.0418978e+00  1.02321e+00
1.0419128e+00  1.02562e+00
1.0419277e+00  1.02649e+00
1.0419426e+00  1.01642e+00
1.0419575e+00  1.02045e+00
1.0419725e+00  1.02169e+00
1.0419874e+00  1.03710e+00
1.0420023e+00  1.03551e+00
1.0420172e+00  1.02532e+00
1.0420322e+00  1.02349e+00
1.0420471e+00  1.02436e+00
1.0420620e+00  1.03399e+00
1.0420769e+00  1.03265e+00
1.0420920e+00  1.02460e+00
1.0421069e+00  1.02418e+00
1.0421218e+00  1.02276e+00
1.0421367e+00  1.02517e+00
1.0421516e+00  1.03706e+00
1.0421666e+00  1.02610e+00
1.0421815e+00  1.02594e+00
1.0421964e+00  1.02908e+00
1.0422113e+00  1.01892e+00
1.0422263e+00  1.00864e+00
1.0422412e+00  1.01490e+00
1.0422561e+00  1.00697e+00
1.0422710e+00  1.01087e+00
1.0422860e+00  1.00787e+00
1.0423009e+00  1.00933e+00
1.0423158e+00  1.01185e+00
1.0423307e+00  9.99824e-01
1.0423458e+00  9.90519e-01
1.0423607e+00  9.93007e-01
1.0423756e+00  9.95820e-01
1.0423905e+00  1.01081e+00
1.0424055e+00  1.03934e+00
1.0424204e+00  9.94376e-01
1.0424353e+00  1.00774e+00
1.0424502e+00  1.00209e+00
1.0424652e+00  9.95942e-01
1.0424801e+00  9.88992e-01
1.0424950e+00  9.90476e-01
1.0425099e+00  9.96590e-01
1.0425249e+00  9.86500e-01
1.0425398e+00  9.89981e-01
1.0425547e+00  1.00200e+00
1.0425696e+00  1.00357e+00
1.0425847e+00  9.95659e-01
1.0425996e+00  9.93961e-01
1.0426145e+00  9.92469e-01
1.0426294e+00  1.00170e+00
1.0426443e+00  1.00245e+00
1.0426593e+00  9.95307e-01
1.0426742e+00  9.96421e-01
1.0426891e+00  9.87665e-01
1.0427040e+00  9.89163e-01
1.0427190e+00  9.85074e-01
1.0427339e+00  9.85283e-01
1.0427488e+00  9.90359e-01
1.0427637e+00  9.92364e-01
1.0427787e+00  9.90551e-01
1.0427936e+00  9.87776e-01
1.0428085e+00  9.83651e-01
1.0428234e+00  9.68034e-01
1.0428385e+00  9.80201e-01
1.0428534e+00  9.84678e-01
1.0428683e+00  9.76293e-01
1.0428832e+00  9.93014e-01
1.0428982e+00  9.90699e-01
1.0429131e+00  9.98868e-01
1.0429280e+00  9.97928e-01
1.0429429e+00  9.99179e-01
1.0429579e+00  1.00527e+00
1.0429728e+00  9.90916e-01
1.0429877e+00  1.01383e+00
1.0430026e+00  9.96389e-01
1.0430176e+00  9.99592e-01
1.0430325e+00  9.96876e-01
1.0430474e+00  1.00316e+00
1.0430623e+00  1.00327e+00
1.0430772e+00  1.01121e+00
1.0430923e+00  1.01205e+00
1.0431072e+00  1.01127e+00
1.0431221e+00  1.00766e+00
1.0431370e+00  9.90650e-01
1.0431520e+00  9.92833e-01
1.0431669e+00  9.93157e-01
1.0431818e+00  1.00489e+00
1.0431967e+00  1.01329e+00
1.0432117e+00  1.01021e+00
1.0432266e+00  1.01553e+00
1.0432415e+00  1.01246e+00
1.0432564e+00  1.02111e+00
1.0432714e+00  1.01063e+00
1.0432863e+00  1.01463e+00
1.0433012e+00  1.01464e+00
1.0433161e+00  1.01067e+00
1.0433311e+00  1.01739e+00
1.0433460e+00  1.01375e+00
1.0433609e+00  1.01522e+00
1.0433758e+00  1.01233e+00
1.0433909e+00  1.02375e+00
1.0434058e+00  1.02498e+00
1.0434207e+00  1.01832e+00
1.0434356e+00  1.02264e+00
1.0434506e+00  1.01786e+00
1.0434655e+00  1.02073e+00
1.0434804e+00  1.02641e+00
1.0434953e+00  1.02223e+00
1.0435102e+00  1.02404e+00
1.0435252e+00  1.02300e+00
1.0435401e+00  1.01701e+00
1.0435550e+00  1.02291e+00
1.0435699e+00  1.02233e+00
1.0435849e+00  1.00857e+00
1.0435998e+00  1.01554e+00
1.0436147e+00  1.03765e+00
1.0436296e+00  1.02922e+00
1.0436447e+00  1.03056e+00
1.0436596e+00  1.03019e+00
1.0436745e+00  1.02412e+00
1.0436894e+00  1.02186e+00
1.0437044e+00  1.02431e+00
1.0437193e+00  1.03360e+00
1.0437342e+00  1.02244e+00
1.0437491e+00  1.02078e+00
1.0437641e+00  1.03773e+00
1.0437790e+00  1.02744e+00
1.0437939e+00  1.02880e+00
1.0438088e+00  1.03902e+00
1.0438238e+00  1.04385e+00
1.0438387e+00  1.03960e+00
1.0438536e+00  1.03800e+00
1.0438685e+00  1.04151e+00
1.0438836e+00  1.04308e+00
1.0438985e+00  1.02600e+00
1.0439134e+00  1.03056e+00
1.0439283e+00  1.03393e+00
1.0439433e+00  1.03266e+00
1.0439582e+00  1.03529e+00
1.0439731e+00  1.04892e+00
1.0439880e+00  1.03367e+00
1.0440029e+00  1.03412e+00
1.0440179e+00  1.04100e+00
1.0440328e+00  1.04136e+00
1.0440477e+00  1.03743e+00
1.0440626e+00  1.03880e+00
1.0440776e+00  1.03475e+00
1.0440925e+00  1.03740e+00
1.0441074e+00  1.02520e+00
1.0441223e+00  1.04059e+00
1.0441374e+00  1.04183e+00
1.0441523e+00  1.03359e+00
1.0441672e+00  1.03966e+00
1.0441821e+00  1.03671e+00
1.0441971e+00  1.03787e+00
1.0442120e+00  1.02977e+00
1.0442269e+00  1.03287e+00
1.0442418e+00  1.03602e+00
1.0442568e+00  1.03807e+00
1.0442717e+00  1.04101e+00
1.0442866e+00  1.03392e+00
1.0443015e+00  1.03980e+00
1.0443165e+00  1.02314e+00
1.0443314e+00  1.02792e+00
1.0443463e+00  1.00739e+00
1.0443612e+00  1.01246e+00
1.0443763e+00  9.93203e-01
1.0443912e+00  1.01855e+00
1.0444061e+00  1.03828e+00
1.0444210e+00  1.04571e+00
1.0444360e+00  1.03938e+00
1.0444509e+00  1.03422e+00
1.0444658e+00  1.02913e+00
1.0444807e+00  1.03886e+00
1.0444956e+00  1.03404e+00
1.0445106e+00  1.03440e+00
1.0445255e+00  1.04271e+00
1.0445404e+00  1.08143e+00
1.0445553e+00  1.05660e+00
1.0445703e+00  1.03139e+00
1.0445852e+00  1.04273e+00
1.0446001e+00  1.04022e+00
1.0446150e+00  1.03499e+00
1.0446301e+00  1.03262e+00
1.0446450e+00  1.02625e+00
1.0446599e+00  1.02601e+00
1.0446748e+00  1.02637e+00
1.0446898e+00  1.02409e+00
1.0447047e+00  1.02967e+00
1.0447196e+00  1.04574e+00
1.0447345e+00  1.05590e+00
1.0447495e+00  1.04485e+00
1.0447644e+00  1.04544e+00
1.0447793e+00  1.03804e+00
1.0447942e+00  1.03490e+00
1.0448092e+00  1.03968e+00
1.0448241e+00  1.04605e+00
1.0448390e+00  1.04020e+00
1.0448539e+00  1.03563e+00
1.0448689e+00  1.04231e+00
1.0448838e+00  1.03293e+00
1.0448987e+00  1.04892e+00
1.0449136e+00  1.04587e+00
1.0449286e+00  1.04516e+00
1.0449436e+00  1.03142e+00
1.0449585e+00  1.02964e+00
1.0449734e+00  1.03262e+00
1.0449883e+00  1.04123e+00
1.0450033e+00  1.04202e+00
1.0450182e+00  1.04465e+00
1.0450331e+00  1.04614e+00
1.0450480e+00  1.04448e+00
1.0450630e+00  1.04346e+00
1.0450779e+00  1.03634e+00
1.0450928e+00  1.03211e+00
1.0451077e+00  1.04163e+00
1.0451227e+00  1.04661e+00
1.0451376e+00  1.04362e+00
1.0451525e+00  1.04533e+00
1.0451674e+00  1.05815e+00
1.0451825e+00  1.05887e+00
1.0451974e+00  1.05248e+00
1.0452123e+00  1.04102e+00
1.0452272e+00  1.04347e+00
1.0452422e+00  1.04311e+00
1.0452571e+00  1.04223e+00
1.0452720e+00  1.05152e+00
1.0452869e+00  1.05959e+00
1.0453019e+00  1.05787e+00
1.0453168e+00  1.06320e+00
1.0453317e+00  1.06300e+00
1.0453466e+00  1.06719e+00
1.0453615e+00  1.06322e+00
1.0453765e+00  1.06259e+00
1.0453914e+00  1.05919e+00
1.0454063e+00  1.05564e+00
1.0454212e+00  1.05432e+00
1.0454363e+00  1.06210e+00
1.0454512e+00  1.05610e+00
1.0454661e+00  1.05632e+00
1.0454810e+00  1.05820e+00
1.0454960e+00  1.06242e+00
1.0455109e+00  1.05319e+00
1.0455258e+00  1.05328e+00
1.0455407e+00  1.03094e+00
1.0455557e+00  1.03224e+00
1.0455706e+00  1.03505e+00
1.0455855e+00  1.04501e+00
1.0456004e+00  1.04232e+00
1.0456154e+00  1.04108e+00
1.0456303e+00  1.05050e+00
1.0456452e+00  1.06001e+00
1.0456601e+00  1.04896e+00
1.0456752e+00  1.05245e+00
1.0456901e+00  1.05243e+00
1.0457050e+00  1.04527e+00
1.0457199e+00  1.02659e+00
1.0457349e+00  1.03510e+00
1.0457498e+00  1.03526e+00
1.0457647e+00  1.03583e+00
1.0457796e+00  1.03862e+00
1.0457946e+00  1.04934e+00
1.0458095e+00  1.03854e+00
1.0458244e+00  1.03577e+00
1.0458393e+00  1.04484e+00
1.0458542e+00  1.02861e+00
1.0458692e+00  1.00195e+00
1.0458841e+00  1.02307e+00
1.0458990e+00  1.03446e+00
1.0459139e+00  1.02749e+00
1.0459290e+00  1.02599e+00
1.0459439e+00  1.02752e+00
1.0459588e+00  1.03008e+00
1.0459737e+00  1.02970e+00
1.0459887e+00  1.02673e+00
1.0460036e+00  1.01736e+00
1.0460185e+00  1.01284e+00
1.0460334e+00  1.00404e+00
1.0460484e+00  9.92198e-01
1.0460633e+00  9.87187e-01
1.0460782e+00  9.89885e-01
1.0460931e+00  9.90010e-01
1.0461081e+00  9.83087e-01
1.0461230e+00  9.81690e-01
1.0461379e+00  9.86219e-01
1.0461528e+00  9.92492e-01
1.0461678e+00  9.86576e-01
1.0461828e+00  9.85729e-01
1.0461977e+00  9.64395e-01
1.0462126e+00  9.78844e-01
1.0462276e+00  9.85018e-01
1.0462425e+00  9.87319e-01
1.0462574e+00  9.78239e-01
1.0462723e+00  9.70854e-01
1.0462873e+00  9.73942e-01
1.0463022e+00  9.74351e-01
1.0463171e+00  9.72024e-01
1.0463320e+00  9.71811e-01
1.0463469e+00  9.76154e-01
1.0463619e+00  9.76765e-01
1.0463768e+00  9.79629e-01
1.0463917e+00  9.75237e-01
1.0464066e+00  9.64585e-01
1.0464216e+00  9.66051e-01
1.0464365e+00  9.66688e-01
1.0464514e+00  9.82634e-01
1.0464663e+00  9.69199e-01
1.0464814e+00  9.63675e-01
1.0464963e+00  9.70347e-01
1.0465112e+00  9.82080e-01
1.0465261e+00  9.81833e-01
1.0465411e+00  9.95417e-01
1.0465560e+00  9.99335e-01
1.0465709e+00  1.00471e+00
1.0465858e+00  1.00494e+00
1.0466008e+00  1.00739e+00
1.0466157e+00  1.00291e+00
1.0466306e+00  1.00000e+00
1.0466455e+00  1.01430e+00
1.0466605e+00  1.01097e+00
1.0466754e+00  1.00647e+00
1.0466903e+00  1.00318e+00
1.0467052e+00  1.00923e+00
1.0467203e+00  1.01892e+00
1.0467352e+00  1.01429e+00
1.0467501e+00  1.00579e+00
1.0467650e+00  1.01125e+00
1.0467799e+00  1.01043e+00
1.0467949e+00  1.01006e+00
1.0468098e+00  1.00376e+00
1.0468247e+00  1.00617e+00
1.0468396e+00  1.01243e+00
1.0468546e+00  1.02088e+00
1.0468695e+00  1.01448e+00
1.0468844e+00  1.00875e+00
1.0468993e+00  1.01273e+00
1.0469143e+00  1.00511e+00
1.0469292e+00  9.92673e-01
1.0469441e+00  9.97832e-01
1.0469590e+00  9.97113e-01
1.0469741e+00  9.92088e-01
1.0469890e+00  9.95357e-01
1.0470039e+00  9.91926e-01
1.0470188e+00  9.87749e-01
1.0470338e+00  9.87338e-01
1.0470487e+00  9.86875e-01
1.0470636e+00  9.94689e-01
1.0470785e+00  9.88525e-01
1.0470935e+00  9.77404e-01
1.0471084e+00  9.83644e-01
1.0471233e+00  9.97927e-01
1.0471382e+00  9.92064e-01
1.0471532e+00  9.90652e-01
1.0471681e+00  9.89890e-01
1.0471830e+00  9.92967e-01
1.0471979e+00  9.85587e-01
1.0472128e+00  9.85209e-01
1.0472279e+00  9.75617e-01
1.0472428e+00  9.79898e-01
1.0472577e+00  9.91193e-01
1.0472726e+00  9.85517e-01
1.0472876e+00  9.81949e-01
1.0473025e+00  9.86913e-01
1.0473174e+00  9.82908e-01
1.0473323e+00  9.89775e-01
1.0473473e+00  9.86104e-01
1.0473622e+00  9.86314e-01
1.0473771e+00  9.91524e-01
1.0473920e+00  9.84807e-01
1.0474070e+00  9.94873e-01
1.0474219e+00  9.78885e-01
1.0474368e+00  9.10256e-01
1.0474517e+00  9.55147e-01
1.0474668e+00  9.71695e-01
1.0474817e+00  9.96199e-01
1.0474966e+00  9.94086e-01
1.0475115e+00  9.93335e-01
1.0475265e+00  9.89544e-01
1.0475414e+00  9.89126e-01
1.0475563e+00  9.98887e-01
1.0475712e+00  9.94024e-01
1.0475862e+00  1.00444e+00
1.0476011e+00  1.00773e+00
1.0476160e+00  9.97465e-01
1.0476309e+00  9.94705e-01
1.0476459e+00  9.98153e-01
1.0476608e+00  9.91083e-01
1.0476757e+00  9.91722e-01
1.0476906e+00  9.95273e-01
1.0477055e+00  1.00068e+00
1.0477206e+00  9.99505e-01
1.0477355e+00  9.97715e-01
1.0477504e+00  9.96441e-01
1.0477653e+00  9.94627e-01
1.0477803e+00  9.93837e-01
1.0477952e+00  9.83098e-01
1.0478101e+00  9.86222e-01
1.0478250e+00  9.86570e-01
1.0478400e+00  9.78829e-01
1.0478549e+00  9.79388e-01
1.0478698e+00  9.80551e-01
1.0478847e+00  9.79879e-01
1.0478997e+00  9.81413e-01
1.0479146e+00  9.87058e-01
1.0479295e+00  9.91800e-01
1.0479444e+00  9.82673e-01
1.0479594e+00  9.82664e-01
1.0479743e+00  9.71890e-01
1.0479892e+00  9.74311e-01
1.0480041e+00  9.67028e-01
1.0480192e+00  9.89945e-01
1.0480341e+00  9.83305e-01
1.0480490e+00  9.72321e-01
1.0480639e+00  9.66552e-01
1.0480789e+00  9.73082e-01
1.0480938e+00  9.91663e-01
1.0481087e+00  9.70628e-01
1.0481236e+00  9.67419e-01
1.0481386e+00  9.63160e-01
1.0481535e+00  9.56075e-01
1.0481684e+00  9.58718e-01
1.0481833e+00  9.59098e-01
1.0481982e+00  9.66408e-01
1.0482132e+00  9.72907e-01
1.0482281e+00  9.76069e-01
1.0482430e+00  9.81969e-01
1.0482579e+00  9.72830e-01
1.0482730e+00  9.69635e-01
1.0482879e+00  9.66327e-01
1.0483028e+00  9.70276e-01
1.0483177e+00  9.71858e-01
1.0483327e+00  9.64563e-01
1.0483476e+00  9.65667e-01
1.0483625e+00  9.69093e-01
1.0483774e+00  9.68930e-01
1.0483924e+00  9.67866e-01
1.0484073e+00  9.69210e-01
1.0484222e+00  9.73381e-01
1.0484371e+00  9.68806e-01
1.0484521e+00  9.81100e-01
1.0484670e+00  9.81163e-01
1.0484819e+00  9.77284e-01
1.0484968e+00  9.63501e-01
1.0485119e+00  9.74185e-01
1.0485268e+00  9.83099e-01
1.0485417e+00  9.78302e-01
1.0485566e+00  9.79789e-01
1.0485716e+00  9.74589e-01
1.0485865e+00  9.66660e-01
1.0486014e+00  9.59375e-01
1.0486163e+00  9.59136e-01
1.0486312e+00  9.62413e-01
1.0486462e+00  9.62558e-01
1.0486611e+00  9.68369e-01
1.0486760e+00  9.72901e-01
1.0486909e+00  9.80984e-01
1.0487059e+00  9.76101e-01
1.0487208e+00  9.69473e-01
1.0487357e+00  9.61806e-01
1.0487506e+00  9.67150e-01
1.0487657e+00  9.59432e-01
1.0487806e+00  9.62312e-01
1.0487955e+00  9.56113e-01
1.0488104e+00  9.56723e-01
1.0488254e+00  9.65034e-01
1.0488403e+00  9.61828e-01
1.0488552e+00  9.65022e-01
1.0488701e+00  9.65912e-01
1.0488851e+00  9.50069e-01
1.0489000e+00  9.56908e-01
1.0489149e+00  9.56825e-01
1.0489298e+00  9.49356e-01
1.0489448e+00  9.52044e-01
1.0489597e+00  9.58287e-01
1.0489746e+00  9.55129e-01
1.0489895e+00  9.56896e-01
1.0490046e+00  9.60015e-01
1.0490195e+00  9.61421e-01
1.0490344e+00  9.59559e-01
1.0490493e+00  9.60172e-01
1.0490642e+00  9.53632e-01
1.0490792e+00  9.47992e-01
1.0490941e+00  9.44566e-01
1.0491090e+00  9.53328e-01
1.0491239e+00  9.59597e-01
1.0491389e+00  9.53352e-01
1.0491538e+00  9.64108e-01
1.0491687e+00  9.74445e-01
1.0491836e+00  9.79800e-01
1.0491986e+00  9.66235e-01
1.0492135e+00  9.59512e-01
1.0492284e+00  9.53990e-01
1.0492433e+00  9.69392e-01
1.0492584e+00  9.67427e-01
1.0492733e+00  9.68839e-01
1.0492882e+00  9.70090e-01
1.0493031e+00  9.79502e-01
1.0493181e+00  9.72761e-01
1.0493330e+00  9.68782e-01
1.0493479e+00  9.71104e-01
1.0493628e+00  9.68456e-01
1.0493778e+00  9.66564e-01
1.0493927e+00  9.63368e-01
1.0494076e+00  9.72857e-01
1.0494225e+00  9.79962e-01
1.0494375e+00  9.79078e-01
1.0494524e+00  9.79068e-01
1.0494673e+00  9.78561e-01
1.0494822e+00  9.79895e-01
1.0494972e+00  9.82861e-01
1.0495121e+00  9.80091e-01
1.0495270e+00  9.77342e-01
1.0495419e+00  9.80523e-01
1.0495569e+00  9.64031e-01
1.0495719e+00  9.61975e-01
1.0495868e+00  9.64989e-01
1.0496017e+00  9.45481e-01
1.0496166e+00  9.49997e-01
1.0496316e+00  9.53876e-01
1.0496465e+00  9.51956e-01
1.0496614e+00  9.34852e-01
1.0496763e+00  9.31378e-01
1.0496913e+00  9.29442e-01
1.0497062e+00  9.35801e-01
1.0497211e+00  9.47316e-01
1.0497360e+00  9.46933e-01
1.0497510e+00  9.65256e-01
1.0497659e+00  9.54455e-01
1.0497808e+00  9.52734e-01
1.0497957e+00  9.36470e-01
1.0498108e+00  9.36607e-01
1.0498257e+00  9.46693e-01
1.0498406e+00  9.44584e-01
1.0498555e+00  9.46439e-01
1.0498705e+00  9.36471e-01
1.0498854e+00  9.39960e-01
1.0499003e+00  9.46368e-01
1.0499152e+00  9.47342e-01
1.0499302e+00  9.57158e-01
1.0499451e+00  9.67460e-01
1.0499600e+00  9.72601e-01
1.0499749e+00  9.75291e-01
1.0499898e+00  9.67979e-01
1.0500048e+00  9.55747e-01
1.0500197e+00  9.51562e-01
1.0500346e+00  9.62751e-01
1.0500495e+00  9.63199e-01
1.0500646e+00  9.59746e-01
1.0500795e+00  9.60135e-01
1.0500944e+00  9.63788e-01
1.0501093e+00  9.78422e-01
1.0501243e+00  9.72367e-01
1.0501392e+00  9.90375e-01
1.0501541e+00  9.85854e-01
1.0501690e+00  9.92182e-01
1.0501840e+00  9.88214e-01
1.0501989e+00  9.98588e-01
1.0502138e+00  9.97608e-01
1.0502287e+00  1.00739e+00
1.0502437e+00  9.93901e-01
1.0502586e+00  9.91455e-01
1.0502735e+00  9.91826e-01
1.0502884e+00  9.93277e-01
1.0503035e+00  9.82795e-01
1.0503184e+00  9.85922e-01
1.0503333e+00  9.96459e-01
1.0503482e+00  9.93302e-01
1.0503632e+00  9.90950e-01
1.0503781e+00  9.97169e-01
1.0503930e+00  9.81691e-01
1.0504079e+00  9.88849e-01
1.0504229e+00  9.96047e-01
1.0504378e+00  9.91990e-01
1.0504527e+00  9.92475e-01
1.0504676e+00  9.87925e-01
1.0504825e+00  9.85572e-01
1.0504975e+00  9.74958e-01
1.0505124e+00  9.85443e-01
1.0505273e+00  9.80594e-01
1.0505422e+00  9.81837e-01
1.0505573e+00  9.84883e-01
1.0505722e+00  9.82593e-01
1.0505871e+00  9.70655e-01
1.0506020e+00  9.76485e-01
1.0506170e+00  9.83235e-01
1.0506319e+00  9.82772e-01
1.0506468e+00  1.01356e+00
1.0506617e+00  9.96215e-01
1.0506767e+00  9.72316e-01
1.0506916e+00  9.68532e-01
1.0507065e+00  9.78416e-01
1.0507214e+00  9.62870e-01
1.0507364e+00  9.43872e-01
1.0507513e+00  9.63649e-01
1.0507662e+00  9.58169e-01
1.0507811e+00  9.69871e-01
1.0507962e+00  9.77900e-01
1.0508111e+00  9.70810e-01
1.0508260e+00  9.64004e-01
1.0508409e+00  9.59601e-01
1.0508559e+00  9.70653e-01
1.0508708e+00  9.74774e-01
1.0508857e+00  9.70503e-01
1.0509006e+00  9.70234e-01
1.0509155e+00  9.62984e-01
1.0509305e+00  9.64537e-01
1.0509454e+00  9.67759e-01
1.0509603e+00  9.55497e-01
1.0509752e+00  9.64580e-01
1.0509902e+00  9.63197e-01
1.0510051e+00  9.47496e-01
1.0510200e+00  9.49088e-01
1.0510349e+00  9.48003e-01
1.0510499e+00  9.37083e-01
1.0510648e+00  9.44932e-01
1.0510797e+00  9.46008e-01
1.0510947e+00  9.43286e-01
1.0511097e+00  9.47132e-01
1.0511246e+00  9.50335e-01
1.0511395e+00  9.42569e-01
1.0511544e+00  9.50979e-01
1.0511694e+00  9.49545e-01
1.0511843e+00  9.55171e-01
1.0511992e+00  9.51671e-01
1.0512141e+00  9.48633e-01
1.0512291e+00  9.52158e-01
1.0512440e+00  9.51891e-01
1.0512589e+00  9.43486e-01
1.0512738e+00  9.34371e-01
