Normalization-constant  9.16630e+03
lambda         flux
9.7046459e-01  9.77575e-01
9.7047854e-01  9.91515e-01
9.7049249e-01  1.00842e+00
9.7050643e-01  9.91065e-01
9.7052033e-01  9.89562e-01
9.7053428e-01  9.87297e-01
9.7054823e-01  9.75284e-01
9.7056217e-01  9.69191e-01
9.7057612e-01  9.53230e-01
9.7059007e-01  9.64450e-01
9.7060402e-01  9.37609e-01
9.7061796e-01  9.66761e-01
9.7063185e-01  9.51573e-01
9.7064580e-01  9.43514e-01
9.7065975e-01  9.49357e-01
9.7067370e-01  9.22240e-01
9.7068764e-01  9.24791e-01
9.7070159e-01  9.38930e-01
9.7071554e-01  9.25265e-01
9.7072948e-01  9.24625e-01
9.7074337e-01  8.91145e-01
9.7075732e-01  9.01470e-01
9.7077127e-01  9.11143e-01
9.7078523e-01  9.02059e-01
9.7079917e-01  8.98935e-01
9.7081312e-01  9.06562e-01
9.7082707e-01  1.01802e+00
9.7084102e-01  9.23221e-01
9.7085490e-01  9.47892e-01
9.7086885e-01  9.51957e-01
9.7088280e-01  9.35517e-01
9.7089675e-01  9.40485e-01
9.7091069e-01  9.32757e-01
9.7092464e-01  9.20817e-01
9.7093859e-01  9.24034e-01
9.7095254e-01  9.42168e-01
9.7096642e-01  9.15760e-01
9.7098037e-01  9.43708e-01
9.7099432e-01  9.63756e-01
9.7100827e-01  9.76183e-01
9.7102221e-01  9.92852e-01
9.7103616e-01  1.00769e+00
9.7105012e-01  1.02090e+00
9.7106407e-01  1.02451e+00
9.7107795e-01  9.98579e-01
9.7109190e-01  1.00727e+00
9.7110585e-01  9.96092e-01
9.7111980e-01  1.00775e+00
9.7113374e-01  1.01347e+00
9.7114769e-01  1.02364e+00
9.7116164e-01  1.01319e+00
9.7117559e-01  1.01710e+00
9.7118947e-01  1.01672e+00
9.7120342e-01  1.00095e+00
9.7121737e-01  1.00907e+00
9.7123132e-01  9.88114e-01
9.7124526e-01  9.93269e-01
9.7125921e-01  1.01551e+00
9.7127316e-01  1.01566e+00
9.7128711e-01  1.01604e+00
9.7130099e-01  1.01774e+00
9.7131495e-01  1.02220e+00
9.7132890e-01  1.00791e+00
9.7134285e-01  1.00742e+00
9.7135679e-01  1.00004e+00
9.7137074e-01  1.01677e+00
9.7138469e-01  1.01239e+00
9.7139864e-01  1.01338e+00
9.7141252e-01  1.01224e+00
9.7142647e-01  1.01520e+00
9.7144042e-01  1.01073e+00
9.7145437e-01  1.00852e+00
9.7146831e-01  1.01119e+00
9.7148226e-01  1.00651e+00
9.7149621e-01  1.00791e+00
9.7151016e-01  1.00664e+00
9.7152404e-01  1.00927e+00
9.7153799e-01  1.00782e+00
9.7155194e-01  1.02339e+00
9.7156590e-01  1.03032e+00
9.7157984e-01  1.00359e+00
9.7159379e-01  1.00212e+00
9.7160774e-01  1.00802e+00
9.7162169e-01  1.00398e+00
9.7163558e-01  1.01613e+00
9.7164952e-01  1.02317e+00
9.7166347e-01  1.01164e+00
9.7167742e-01  1.00756e+00
9.7169137e-01  1.01538e+00
9.7170531e-01  1.01234e+00
9.7171926e-01  9.99395e-01
9.7173321e-01  9.97803e-01
9.7174710e-01  1.00787e+00
9.7176104e-01  1.00305e+00
9.7177499e-01  1.00617e+00
9.7178894e-01  1.01122e+00
9.7180289e-01  1.01001e+00
9.7181683e-01  1.02243e+00
9.7183079e-01  9.62665e-01
9.7184474e-01  9.28969e-01
9.7185863e-01  9.53243e-01
9.7187257e-01  9.84771e-01
9.7188652e-01  9.88208e-01
9.7190047e-01  1.00757e+00
9.7191442e-01  9.96393e-01
9.7192836e-01  9.80264e-01
9.7194231e-01  9.89174e-01
9.7195620e-01  9.83954e-01
9.7197015e-01  9.74128e-01
9.7198409e-01  9.80691e-01
9.7199804e-01  9.85702e-01
9.7201199e-01  9.88873e-01
9.7202594e-01  9.78283e-01
9.7203988e-01  9.89322e-01
9.7205383e-01  9.87523e-01
9.7206772e-01  9.79363e-01
9.7208167e-01  9.87999e-01
9.7209562e-01  9.72069e-01
9.7210957e-01  9.87568e-01
9.7212352e-01  9.94280e-01
9.7213747e-01  1.00604e+00
9.7215141e-01  1.01715e+00
9.7216536e-01  1.00584e+00
9.7217925e-01  9.92769e-01
9.7219320e-01  9.95907e-01
9.7220714e-01  1.00119e+00
9.7222109e-01  9.86367e-01
9.7223504e-01  9.94529e-01
9.7224899e-01  9.86785e-01
9.7226293e-01  9.93904e-01
9.7227688e-01  9.94393e-01
9.7229077e-01  9.83272e-01
9.7230472e-01  9.84804e-01
9.7231866e-01  9.88255e-01
9.7233261e-01  9.94986e-01
9.7234656e-01  9.83248e-01
9.7236052e-01  9.89440e-01
9.7237446e-01  1.00499e+00
9.7238841e-01  1.00893e+00
9.7240230e-01  9.98453e-01
9.7241625e-01  9.98400e-01
9.7243019e-01  9.97458e-01
9.7244414e-01  9.91781e-01
9.7245809e-01  9.82423e-01
9.7247204e-01  9.98139e-01
9.7248598e-01  9.95145e-01
9.7249993e-01  9.93717e-01
9.7251382e-01  1.00235e+00
9.7252777e-01  9.89452e-01
9.7254171e-01  9.82447e-01
9.7255566e-01  9.87260e-01
9.7256961e-01  9.94850e-01
9.7258356e-01  9.85407e-01
9.7259750e-01  9.95005e-01
9.7261145e-01  9.94539e-01
9.7262535e-01  9.62678e-01
9.7263930e-01  9.78297e-01
9.7265325e-01  9.81560e-01
9.7266719e-01  9.84760e-01
9.7268114e-01  9.94610e-01
9.7269509e-01  9.91030e-01
9.7270904e-01  9.90496e-01
9.7272298e-01  9.94435e-01
9.7273687e-01  9.93598e-01
9.7275082e-01  9.95264e-01
9.7276477e-01  9.97866e-01
9.7277871e-01  9.87172e-01
9.7279266e-01  9.96420e-01
9.7280661e-01  1.00041e+00
9.7282056e-01  1.00748e+00
9.7283450e-01  9.82106e-01
9.7284839e-01  9.75156e-01
9.7286234e-01  9.70699e-01
9.7287629e-01  9.73053e-01
9.7289024e-01  9.67302e-01
9.7290419e-01  9.71668e-01
9.7291814e-01  9.62924e-01
9.7293209e-01  9.53356e-01
9.7294603e-01  9.48121e-01
9.7295992e-01  9.41866e-01
9.7297387e-01  9.22761e-01
9.7298782e-01  9.22449e-01
9.7300176e-01  9.22228e-01
9.7301571e-01  9.16656e-01
9.7302966e-01  9.08957e-01
9.7304361e-01  8.98343e-01
9.7305755e-01  9.10190e-01
9.7307144e-01  9.04728e-01
9.7308539e-01  8.95268e-01
9.7309934e-01  9.14964e-01
9.7311328e-01  9.14280e-01
9.7312723e-01  9.28446e-01
9.7314118e-01  9.39693e-01
9.7315514e-01  9.52855e-01
9.7316908e-01  9.51227e-01
9.7318297e-01  9.49849e-01
9.7319692e-01  9.52797e-01
9.7321087e-01  9.28626e-01
9.7322481e-01  9.24981e-01
9.7323876e-01  9.36155e-01
9.7325271e-01  9.40651e-01
9.7326666e-01  9.49490e-01
9.7328060e-01  9.59145e-01
9.7329449e-01  9.67372e-01
9.7330844e-01  9.92918e-01
9.7332239e-01  9.89790e-01
9.7333633e-01  9.55689e-01
9.7335028e-01  1.01196e+00
9.7336423e-01  9.94013e-01
9.7337818e-01  9.73484e-01
9.7339212e-01  9.64522e-01
9.7340602e-01  9.69156e-01
9.7341997e-01  9.71060e-01
9.7343392e-01  9.89236e-01
9.7344786e-01  1.01080e+00
9.7346181e-01  1.00613e+00
9.7347576e-01  9.89111e-01
9.7348971e-01  9.77771e-01
9.7350365e-01  9.67682e-01
9.7351754e-01  9.63681e-01
9.7353149e-01  9.76917e-01
9.7354544e-01  9.81268e-01
9.7355939e-01  9.88958e-01
9.7357333e-01  9.94715e-01
9.7358728e-01  9.72574e-01
9.7360123e-01  9.69178e-01
9.7361518e-01  9.74438e-01
9.7362906e-01  9.67369e-01
9.7364301e-01  9.58406e-01
9.7365696e-01  9.64444e-01
9.7367092e-01  9.75687e-01
9.7368486e-01  9.95275e-01
9.7369881e-01  1.00232e+00
9.7371276e-01  9.97022e-01
9.7372671e-01  9.95123e-01
9.7374059e-01  9.98682e-01
9.7375454e-01  9.85743e-01
9.7376849e-01  9.94135e-01
9.7378244e-01  1.01149e+00
9.7379638e-01  9.95164e-01
9.7381033e-01  9.07132e-01
9.7382428e-01  9.19900e-01
9.7383823e-01  9.51912e-01
9.7385211e-01  9.52171e-01
9.7386606e-01  9.59793e-01
9.7388001e-01  9.34780e-01
9.7389396e-01  9.39397e-01
9.7390790e-01  9.38492e-01
9.7392185e-01  9.71804e-01
9.7393581e-01  9.37226e-01
9.7394976e-01  9.20616e-01
9.7396364e-01  9.22853e-01
9.7397759e-01  9.35615e-01
9.7399154e-01  9.48831e-01
9.7400549e-01  9.52619e-01
9.7401943e-01  9.51211e-01
9.7403338e-01  9.48068e-01
9.7404733e-01  9.50365e-01
9.7406128e-01  9.49697e-01
9.7407516e-01  9.59901e-01
9.7408911e-01  9.63145e-01
9.7410306e-01  9.56423e-01
9.7411701e-01  9.63406e-01
9.7413095e-01  9.74336e-01
9.7414490e-01  9.63560e-01
9.7415885e-01  9.61375e-01
9.7417280e-01  9.63054e-01
9.7418668e-01  9.71200e-01
9.7420064e-01  9.74855e-01
9.7421459e-01  9.74119e-01
9.7422854e-01  9.78967e-01
9.7424248e-01  9.69210e-01
9.7425643e-01  9.68526e-01
9.7427038e-01  9.78173e-01
9.7428433e-01  9.80107e-01
9.7429821e-01  9.90238e-01
9.7431216e-01  9.89749e-01
9.7432611e-01  9.91332e-01
9.7434006e-01  9.96749e-01
9.7435400e-01  9.88915e-01
9.7436795e-01  9.72996e-01
9.7438190e-01  9.58899e-01
9.7439585e-01  9.52213e-01
9.7440973e-01  9.38804e-01
9.7442368e-01  9.40230e-01
9.7443763e-01  9.40840e-01
9.7445158e-01  9.46923e-01
9.7446553e-01  9.44637e-01
9.7447948e-01  9.59689e-01
9.7449343e-01  9.43930e-01
9.7450738e-01  9.36174e-01
9.7452127e-01  9.23944e-01
9.7453521e-01  9.05520e-01
9.7454916e-01  9.14273e-01
9.7456311e-01  9.12565e-01
9.7457706e-01  9.19306e-01
9.7459100e-01  9.23276e-01
9.7460495e-01  9.40193e-01
9.7461890e-01  9.47060e-01
9.7463279e-01  9.66348e-01
9.7464673e-01  9.53627e-01
9.7466068e-01  9.42673e-01
9.7467463e-01  9.43568e-01
9.7468858e-01  1.02807e+00
9.7470252e-01  9.49791e-01
9.7471647e-01  9.49400e-01
9.7473037e-01  9.48342e-01
9.7474432e-01  9.52884e-01
9.7475826e-01  9.45414e-01
9.7477221e-01  9.41283e-01
9.7478616e-01  9.42404e-01
9.7480011e-01  9.40401e-01
9.7481405e-01  9.50188e-01
9.7482800e-01  9.50996e-01
9.7484189e-01  9.62189e-01
9.7485584e-01  9.79654e-01
9.7486978e-01  9.90051e-01
9.7488373e-01  9.89061e-01
9.7489768e-01  9.86269e-01
9.7491163e-01  9.78986e-01
9.7492557e-01  9.81647e-01
9.7493952e-01  9.81396e-01
9.7495341e-01  9.90790e-01
9.7496736e-01  9.93301e-01
9.7498130e-01  9.96209e-01
9.7499526e-01  9.97813e-01
9.7500921e-01  9.91601e-01
9.7502316e-01  9.83223e-01
9.7503710e-01  9.78896e-01
9.7505105e-01  9.70186e-01
9.7506494e-01  9.64723e-01
9.7507889e-01  9.66287e-01
9.7509283e-01  9.74955e-01
9.7510678e-01  9.82717e-01
9.7512073e-01  9.95163e-01
9.7513468e-01  9.98155e-01
9.7514862e-01  1.00988e+00
9.7516257e-01  9.94459e-01
9.7517646e-01  9.87631e-01
9.7519041e-01  9.95015e-01
9.7520435e-01  1.02139e+00
9.7521830e-01  1.06137e+00
9.7523225e-01  1.01873e+00
9.7524621e-01  9.59375e-01
9.7526015e-01  9.82533e-01
9.7527410e-01  1.01324e+00
9.7528799e-01  1.06620e+00
9.7530194e-01  1.05548e+00
9.7531588e-01  9.98260e-01
9.7532983e-01  9.83680e-01
9.7534378e-01  9.78167e-01
9.7535773e-01  9.79411e-01
9.7537167e-01  9.87043e-01
9.7538562e-01  9.93996e-01
9.7539951e-01  9.94926e-01
9.7541346e-01  9.98065e-01
9.7542741e-01  9.85478e-01
9.7544135e-01  9.80586e-01
9.7545530e-01  9.74090e-01
9.7546925e-01  9.62819e-01
9.7548320e-01  9.67094e-01
9.7549714e-01  9.72980e-01
9.7551104e-01  9.86714e-01
9.7552499e-01  9.98307e-01
9.7553894e-01  1.00724e+00
9.7555288e-01  9.97351e-01
9.7556683e-01  9.94518e-01
9.7558078e-01  9.86540e-01
9.7559473e-01  9.71179e-01
9.7560867e-01  9.65419e-01
9.7562256e-01  9.71330e-01
9.7563651e-01  9.69316e-01
9.7565046e-01  9.90112e-01
9.7566440e-01  1.00164e+00
9.7567835e-01  9.62031e-01
9.7569230e-01  9.53196e-01
9.7570625e-01  9.69345e-01
9.7572019e-01  9.71461e-01
9.7573408e-01  9.75785e-01
9.7574803e-01  9.67979e-01
9.7576198e-01  9.72034e-01
9.7577593e-01  9.80396e-01
9.7578988e-01  9.84475e-01
9.7580383e-01  9.92304e-01
9.7581778e-01  9.85281e-01
9.7583172e-01  9.81513e-01
9.7584561e-01  9.95938e-01
9.7585956e-01  9.84218e-01
9.7587351e-01  9.89387e-01
9.7588745e-01  9.95806e-01
9.7590140e-01  9.89742e-01
9.7591535e-01  9.92338e-01
9.7592930e-01  1.00503e+00
9.7594324e-01  1.01265e+00
9.7595713e-01  1.00661e+00
9.7597108e-01  1.00051e+00
9.7598503e-01  9.97610e-01
9.7599897e-01  9.91445e-01
9.7601292e-01  9.91965e-01
9.7602687e-01  9.92567e-01
9.7604083e-01  9.94468e-01
9.7605477e-01  1.00422e+00
9.7606866e-01  9.59293e-01
9.7608261e-01  9.30554e-01
9.7609656e-01  9.66932e-01
9.7611050e-01  9.98519e-01
9.7612445e-01  1.01102e+00
9.7613840e-01  1.00257e+00
9.7615235e-01  9.92410e-01
9.7616629e-01  9.74158e-01
9.7618018e-01  9.80447e-01
9.7619413e-01  1.00300e+00
9.7620808e-01  1.00250e+00
9.7622202e-01  1.01298e+00
9.7623597e-01  1.00327e+00
9.7624992e-01  1.01047e+00
9.7626387e-01  1.01495e+00
9.7627781e-01  1.00458e+00
9.7629170e-01  9.96319e-01
9.7630566e-01  9.91398e-01
9.7631961e-01  9.98291e-01
9.7633355e-01  1.00752e+00
9.7634750e-01  1.00419e+00
9.7636145e-01  9.97028e-01
9.7637540e-01  9.89551e-01
9.7638934e-01  9.87142e-01
9.7640323e-01  9.84637e-01
9.7641718e-01  9.69526e-01
9.7643113e-01  9.69401e-01
9.7644508e-01  9.69839e-01
9.7645902e-01  9.74278e-01
9.7647297e-01  9.76058e-01
9.7648692e-01  9.66549e-01
9.7650087e-01  9.74077e-01
9.7651475e-01  9.80537e-01
9.7652870e-01  9.83792e-01
9.7654265e-01  9.89743e-01
9.7655660e-01  1.00016e+00
9.7657055e-01  9.96172e-01
9.7658450e-01  9.42770e-01
9.7659845e-01  9.20916e-01
9.7661240e-01  9.53923e-01
9.7662628e-01  9.70282e-01
9.7664023e-01  9.88981e-01
9.7665418e-01  9.80190e-01
9.7666813e-01  9.84420e-01
9.7668207e-01  9.75283e-01
9.7669602e-01  9.72856e-01
9.7670997e-01  9.82399e-01
9.7672392e-01  9.48536e-01
9.7673780e-01  9.10517e-01
9.7675175e-01  1.00614e+00
9.7676570e-01  9.97340e-01
9.7677965e-01  1.00744e+00
9.7679359e-01  9.97736e-01
9.7680754e-01  9.83454e-01
9.7682149e-01  1.00128e+00
9.7683545e-01  1.00879e+00
9.7684933e-01  9.91207e-01
9.7686328e-01  9.71846e-01
9.7687723e-01  1.00009e+00
9.7689118e-01  1.02150e+00
9.7690512e-01  1.02150e+00
9.7691907e-01  1.02135e+00
9.7693302e-01  1.02657e+00
9.7694697e-01  1.01987e+00
9.7696085e-01  1.01901e+00
9.7697480e-01  1.01362e+00
9.7698875e-01  1.01615e+00
9.7700270e-01  1.01112e+00
9.7701664e-01  1.01227e+00
9.7703059e-01  1.01448e+00
9.7704454e-01  1.00697e+00
9.7705849e-01  1.00841e+00
9.7707237e-01  9.94014e-01
9.7708632e-01  9.87371e-01
9.7710028e-01  9.82151e-01
9.7711423e-01  9.70080e-01
9.7712817e-01  9.69534e-01
9.7714212e-01  9.75089e-01
9.7715607e-01  9.81021e-01
9.7717002e-01  9.69321e-01
9.7718390e-01  9.59996e-01
9.7719785e-01  9.44821e-01
9.7721180e-01  9.24297e-01
9.7722575e-01  9.45106e-01
9.7723969e-01  9.50275e-01
9.7725364e-01  9.47909e-01
9.7726759e-01  9.50683e-01
9.7728154e-01  9.57680e-01
9.7729543e-01  9.56129e-01
9.7730937e-01  9.58863e-01
9.7732332e-01  9.56421e-01
9.7733727e-01  9.64522e-01
9.7735122e-01  9.66253e-01
9.7736517e-01  9.73282e-01
9.7737912e-01  9.74557e-01
9.7739307e-01  9.72555e-01
9.7740696e-01  9.68223e-01
9.7742090e-01  9.65793e-01
9.7743485e-01  9.69097e-01
9.7744880e-01  9.78574e-01
9.7746275e-01  9.82148e-01
9.7747669e-01  9.89074e-01
9.7749064e-01  1.00624e+00
9.7750459e-01  1.01375e+00
9.7751848e-01  1.02363e+00
9.7753242e-01  1.00968e+00
9.7754637e-01  1.04968e+00
9.7756032e-01  1.04521e+00
9.7757427e-01  1.01050e+00
9.7758821e-01  9.98981e-01
9.7760216e-01  1.00008e+00
9.7761606e-01  1.01791e+00
9.7763001e-01  1.01975e+00
9.7764395e-01  1.02519e+00
9.7765790e-01  1.03184e+00
9.7767185e-01  1.03680e+00
9.7768580e-01  1.02924e+00
9.7769974e-01  9.99052e-01
9.7771369e-01  9.95347e-01
9.7772758e-01  1.00665e+00
9.7774153e-01  1.02632e+00
9.7775547e-01  1.02443e+00
9.7776942e-01  1.03308e+00
9.7778337e-01  1.03853e+00
9.7779732e-01  1.04338e+00
9.7781126e-01  1.04343e+00
9.7782521e-01  1.02521e+00
9.7783910e-01  1.01546e+00
9.7785305e-01  1.00614e+00
9.7786699e-01  1.01361e+00
9.7788095e-01  1.01457e+00
9.7789490e-01  1.01876e+00
9.7790885e-01  1.03462e+00
9.7792279e-01  1.03203e+00
9.7793674e-01  1.03637e+00
9.7795063e-01  1.02534e+00
9.7796458e-01  1.02383e+00
9.7797852e-01  1.01319e+00
9.7799247e-01  9.92892e-01
9.7800642e-01  9.93042e-01
9.7802037e-01  1.00087e+00
9.7803431e-01  1.00985e+00
9.7804826e-01  1.02084e+00
9.7806215e-01  1.02032e+00
9.7807610e-01  1.01350e+00
9.7809004e-01  1.00054e+00
9.7810399e-01  9.94581e-01
9.7811794e-01  9.88694e-01
9.7813189e-01  9.84729e-01
9.7814584e-01  9.90134e-01
9.7815979e-01  9.93268e-01
9.7817368e-01  9.99492e-01
9.7818763e-01  9.93808e-01
9.7820157e-01  9.92797e-01
9.7821552e-01  1.00372e+00
9.7822947e-01  1.00127e+00
9.7824342e-01  9.92407e-01
9.7825736e-01  9.81807e-01
9.7827131e-01  9.87069e-01
9.7828520e-01  9.99097e-01
9.7829915e-01  1.00707e+00
9.7831310e-01  1.00845e+00
9.7832704e-01  1.01057e+00
9.7834099e-01  1.00751e+00
9.7835494e-01  9.99183e-01
9.7836889e-01  9.95231e-01
9.7838283e-01  9.68691e-01
9.7839672e-01  9.38316e-01
9.7841068e-01  9.38864e-01
9.7842463e-01  9.33052e-01
9.7843857e-01  9.37612e-01
9.7845252e-01  9.41098e-01
9.7846647e-01  9.45020e-01
9.7848042e-01  9.45190e-01
9.7849436e-01  9.41850e-01
9.7850825e-01  9.33257e-01
9.7852220e-01  9.23823e-01
9.7853615e-01  9.26984e-01
9.7855009e-01  8.80175e-01
9.7856404e-01  8.83493e-01
9.7857799e-01  9.10241e-01
9.7859194e-01  9.32503e-01
9.7860588e-01  9.60470e-01
9.7861977e-01  9.65639e-01
9.7863372e-01  9.69027e-01
9.7864767e-01  9.73334e-01
9.7866161e-01  9.69247e-01
9.7867557e-01  9.72691e-01
9.7868952e-01  9.68931e-01
9.7870347e-01  9.74872e-01
9.7871741e-01  9.74762e-01
9.7873130e-01  9.73736e-01
9.7874525e-01  9.69909e-01
9.7875920e-01  9.73161e-01
9.7877314e-01  9.72937e-01
9.7878709e-01  9.67330e-01
9.7880104e-01  9.62075e-01
9.7881499e-01  9.62985e-01
9.7882893e-01  9.68547e-01
9.7884282e-01  9.67200e-01
9.7885677e-01  9.70888e-01
9.7887072e-01  9.76875e-01
9.7888466e-01  9.75651e-01
9.7889861e-01  9.74769e-01
9.7891256e-01  9.70872e-01
9.7892651e-01  9.57024e-01
9.7894046e-01  9.46360e-01
9.7895435e-01  9.34555e-01
9.7896830e-01  9.25877e-01
9.7898225e-01  9.25926e-01
9.7899619e-01  9.41945e-01
9.7901014e-01  9.44743e-01
9.7902409e-01  9.30966e-01
9.7903804e-01  9.44669e-01
9.7905198e-01  9.53406e-01
9.7906587e-01  9.63037e-01
9.7907982e-01  9.62042e-01
9.7909377e-01  9.62386e-01
9.7910771e-01  9.57345e-01
9.7912166e-01  9.70289e-01
9.7913561e-01  9.66074e-01
9.7914956e-01  9.66927e-01
9.7916350e-01  9.74402e-01
9.7917739e-01  9.82476e-01
9.7919135e-01  9.83111e-01
9.7920530e-01  9.82870e-01
9.7921924e-01  9.93460e-01
9.7923319e-01  9.96453e-01
9.7924714e-01  1.00214e+00
9.7926109e-01  1.00841e+00
9.7927503e-01  1.01150e+00
9.7928892e-01  1.01580e+00
9.7930287e-01  1.03099e+00
9.7931682e-01  1.02792e+00
9.7933077e-01  1.02290e+00
9.7934471e-01  1.01767e+00
9.7935866e-01  1.02883e+00
9.7937261e-01  1.02888e+00
9.7938656e-01  1.03002e+00
9.7940044e-01  1.01110e+00
9.7941439e-01  9.91027e-01
9.7942834e-01  1.00273e+00
9.7944229e-01  1.02637e+00
9.7945624e-01  1.02660e+00
9.7947019e-01  1.01870e+00
9.7948414e-01  1.02426e+00
9.7949809e-01  1.03375e+00
9.7951197e-01  1.02636e+00
9.7952592e-01  1.02244e+00
9.7953987e-01  1.02709e+00
9.7955382e-01  1.03301e+00
9.7956776e-01  1.03864e+00
9.7958171e-01  1.03241e+00
9.7959566e-01  1.02506e+00
9.7960961e-01  1.03765e+00
9.7962349e-01  1.08722e+00
9.7963744e-01  1.07583e+00
9.7965139e-01  9.83235e-01
9.7966534e-01  9.79974e-01
9.7967928e-01  1.00626e+00
9.7969323e-01  1.01795e+00
9.7970718e-01  1.01499e+00
9.7972114e-01  1.02110e+00
9.7973502e-01  1.02944e+00
9.7974897e-01  1.02607e+00
9.7976292e-01  1.02376e+00
9.7977687e-01  1.02436e+00
9.7979081e-01  1.02275e+00
9.7980476e-01  1.02959e+00
9.7981871e-01  1.03879e+00
9.7983266e-01  1.03025e+00
9.7984654e-01  1.02665e+00
9.7986049e-01  1.02254e+00
9.7987444e-01  1.01437e+00
9.7988839e-01  1.00086e+00
9.7990233e-01  1.00690e+00
9.7991628e-01  1.00597e+00
9.7993023e-01  1.00724e+00
9.7994418e-01  1.01352e+00
9.7995806e-01  1.02853e+00
9.7997201e-01  1.03214e+00
9.7998597e-01  1.03060e+00
9.7999992e-01  1.02476e+00
9.8001386e-01  1.00083e+00
9.8002781e-01  9.90199e-01
9.8004176e-01  1.00163e+00
9.8005571e-01  1.00583e+00
9.8006959e-01  1.00868e+00
9.8008354e-01  1.00435e+00
9.8009749e-01  1.00629e+00
9.8011144e-01  1.01159e+00
9.8012538e-01  1.00009e+00
9.8013933e-01  1.00096e+00
9.8015328e-01  9.97012e-01
9.8016723e-01  9.97223e-01
9.8018112e-01  9.98991e-01
9.8019506e-01  1.00676e+00
9.8020901e-01  1.00214e+00
9.8022296e-01  1.00919e+00
9.8023691e-01  1.01317e+00
9.8025086e-01  1.01416e+00
9.8026481e-01  9.97975e-01
9.8027870e-01  9.86135e-01
9.8029265e-01  9.94618e-01
9.8030659e-01  9.99577e-01
9.8032054e-01  1.00349e+00
9.8033449e-01  9.70274e-01
9.8034844e-01  9.74378e-01
9.8036238e-01  1.00537e+00
9.8037633e-01  1.01638e+00
9.8039028e-01  1.01936e+00
9.8040417e-01  1.01068e+00
9.8041811e-01  1.00516e+00
9.8043206e-01  1.00500e+00
9.8044601e-01  1.01312e+00
9.8045996e-01  1.02222e+00
9.8047390e-01  1.00447e+00
9.8048785e-01  9.68565e-01
9.8050174e-01  9.76997e-01
9.8051570e-01  1.01065e+00
9.8052964e-01  1.02665e+00
9.8054359e-01  1.02693e+00
9.8055754e-01  1.02948e+00
9.8057149e-01  1.02113e+00
9.8058543e-01  1.02207e+00
9.8059938e-01  1.02480e+00
9.8061333e-01  1.02527e+00
9.8062722e-01  1.01838e+00
9.8064116e-01  1.00725e+00
9.8065511e-01  1.00105e+00
9.8066906e-01  1.01004e+00
9.8068301e-01  1.00611e+00
9.8069695e-01  1.00783e+00
9.8071090e-01  1.01470e+00
9.8072479e-01  1.01823e+00
9.8073874e-01  1.02203e+00
9.8075268e-01  1.02859e+00
9.8076663e-01  1.03406e+00
9.8078059e-01  1.02523e+00
9.8079454e-01  1.02144e+00
9.8080848e-01  1.02096e+00
9.8082243e-01  1.02590e+00
9.8083632e-01  1.01722e+00
9.8085027e-01  1.01607e+00
9.8086421e-01  1.01882e+00
9.8087816e-01  1.01668e+00
9.8089211e-01  1.01981e+00
9.8090606e-01  1.02830e+00
9.8092000e-01  1.02692e+00
9.8093395e-01  1.02812e+00
9.8094784e-01  1.02085e+00
9.8096179e-01  1.03135e+00
9.8097573e-01  1.02544e+00
9.8098968e-01  1.02361e+00
9.8100363e-01  1.02854e+00
9.8101758e-01  1.02014e+00
9.8103153e-01  1.02222e+00
9.8104548e-01  1.01899e+00
9.8105937e-01  1.02263e+00
9.8107332e-01  1.01810e+00
9.8108726e-01  1.01650e+00
9.8110121e-01  1.01896e+00
9.8111516e-01  1.01780e+00
9.8112911e-01  1.01680e+00
9.8114305e-01  1.02408e+00
9.8115700e-01  1.02302e+00
9.8117089e-01  1.02600e+00
9.8118484e-01  1.00376e+00
9.8119879e-01  1.00830e+00
9.8121273e-01  1.01629e+00
9.8122668e-01  1.02394e+00
9.8124063e-01  1.03024e+00
9.8125458e-01  1.03161e+00
9.8126852e-01  1.02911e+00
9.8128241e-01  1.03723e+00
9.8129637e-01  1.04312e+00
9.8131032e-01  1.04535e+00
9.8132426e-01  1.04412e+00
9.8133821e-01  1.04096e+00
9.8135216e-01  1.03342e+00
9.8136611e-01  1.02467e+00
9.8138005e-01  1.03174e+00
9.8139394e-01  1.03840e+00
9.8140789e-01  1.02661e+00
9.8142184e-01  1.02669e+00
9.8143578e-01  1.03718e+00
9.8144973e-01  1.02910e+00
9.8146368e-01  1.01938e+00
9.8147763e-01  1.01946e+00
9.8149157e-01  1.01962e+00
9.8150546e-01  1.02863e+00
9.8151941e-01  1.02399e+00
9.8153336e-01  1.03077e+00
9.8154730e-01  1.02119e+00
9.8156126e-01  1.02279e+00
9.8157521e-01  1.01426e+00
9.8158916e-01  1.01765e+00
9.8160310e-01  1.01524e+00
9.8161699e-01  1.00601e+00
9.8163094e-01  1.00529e+00
9.8164489e-01  1.01136e+00
9.8165883e-01  1.01698e+00
9.8167278e-01  9.98414e-01
9.8168673e-01  9.96595e-01
9.8170068e-01  1.00624e+00
9.8171462e-01  1.01902e+00
9.8172851e-01  1.01687e+00
9.8174246e-01  1.00169e+00
9.8175641e-01  1.00069e+00
9.8177035e-01  1.00711e+00
9.8178430e-01  1.00627e+00
9.8179825e-01  1.01755e+00
9.8181220e-01  1.01721e+00
9.8182615e-01  1.01718e+00
9.8184004e-01  1.01676e+00
9.8185399e-01  1.01731e+00
9.8186794e-01  1.01635e+00
9.8188188e-01  1.02096e+00
9.8189583e-01  1.01907e+00
9.8190978e-01  1.01890e+00
9.8192373e-01  1.02968e+00
9.8193767e-01  1.02945e+00
9.8195156e-01  1.02697e+00
9.8196551e-01  1.02281e+00
9.8197946e-01  1.02474e+00
9.8199340e-01  1.03245e+00
9.8200735e-01  1.02609e+00
9.8202130e-01  1.02291e+00
9.8203525e-01  1.02993e+00
9.8204919e-01  1.03023e+00
9.8206308e-01  1.03258e+00
9.8207703e-01  1.04195e+00
9.8209099e-01  1.05027e+00
9.8210493e-01  1.02101e+00
9.8211888e-01  1.02298e+00
9.8213283e-01  1.02411e+00
9.8214678e-01  1.03196e+00
9.8216072e-01  1.03027e+00
9.8217461e-01  1.02431e+00
9.8218856e-01  1.02916e+00
9.8220251e-01  1.03246e+00
9.8221646e-01  1.02820e+00
9.8223040e-01  1.03489e+00
9.8224435e-01  1.03724e+00
9.8225830e-01  1.04609e+00
9.8227225e-01  1.03530e+00
9.8228613e-01  1.03716e+00
9.8230008e-01  1.03082e+00
9.8231403e-01  1.03499e+00
9.8232798e-01  1.02984e+00
9.8234192e-01  1.02837e+00
9.8235588e-01  1.02696e+00
9.8236983e-01  1.02795e+00
9.8238378e-01  1.02365e+00
9.8239766e-01  1.02406e+00
9.8241161e-01  1.02173e+00
9.8242556e-01  1.01382e+00
9.8243951e-01  1.01320e+00
9.8245345e-01  1.01659e+00
9.8246740e-01  1.02004e+00
9.8248135e-01  1.02041e+00
9.8249530e-01  1.01649e+00
9.8250918e-01  1.00508e+00
9.8252313e-01  1.00090e+00
9.8253708e-01  1.01480e+00
9.8255103e-01  1.01413e+00
9.8256497e-01  1.01510e+00
9.8257892e-01  1.01234e+00
9.8259287e-01  1.01752e+00
9.8260682e-01  1.01217e+00
9.8262071e-01  1.00934e+00
9.8263466e-01  1.00592e+00
9.8264861e-01  1.00612e+00
9.8266256e-01  1.00783e+00
9.8267650e-01  1.01018e+00
9.8269045e-01  1.01711e+00
9.8270440e-01  1.01981e+00
9.8271835e-01  1.01180e+00
9.8273223e-01  1.01806e+00
9.8274618e-01  1.01942e+00
9.8276013e-01  1.00424e+00
9.8277408e-01  1.00616e+00
9.8278802e-01  1.01776e+00
9.8280197e-01  1.00232e+00
9.8281592e-01  9.90691e-01
9.8282987e-01  9.94304e-01
9.8284375e-01  1.00302e+00
9.8285770e-01  1.00574e+00
9.8287165e-01  1.02131e+00
9.8288561e-01  1.00538e+00
9.8289955e-01  9.79192e-01
9.8291350e-01  9.90607e-01
9.8292745e-01  1.00711e+00
9.8294140e-01  1.01083e+00
9.8295528e-01  1.01913e+00
9.8296923e-01  1.01248e+00
9.8298318e-01  1.00325e+00
9.8299713e-01  1.00755e+00
9.8301107e-01  1.00844e+00
9.8302502e-01  1.00601e+00
9.8303897e-01  1.01665e+00
9.8305292e-01  1.02018e+00
9.8306681e-01  1.02803e+00
9.8308075e-01  1.01866e+00
9.8309470e-01  1.01867e+00
9.8310865e-01  1.01932e+00
9.8312260e-01  1.02791e+00
9.8313655e-01  1.02701e+00
9.8315050e-01  1.03350e+00
9.8316439e-01  1.02792e+00
9.8317834e-01  1.03325e+00
9.8319228e-01  1.03653e+00
9.8320623e-01  1.03553e+00
9.8322018e-01  1.03932e+00
9.8323413e-01  1.02888e+00
9.8324807e-01  1.02195e+00
9.8326202e-01  1.02310e+00
9.8327597e-01  1.02523e+00
9.8328986e-01  1.01263e+00
9.8330380e-01  1.01401e+00
9.8331775e-01  1.01221e+00
9.8333170e-01  1.00797e+00
9.8334565e-01  1.00821e+00
9.8335959e-01  1.00436e+00
9.8337354e-01  1.00984e+00
9.8338743e-01  1.00863e+00
9.8340139e-01  1.00136e+00
9.8341533e-01  1.00980e+00
9.8342928e-01  1.01552e+00
9.8344323e-01  1.00682e+00
9.8345718e-01  1.00483e+00
9.8347112e-01  1.01284e+00
9.8348507e-01  1.00334e+00
9.8349896e-01  9.89500e-01
9.8351291e-01  9.93618e-01
9.8352685e-01  1.00182e+00
9.8354080e-01  1.00070e+00
9.8355475e-01  1.00050e+00
9.8356870e-01  1.00702e+00
9.8358264e-01  1.01153e+00
9.8359659e-01  1.00357e+00
9.8361048e-01  1.00006e+00
9.8362443e-01  9.96125e-01
9.8363837e-01  9.88966e-01
9.8365232e-01  9.89037e-01
9.8366628e-01  9.96703e-01
9.8368023e-01  1.00000e+00
9.8369417e-01  1.02136e+00
9.8370812e-01  1.03904e+00
9.8372201e-01  1.04105e+00
9.8373596e-01  1.03756e+00
9.8374990e-01  1.01811e+00
9.8376385e-01  1.00299e+00
9.8377780e-01  1.00223e+00
9.8379175e-01  1.00775e+00
9.8380569e-01  1.01332e+00
9.8381964e-01  1.02141e+00
9.8383353e-01  1.03163e+00
9.8384748e-01  1.03284e+00
9.8386142e-01  1.03496e+00
9.8387537e-01  1.02270e+00
9.8388932e-01  1.03504e+00
9.8390327e-01  1.03244e+00
9.8391721e-01  1.02531e+00
9.8393117e-01  1.01908e+00
9.8394506e-01  1.02702e+00
9.8395901e-01  1.04408e+00
9.8397295e-01  1.04081e+00
9.8398690e-01  1.04583e+00
9.8400085e-01  1.03840e+00
9.8401480e-01  1.02901e+00
9.8402874e-01  1.03098e+00
9.8404269e-01  1.03253e+00
9.8405658e-01  1.02462e+00
9.8407053e-01  1.02830e+00
9.8408448e-01  1.03091e+00
9.8409842e-01  1.03968e+00
9.8411237e-01  1.04004e+00
9.8412632e-01  1.03945e+00
9.8414027e-01  1.02747e+00
9.8415421e-01  1.02839e+00
9.8416810e-01  1.02977e+00
9.8418205e-01  1.03335e+00
9.8419601e-01  1.03172e+00
9.8420995e-01  1.02582e+00
9.8422390e-01  1.03199e+00
9.8423785e-01  1.02706e+00
9.8425180e-01  1.02371e+00
9.8426574e-01  1.01867e+00
9.8427963e-01  1.01779e+00
9.8429358e-01  1.01502e+00
9.8430753e-01  1.02038e+00
9.8432147e-01  1.02568e+00
9.8433542e-01  1.02630e+00
9.8434937e-01  1.01578e+00
9.8436332e-01  1.00700e+00
9.8437726e-01  1.01388e+00
9.8439115e-01  1.01275e+00
