Normalization-constant  7.08284e+03
lambda         flux
9.5828422e-01  1.14037e+00
9.5829793e-01  1.06067e+00
9.5831164e-01  9.37395e-01
9.5832535e-01  9.54621e-01
9.5833906e-01  9.89513e-01
9.5835277e-01  9.76777e-01
9.5836648e-01  9.95853e-01
9.5838018e-01  1.07014e+00
9.5839389e-01  1.16298e+00
9.5840760e-01  1.19099e+00
9.5842132e-01  1.06769e+00
9.5843503e-01  1.00388e+00
9.5844874e-01  9.82940e-01
9.5846245e-01  1.00819e+00
9.5847616e-01  9.86651e-01
9.5848987e-01  9.58378e-01
9.5850358e-01  9.77515e-01
9.5851728e-01  1.00968e+00
9.5853099e-01  1.02152e+00
9.5854470e-01  1.05415e+00
9.5855841e-01  1.04424e+00
9.5857212e-01  1.03677e+00
9.5858583e-01  1.02717e+00
9.5859954e-01  1.01720e+00
9.5861325e-01  9.91700e-01
9.5862696e-01  1.04332e+00
9.5864067e-01  1.02998e+00
9.5865438e-01  1.02660e+00
9.5866808e-01  1.06452e+00
9.5868180e-01  1.04548e+00
9.5869551e-01  1.02203e+00
9.5870922e-01  1.02769e+00
9.5872299e-01  1.01628e+00
9.5873670e-01  1.02565e+00
9.5875041e-01  1.04470e+00
9.5876412e-01  1.05551e+00
9.5877783e-01  1.05084e+00
9.5879154e-01  1.05368e+00
9.5880524e-01  1.03401e+00
9.5881895e-01  9.97602e-01
9.5883266e-01  9.66723e-01
9.5884637e-01  9.99657e-01
9.5886008e-01  1.06486e+00
9.5887379e-01  1.03519e+00
9.5888750e-01  1.01698e+00
9.5890121e-01  1.01135e+00
9.5891492e-01  1.01424e+00
9.5892863e-01  1.00675e+00
9.5894235e-01  9.91377e-01
9.5895605e-01  9.70500e-01
9.5896976e-01  9.79242e-01
9.5898347e-01  9.97376e-01
9.5899718e-01  1.00524e+00
9.5901089e-01  9.89542e-01
9.5902460e-01  9.81768e-01
9.5903831e-01  1.00376e+00
9.5905202e-01  1.03964e+00
9.5906573e-01  1.05056e+00
9.5907944e-01  9.85128e-01
9.5909315e-01  9.63254e-01
9.5910685e-01  9.77883e-01
9.5912056e-01  1.01361e+00
9.5913427e-01  1.04251e+00
9.5914798e-01  1.01803e+00
9.5916169e-01  9.92331e-01
9.5917540e-01  9.75550e-01
9.5918911e-01  1.02151e+00
9.5920282e-01  1.12373e+00
9.5921654e-01  1.12459e+00
9.5923025e-01  1.02079e+00
9.5924396e-01  1.00403e+00
9.5925766e-01  1.00894e+00
9.5927137e-01  1.02622e+00
9.5928508e-01  1.03992e+00
9.5929879e-01  1.03757e+00
9.5931250e-01  1.04730e+00
9.5932621e-01  1.01589e+00
9.5933992e-01  9.86166e-01
9.5935363e-01  1.06624e+00
9.5936734e-01  1.02478e+00
9.5938105e-01  1.01749e+00
9.5939475e-01  1.06322e+00
9.5940846e-01  1.07457e+00
9.5942217e-01  1.03240e+00
9.5943588e-01  9.94195e-01
9.5944959e-01  1.00584e+00
9.5946330e-01  1.06352e+00
9.5947702e-01  1.13259e+00
9.5949073e-01  1.10383e+00
9.5950444e-01  1.02122e+00
9.5951815e-01  1.00340e+00
9.5953186e-01  1.03593e+00
9.5954556e-01  1.04679e+00
9.5955927e-01  9.80563e-01
9.5957298e-01  9.86950e-01
9.5958669e-01  1.01581e+00
9.5960046e-01  1.01331e+00
9.5961417e-01  1.00821e+00
9.5962788e-01  1.00581e+00
9.5964159e-01  1.01952e+00
9.5965530e-01  1.02985e+00
9.5966901e-01  1.03298e+00
9.5968271e-01  1.02424e+00
9.5969642e-01  1.03249e+00
9.5971013e-01  1.03495e+00
9.5972384e-01  1.01581e+00
9.5973756e-01  9.80046e-01
9.5975127e-01  9.98138e-01
9.5976498e-01  1.01745e+00
9.5977869e-01  1.00527e+00
9.5979240e-01  9.86871e-01
9.5980611e-01  1.00579e+00
9.5981982e-01  1.01982e+00
9.5983352e-01  1.01870e+00
9.5984723e-01  1.00720e+00
9.5986094e-01  9.57376e-01
9.5987465e-01  8.89665e-01
9.5988836e-01  9.90422e-01
9.5990207e-01  1.00104e+00
9.5991578e-01  1.01110e+00
9.5992949e-01  1.02356e+00
9.5994320e-01  1.01513e+00
9.5995691e-01  9.81590e-01
9.5997062e-01  9.65346e-01
9.5998432e-01  9.74995e-01
9.5999804e-01  9.73628e-01
9.6001175e-01  9.78105e-01
9.6002546e-01  9.56263e-01
9.6003917e-01  9.42625e-01
9.6005288e-01  9.65266e-01
9.6006659e-01  9.55023e-01
9.6008030e-01  9.49131e-01
9.6009401e-01  9.51217e-01
9.6010772e-01  9.29914e-01
9.6012143e-01  9.33635e-01
9.6013513e-01  9.44852e-01
9.6014884e-01  9.22433e-01
9.6016255e-01  9.42352e-01
9.6017626e-01  9.88350e-01
9.6018997e-01  9.56197e-01
9.6020368e-01  9.39990e-01
9.6021739e-01  9.60019e-01
9.6023110e-01  9.62071e-01
9.6024481e-01  9.80323e-01
9.6025853e-01  9.73526e-01
9.6027223e-01  9.71759e-01
9.6028594e-01  9.57612e-01
9.6029965e-01  9.62774e-01
9.6031336e-01  9.71234e-01
9.6032707e-01  9.49367e-01
9.6034078e-01  9.43192e-01
9.6035449e-01  9.35270e-01
9.6036820e-01  9.54672e-01
9.6038191e-01  9.57709e-01
9.6039562e-01  9.65567e-01
9.6040933e-01  9.58579e-01
9.6042303e-01  9.86575e-01
9.6043674e-01  9.82301e-01
9.6045045e-01  9.91561e-01
9.6046416e-01  9.92163e-01
9.6047793e-01  9.84699e-01
9.6049164e-01  9.89364e-01
9.6050535e-01  9.89402e-01
9.6051907e-01  9.94225e-01
9.6053278e-01  1.01234e+00
9.6054649e-01  1.00160e+00
9.6056019e-01  1.00262e+00
9.6057390e-01  9.91458e-01
9.6058761e-01  9.90594e-01
9.6060132e-01  9.57015e-01
9.6061503e-01  9.60170e-01
9.6062874e-01  9.58266e-01
9.6064245e-01  9.55023e-01
9.6065616e-01  9.67812e-01
9.6066987e-01  9.82213e-01
9.6068358e-01  9.83238e-01
9.6069729e-01  9.70936e-01
9.6071099e-01  9.69057e-01
9.6072470e-01  9.62684e-01
9.6073841e-01  9.65151e-01
9.6075212e-01  9.60420e-01
9.6076583e-01  9.41707e-01
9.6077954e-01  9.23650e-01
9.6079326e-01  9.19295e-01
9.6080697e-01  9.32889e-01
9.6082068e-01  9.27207e-01
9.6083439e-01  9.43532e-01
9.6084810e-01  9.73392e-01
9.6086180e-01  9.60577e-01
9.6087551e-01  9.78998e-01
9.6088922e-01  9.97417e-01
9.6090293e-01  1.01203e+00
9.6091664e-01  9.79427e-01
9.6093035e-01  9.59594e-01
9.6094406e-01  9.75851e-01
9.6095777e-01  9.68068e-01
9.6097148e-01  9.77350e-01
9.6098519e-01  9.61794e-01
9.6099890e-01  9.63817e-01
9.6101260e-01  9.73992e-01
9.6102631e-01  9.84502e-01
9.6104002e-01  1.00428e+00
9.6105374e-01  1.01220e+00
9.6106745e-01  1.02877e+00
9.6108116e-01  1.01725e+00
9.6109487e-01  1.01627e+00
9.6110858e-01  1.02791e+00
9.6112229e-01  1.02567e+00
9.6113600e-01  1.00835e+00
9.6114970e-01  9.64334e-01
9.6116341e-01  9.92032e-01
9.6117712e-01  1.00705e+00
9.6119083e-01  1.03978e+00
9.6120454e-01  1.02438e+00
9.6121825e-01  1.02441e+00
9.6123196e-01  1.01388e+00
9.6124567e-01  9.91533e-01
9.6125938e-01  9.98406e-01
9.6127309e-01  1.00000e+00
9.6128680e-01  1.01043e+00
9.6130050e-01  1.01766e+00
9.6131422e-01  9.87520e-01
9.6132793e-01  9.98305e-01
9.6134164e-01  1.04472e+00
9.6135541e-01  1.05975e+00
9.6136912e-01  1.04454e+00
9.6138283e-01  1.04012e+00
9.6139654e-01  1.02947e+00
9.6141025e-01  1.04815e+00
9.6142396e-01  1.05894e+00
9.6143766e-01  1.07008e+00
9.6145137e-01  1.06986e+00
9.6146508e-01  1.09973e+00
9.6147879e-01  1.03551e+00
9.6149250e-01  1.03966e+00
9.6150621e-01  1.03916e+00
9.6151992e-01  1.03200e+00
9.6153363e-01  1.03550e+00
9.6154734e-01  1.04878e+00
9.6156105e-01  1.05342e+00
9.6157477e-01  1.05901e+00
9.6158847e-01  1.03379e+00
9.6160218e-01  1.03044e+00
9.6161589e-01  1.00700e+00
9.6162960e-01  1.00176e+00
9.6164331e-01  1.00645e+00
9.6165702e-01  1.00760e+00
9.6167073e-01  1.01791e+00
9.6168444e-01  1.04743e+00
9.6169815e-01  1.03958e+00
9.6171186e-01  1.02174e+00
9.6172557e-01  1.00207e+00
9.6173927e-01  1.00578e+00
9.6175298e-01  1.00808e+00
9.6176669e-01  1.02015e+00
9.6178040e-01  1.03094e+00
9.6179411e-01  1.03383e+00
9.6180782e-01  9.92232e-01
9.6182153e-01  9.67009e-01
9.6183525e-01  9.77266e-01
9.6184896e-01  1.00276e+00
9.6186267e-01  1.00825e+00
9.6187638e-01  1.00535e+00
9.6189008e-01  1.00173e+00
9.6190379e-01  1.00530e+00
9.6191750e-01  1.01094e+00
9.6193121e-01  1.01925e+00
9.6194492e-01  1.03215e+00
9.6195863e-01  1.01847e+00
9.6197234e-01  1.01737e+00
9.6198605e-01  1.01257e+00
9.6199976e-01  1.00469e+00
9.6201347e-01  9.90733e-01
9.6202717e-01  9.93551e-01
9.6204088e-01  9.91562e-01
9.6205459e-01  1.00120e+00
9.6206830e-01  1.00586e+00
9.6208201e-01  1.00742e+00
9.6209572e-01  9.89308e-01
9.6210944e-01  1.00159e+00
9.6212315e-01  9.44157e-01
9.6213686e-01  9.24177e-01
9.6215057e-01  9.12209e-01
9.6216428e-01  9.12916e-01
9.6217798e-01  9.24903e-01
9.6219169e-01  9.45553e-01
9.6220540e-01  9.61978e-01
9.6221911e-01  9.63151e-01
9.6223288e-01  9.60799e-01
9.6224659e-01  9.59158e-01
9.6226030e-01  9.40871e-01
9.6227401e-01  9.41681e-01
9.6228772e-01  9.67587e-01
9.6230143e-01  9.84050e-01
9.6231513e-01  9.51882e-01
9.6232884e-01  9.42090e-01
9.6234255e-01  9.63777e-01
9.6235626e-01  9.65727e-01
9.6236998e-01  9.65885e-01
9.6238369e-01  9.61209e-01
9.6239740e-01  9.80949e-01
9.6241111e-01  9.97655e-01
9.6242482e-01  9.71222e-01
9.6243853e-01  8.65538e-01
9.6245224e-01  8.78802e-01
9.6246594e-01  9.21093e-01
9.6247965e-01  9.43726e-01
9.6249336e-01  9.33395e-01
9.6250707e-01  9.24823e-01
9.6252078e-01  9.19592e-01
9.6253449e-01  9.29271e-01
9.6254820e-01  9.56658e-01
9.6256191e-01  9.72535e-01
9.6257562e-01  9.59339e-01
9.6258933e-01  9.29176e-01
9.6260304e-01  9.75389e-01
9.6261674e-01  1.00039e+00
9.6263046e-01  9.84407e-01
9.6264417e-01  9.79229e-01
9.6265788e-01  9.79107e-01
9.6267159e-01  9.78935e-01
9.6268530e-01  9.91608e-01
9.6269901e-01  1.00879e+00
9.6271272e-01  1.02650e+00
9.6272643e-01  1.02816e+00
9.6274014e-01  1.00683e+00
9.6275385e-01  1.00579e+00
9.6276755e-01  9.70865e-01
9.6278126e-01  9.69474e-01
9.6279497e-01  9.93045e-01
9.6280868e-01  1.00067e+00
9.6282239e-01  1.00997e+00
9.6283610e-01  1.02404e+00
9.6284981e-01  1.03026e+00
9.6286352e-01  1.02440e+00
9.6287723e-01  1.00929e+00
9.6289095e-01  9.89077e-01
9.6290465e-01  9.94756e-01
9.6291836e-01  1.05064e+00
9.6293207e-01  1.07943e+00
9.6294578e-01  9.80783e-01
9.6295949e-01  9.47440e-01
9.6297320e-01  1.00516e+00
9.6298691e-01  1.02775e+00
9.6300062e-01  1.01401e+00
9.6301433e-01  9.98625e-01
9.6302804e-01  9.98379e-01
9.6304175e-01  9.98720e-01
9.6305545e-01  1.00840e+00
9.6306916e-01  1.02338e+00
9.6308287e-01  1.05244e+00
9.6309658e-01  1.05012e+00
9.6311035e-01  1.04370e+00
9.6312406e-01  1.02874e+00
9.6313777e-01  1.02931e+00
9.6315149e-01  1.03292e+00
9.6316520e-01  1.03564e+00
9.6317891e-01  1.04418e+00
9.6319261e-01  1.02885e+00
9.6320632e-01  1.04464e+00
9.6322003e-01  1.05294e+00
9.6323374e-01  1.03899e+00
9.6324745e-01  1.02717e+00
9.6326116e-01  1.02830e+00
9.6327487e-01  1.01856e+00
9.6328858e-01  1.02129e+00
9.6330229e-01  1.03410e+00
9.6331600e-01  1.03163e+00
9.6332971e-01  1.03202e+00
9.6334341e-01  1.03980e+00
9.6335712e-01  1.03606e+00
9.6337083e-01  1.02906e+00
9.6338454e-01  1.02397e+00
9.6339825e-01  1.03195e+00
9.6341197e-01  1.03735e+00
9.6342568e-01  1.02530e+00
9.6343939e-01  9.92381e-01
9.6345310e-01  9.82158e-01
9.6346681e-01  9.62538e-01
9.6348052e-01  9.80488e-01
9.6349422e-01  9.87446e-01
9.6350793e-01  9.85969e-01
9.6352164e-01  9.76424e-01
9.6353535e-01  1.00036e+00
9.6354906e-01  1.00529e+00
9.6356277e-01  1.00489e+00
9.6357648e-01  1.00829e+00
9.6359019e-01  1.00568e+00
9.6360390e-01  9.91843e-01
9.6361761e-01  9.97994e-01
9.6363132e-01  9.97617e-01
9.6364502e-01  9.90567e-01
9.6365873e-01  9.93424e-01
9.6367244e-01  9.90075e-01
9.6368616e-01  9.78963e-01
9.6369987e-01  9.49456e-01
9.6371358e-01  9.69944e-01
9.6372729e-01  9.76853e-01
9.6374100e-01  9.72778e-01
9.6375471e-01  9.77614e-01
9.6376842e-01  9.87717e-01
9.6378212e-01  9.82191e-01
9.6379583e-01  9.73562e-01
9.6380954e-01  9.68513e-01
9.6382325e-01  9.58229e-01
9.6383696e-01  9.46570e-01
9.6385067e-01  9.41952e-01
9.6386438e-01  9.47409e-01
9.6387809e-01  9.31397e-01
9.6389180e-01  9.13142e-01
9.6390551e-01  9.03351e-01
9.6391922e-01  9.11630e-01
9.6393292e-01  9.21424e-01
9.6394664e-01  9.34181e-01
9.6396035e-01  9.32118e-01
9.6397406e-01  9.16681e-01
9.6398783e-01  9.11052e-01
9.6400154e-01  9.00546e-01
9.6401525e-01  8.99333e-01
9.6402896e-01  8.98096e-01
9.6404267e-01  8.33241e-01
9.6405638e-01  8.03534e-01
9.6407008e-01  8.70219e-01
9.6408379e-01  9.12368e-01
9.6409750e-01  9.16664e-01
9.6411121e-01  9.24613e-01
9.6412492e-01  9.49322e-01
9.6413863e-01  9.61229e-01
9.6415234e-01  9.55585e-01
9.6416605e-01  9.56421e-01
9.6417976e-01  9.63389e-01
9.6419347e-01  9.66467e-01
9.6420719e-01  9.49274e-01
9.6422089e-01  9.29882e-01
9.6423460e-01  9.27608e-01
9.6424831e-01  9.31880e-01
9.6426202e-01  9.59367e-01
9.6427573e-01  9.64733e-01
9.6428944e-01  9.91925e-01
9.6430315e-01  1.01202e+00
9.6431686e-01  1.02388e+00
9.6433057e-01  1.01299e+00
9.6434428e-01  1.00963e+00
9.6435799e-01  1.01721e+00
9.6437169e-01  1.00407e+00
9.6438540e-01  9.96883e-01
9.6439911e-01  1.00040e+00
9.6441282e-01  1.02704e+00
9.6442653e-01  1.03337e+00
9.6444024e-01  1.05156e+00
9.6445395e-01  1.03751e+00
9.6446767e-01  1.03547e+00
9.6448138e-01  1.01698e+00
9.6449509e-01  1.00428e+00
9.6450880e-01  1.02213e+00
9.6452250e-01  1.02870e+00
9.6453621e-01  1.01928e+00
9.6454992e-01  1.02842e+00
9.6456363e-01  1.04912e+00
9.6457734e-01  1.00546e+00
9.6459105e-01  1.02472e+00
9.6460476e-01  1.02241e+00
9.6461847e-01  1.01134e+00
9.6463218e-01  9.91927e-01
9.6464589e-01  9.88997e-01
9.6465959e-01  1.00361e+00
9.6467330e-01  1.01181e+00
9.6468701e-01  1.01758e+00
9.6470072e-01  1.02053e+00
9.6471443e-01  1.03485e+00
9.6472815e-01  1.01871e+00
9.6474186e-01  1.00647e+00
9.6475557e-01  1.00771e+00
9.6476928e-01  1.00311e+00
9.6478299e-01  9.95840e-01
9.6479670e-01  9.96294e-01
9.6481040e-01  9.62109e-01
9.6482411e-01  9.36797e-01
9.6483782e-01  9.25221e-01
9.6485153e-01  9.51390e-01
9.6486530e-01  9.84811e-01
9.6487901e-01  9.60279e-01
9.6489272e-01  9.37556e-01
9.6490643e-01  9.48353e-01
9.6492014e-01  9.47374e-01
9.6493385e-01  9.38198e-01
9.6494755e-01  9.25511e-01
9.6496126e-01  9.11649e-01
9.6497497e-01  9.12385e-01
9.6498868e-01  9.34453e-01
9.6500240e-01  9.41124e-01
9.6501611e-01  9.40671e-01
9.6502982e-01  9.56089e-01
9.6504353e-01  9.60697e-01
9.6505724e-01  9.68989e-01
9.6507095e-01  9.78728e-01
9.6508466e-01  9.83847e-01
9.6509836e-01  9.94140e-01
9.6511207e-01  9.87014e-01
9.6512578e-01  9.78074e-01
9.6513949e-01  9.67432e-01
9.6515320e-01  9.76455e-01
9.6516691e-01  9.88209e-01
9.6518062e-01  9.81213e-01
9.6519433e-01  9.92028e-01
9.6520804e-01  1.00812e+00
9.6522175e-01  1.01912e+00
9.6523546e-01  1.02606e+00
9.6524916e-01  1.02248e+00
9.6526288e-01  1.00778e+00
9.6527659e-01  1.01190e+00
9.6529030e-01  1.00566e+00
9.6530401e-01  1.00240e+00
9.6531772e-01  9.92425e-01
9.6533143e-01  1.00759e+00
9.6534514e-01  1.00880e+00
9.6535885e-01  1.00385e+00
9.6537256e-01  9.94600e-01
9.6538627e-01  9.82633e-01
9.6539997e-01  9.77485e-01
9.6541368e-01  9.68400e-01
9.6542739e-01  9.76056e-01
9.6544110e-01  9.73007e-01
9.6545481e-01  9.78195e-01
9.6546852e-01  9.88990e-01
9.6548223e-01  1.00388e+00
9.6549594e-01  1.00226e+00
9.6550965e-01  9.91736e-01
9.6552337e-01  9.91156e-01
9.6553707e-01  1.00152e+00
9.6555078e-01  1.00174e+00
9.6556449e-01  1.01395e+00
9.6557820e-01  1.01675e+00
9.6559191e-01  9.92738e-01
9.6560562e-01  9.79053e-01
9.6561933e-01  9.93410e-01
9.6563304e-01  9.96099e-01
9.6564675e-01  9.99016e-01
9.6566046e-01  9.97768e-01
9.6567417e-01  9.86039e-01
9.6568787e-01  9.82139e-01
9.6570158e-01  9.86772e-01
9.6571529e-01  9.84075e-01
9.6572900e-01  9.90978e-01
9.6574277e-01  9.66881e-01
9.6575648e-01  9.94962e-01
9.6577019e-01  9.86873e-01
9.6578391e-01  9.75233e-01
9.6579762e-01  9.73874e-01
9.6581133e-01  9.66393e-01
9.6582503e-01  9.66515e-01
9.6583874e-01  9.58577e-01
9.6585245e-01  9.67056e-01
9.6586616e-01  9.65913e-01
9.6587987e-01  9.41916e-01
9.6589358e-01  9.11088e-01
9.6590729e-01  9.15833e-01
9.6592100e-01  9.32151e-01
9.6593471e-01  9.14073e-01
9.6594842e-01  9.10712e-01
9.6596213e-01  9.08485e-01
9.6597583e-01  9.15556e-01
9.6598954e-01  9.18387e-01
9.6600325e-01  9.23983e-01
9.6601696e-01  9.36426e-01
9.6603067e-01  9.43249e-01
9.6604439e-01  9.30400e-01
9.6605810e-01  9.19391e-01
9.6607181e-01  9.22577e-01
9.6608552e-01  9.28557e-01
9.6609923e-01  9.40385e-01
9.6611294e-01  9.52541e-01
9.6612664e-01  9.58825e-01
9.6614035e-01  9.64363e-01
9.6615406e-01  9.59540e-01
9.6616777e-01  9.49849e-01
9.6618148e-01  9.40941e-01
9.6619519e-01  9.30800e-01
9.6620890e-01  9.10956e-01
9.6622261e-01  9.13735e-01
9.6623632e-01  9.14953e-01
9.6625003e-01  9.11571e-01
9.6626373e-01  9.26042e-01
9.6627744e-01  9.27262e-01
9.6629115e-01  9.30019e-01
9.6630487e-01  9.33371e-01
9.6631858e-01  9.36128e-01
9.6633229e-01  9.52187e-01
9.6634600e-01  9.51777e-01
9.6635971e-01  9.71265e-01
9.6637342e-01  9.81223e-01
9.6638713e-01  9.80891e-01
9.6640084e-01  9.77337e-01
9.6641454e-01  9.90716e-01
9.6642825e-01  9.94807e-01
9.6644196e-01  1.00058e+00
9.6645567e-01  9.99471e-01
9.6646938e-01  1.00064e+00
9.6648309e-01  9.85398e-01
9.6649680e-01  9.94004e-01
9.6651051e-01  9.94954e-01
9.6652422e-01  9.67267e-01
9.6653793e-01  9.64262e-01
9.6655164e-01  9.65701e-01
9.6656534e-01  9.65202e-01
9.6657906e-01  9.75928e-01
9.6659277e-01  9.78803e-01
9.6660654e-01  9.70772e-01
9.6662025e-01  9.80857e-01
9.6663396e-01  1.00865e+00
9.6664767e-01  1.01350e+00
9.6666138e-01  1.01976e+00
9.6667509e-01  1.02492e+00
9.6668880e-01  1.01238e+00
9.6670250e-01  1.00617e+00
9.6671621e-01  1.00218e+00
9.6672992e-01  1.01612e+00
9.6674363e-01  1.03123e+00
9.6675734e-01  1.02182e+00
9.6677105e-01  9.83223e-01
9.6678476e-01  9.94200e-01
9.6679847e-01  1.00513e+00
9.6681218e-01  1.00005e+00
9.6682589e-01  9.88358e-01
9.6683961e-01  9.86736e-01
9.6685331e-01  9.82453e-01
9.6686702e-01  9.93133e-01
9.6688073e-01  1.01575e+00
9.6689444e-01  1.02388e+00
9.6690815e-01  1.03728e+00
9.6692186e-01  1.03505e+00
9.6693557e-01  1.02400e+00
9.6694928e-01  1.00614e+00
9.6696299e-01  9.98784e-01
9.6697670e-01  1.00892e+00
9.6699041e-01  1.01792e+00
9.6700411e-01  1.01034e+00
9.6701782e-01  1.01323e+00
9.6703153e-01  1.02078e+00
9.6704524e-01  1.02217e+00
9.6705895e-01  1.01423e+00
9.6707266e-01  1.00329e+00
9.6708637e-01  9.93509e-01
9.6710009e-01  9.86519e-01
9.6711380e-01  9.83942e-01
9.6712751e-01  9.97828e-01
9.6714121e-01  1.01245e+00
9.6715492e-01  1.01840e+00
9.6716863e-01  1.02715e+00
9.6718234e-01  1.01425e+00
9.6719605e-01  1.00885e+00
9.6720976e-01  9.96515e-01
9.6722347e-01  1.00138e+00
9.6723718e-01  1.00549e+00
9.6725089e-01  1.00602e+00
9.6726460e-01  1.01399e+00
9.6727831e-01  1.02895e+00
9.6729201e-01  1.01696e+00
9.6730572e-01  9.82898e-01
9.6731943e-01  9.89334e-01
9.6733314e-01  1.01541e+00
9.6734685e-01  1.05174e+00
9.6736057e-01  1.04031e+00
9.6737428e-01  9.58700e-01
9.6738799e-01  9.52272e-01
9.6740170e-01  9.80337e-01
9.6741541e-01  9.87697e-01
9.6742912e-01  9.79347e-01
9.6744282e-01  9.78458e-01
9.6745653e-01  9.74570e-01
9.6747024e-01  9.78166e-01
9.6748395e-01  9.81886e-01
9.6749766e-01  9.95024e-01
9.6751143e-01  1.01107e+00
9.6752514e-01  1.01238e+00
9.6753885e-01  1.00634e+00
9.6755256e-01  9.95126e-01
9.6756627e-01  9.90028e-01
9.6757997e-01  9.67887e-01
9.6759368e-01  9.54070e-01
9.6760739e-01  9.52198e-01
9.6762111e-01  9.44852e-01
9.6763482e-01  9.49804e-01
9.6764853e-01  9.38715e-01
9.6766224e-01  9.35048e-01
9.6767595e-01  9.38450e-01
9.6768966e-01  9.32429e-01
9.6770337e-01  9.18987e-01
9.6771708e-01  9.00429e-01
9.6773078e-01  8.95472e-01
9.6774449e-01  8.82204e-01
9.6775820e-01  8.73975e-01
9.6777191e-01  8.87918e-01
9.6778562e-01  9.06607e-01
9.6779933e-01  9.27998e-01
9.6781304e-01  9.36216e-01
9.6782675e-01  9.41095e-01
9.6784046e-01  9.60224e-01
9.6785417e-01  9.72677e-01
9.6786788e-01  9.70298e-01
9.6788158e-01  9.75801e-01
9.6789530e-01  9.61093e-01
9.6790901e-01  9.65469e-01
9.6792272e-01  9.59603e-01
9.6793643e-01  9.56094e-01
9.6795014e-01  9.58497e-01
9.6796385e-01  9.68187e-01
9.6797756e-01  9.75505e-01
9.6799127e-01  9.85255e-01
9.6800498e-01  9.91559e-01
9.6801868e-01  9.92112e-01
9.6803239e-01  1.00807e+00
9.6804610e-01  1.02120e+00
9.6805981e-01  1.02364e+00
9.6807352e-01  1.02610e+00
9.6808723e-01  1.03096e+00
9.6810094e-01  1.03095e+00
9.6811465e-01  1.02829e+00
9.6812836e-01  1.02160e+00
9.6814207e-01  1.03292e+00
9.6815579e-01  1.02790e+00
9.6816949e-01  1.03690e+00
9.6818320e-01  1.03513e+00
9.6819691e-01  1.03383e+00
9.6821062e-01  1.03181e+00
9.6822433e-01  1.03381e+00
9.6823804e-01  1.02282e+00
9.6825175e-01  1.01244e+00
9.6826546e-01  1.01003e+00
9.6827917e-01  1.01224e+00
9.6829288e-01  1.00793e+00
9.6830659e-01  1.00970e+00
9.6832029e-01  1.01988e+00
9.6833400e-01  1.01318e+00
9.6834771e-01  9.87291e-01
9.6836148e-01  1.00149e+00
9.6837519e-01  1.02226e+00
9.6838890e-01  1.03686e+00
9.6840261e-01  1.02572e+00
9.6841633e-01  1.01104e+00
9.6843004e-01  1.01772e+00
9.6844375e-01  1.03552e+00
9.6845745e-01  1.03919e+00
9.6847116e-01  1.03365e+00
9.6848487e-01  1.02919e+00
9.6849858e-01  1.02450e+00
9.6851229e-01  1.02488e+00
9.6852600e-01  1.02244e+00
9.6853971e-01  1.03171e+00
9.6855342e-01  1.02580e+00
9.6856713e-01  1.03082e+00
9.6858084e-01  1.02920e+00
9.6859455e-01  1.03839e+00
9.6860825e-01  1.03474e+00
9.6862196e-01  1.02553e+00
9.6863567e-01  1.01196e+00
9.6864938e-01  1.02122e+00
9.6866309e-01  1.02174e+00
9.6867681e-01  1.02747e+00
9.6869052e-01  1.03586e+00
9.6870423e-01  1.03273e+00
9.6871794e-01  1.03445e+00
9.6873165e-01  1.03185e+00
9.6874536e-01  1.03095e+00
9.6875906e-01  1.02070e+00
9.6877277e-01  1.01640e+00
9.6878648e-01  1.01647e+00
9.6880019e-01  1.02155e+00
9.6881390e-01  1.00993e+00
9.6882761e-01  1.02532e+00
9.6884132e-01  1.02298e+00
9.6885503e-01  1.02602e+00
9.6886874e-01  1.02339e+00
9.6888245e-01  1.00815e+00
9.6889615e-01  1.00474e+00
9.6890986e-01  9.93322e-01
9.6892357e-01  9.93256e-01
9.6893729e-01  9.76848e-01
9.6895100e-01  9.64320e-01
9.6896471e-01  9.64442e-01
9.6897842e-01  9.68985e-01
9.6899213e-01  9.74358e-01
9.6900584e-01  9.74313e-01
9.6901955e-01  9.67015e-01
9.6903326e-01  9.54117e-01
9.6904696e-01  9.54962e-01
9.6906067e-01  9.52158e-01
9.6907438e-01  9.54720e-01
9.6908809e-01  9.49555e-01
9.6910180e-01  9.55289e-01
9.6911551e-01  9.50327e-01
9.6912922e-01  9.51764e-01
9.6914293e-01  9.48115e-01
9.6915664e-01  9.55216e-01
9.6917035e-01  9.62091e-01
9.6918406e-01  9.71768e-01
9.6919777e-01  9.76348e-01
9.6921148e-01  9.77361e-01
9.6922519e-01  9.77762e-01
9.6923890e-01  9.82048e-01
9.6925261e-01  9.78102e-01
9.6926638e-01  9.68103e-01
9.6928009e-01  9.77390e-01
9.6929380e-01  9.71703e-01
9.6930751e-01  9.82995e-01
9.6932122e-01  9.86297e-01
9.6933492e-01  9.77016e-01
9.6934863e-01  1.00207e+00
9.6936234e-01  1.01103e+00
9.6937605e-01  1.00143e+00
9.6938976e-01  1.00239e+00
9.6940347e-01  9.94115e-01
9.6941718e-01  9.98322e-01
9.6943089e-01  9.92831e-01
9.6944460e-01  9.92040e-01
9.6945831e-01  9.98745e-01
9.6947203e-01  9.96283e-01
9.6948573e-01  9.95977e-01
9.6949944e-01  9.84657e-01
9.6951315e-01  9.99341e-01
9.6952686e-01  1.00469e+00
9.6954057e-01  1.00819e+00
9.6955428e-01  1.00468e+00
9.6956799e-01  1.00072e+00
9.6958170e-01  9.97051e-01
9.6959541e-01  1.00146e+00
9.6960912e-01  1.00655e+00
9.6962283e-01  1.00602e+00
9.6963653e-01  1.00702e+00
9.6965024e-01  1.00943e+00
9.6966395e-01  1.00399e+00
9.6967766e-01  1.00179e+00
9.6969137e-01  1.00245e+00
9.6970508e-01  1.00936e+00
9.6971879e-01  1.00655e+00
9.6973251e-01  9.95829e-01
9.6974622e-01  1.01074e+00
9.6975993e-01  1.01467e+00
9.6977363e-01  1.01556e+00
9.6978734e-01  1.02076e+00
9.6980105e-01  1.00744e+00
9.6981476e-01  1.02298e+00
9.6982847e-01  1.01641e+00
9.6984218e-01  1.01621e+00
9.6985589e-01  1.01890e+00
9.6986960e-01  1.01167e+00
9.6988331e-01  1.02355e+00
9.6989702e-01  1.03746e+00
9.6991073e-01  1.04245e+00
9.6992443e-01  1.04042e+00
9.6993814e-01  1.03576e+00
9.6995185e-01  1.03290e+00
9.6996556e-01  1.02796e+00
9.6997927e-01  1.01977e+00
9.6999299e-01  1.02045e+00
9.7000670e-01  1.01425e+00
9.7002041e-01  1.01698e+00
9.7003412e-01  1.02684e+00
9.7004783e-01  1.02369e+00
9.7006154e-01  1.02163e+00
9.7007524e-01  9.96145e-01
9.7008895e-01  1.00834e+00
9.7010266e-01  1.02530e+00
9.7011643e-01  1.03236e+00
9.7013014e-01  1.02911e+00
9.7014385e-01  1.02250e+00
9.7015756e-01  1.02402e+00
9.7017127e-01  1.02693e+00
9.7018498e-01  1.03222e+00
9.7019869e-01  1.03101e+00
9.7021239e-01  1.02919e+00
9.7022610e-01  1.03210e+00
9.7023981e-01  1.02048e+00
9.7025353e-01  1.02006e+00
9.7026724e-01  1.01653e+00
9.7028095e-01  1.00941e+00
9.7029466e-01  1.01118e+00
9.7030837e-01  1.00435e+00
9.7032208e-01  9.96620e-01
9.7033579e-01  1.00417e+00
9.7034950e-01  1.00339e+00
9.7036320e-01  1.01671e+00
9.7037691e-01  1.01881e+00
9.7039062e-01  1.01204e+00
9.7040433e-01  1.01997e+00
9.7041804e-01  1.03465e+00
9.7043175e-01  1.02222e+00
9.7044546e-01  9.85798e-01
9.7045917e-01  9.92733e-01
9.7047288e-01  9.95783e-01
9.7048659e-01  1.01512e+00
9.7050030e-01  1.02087e+00
9.7051401e-01  1.02291e+00
9.7052772e-01  1.01581e+00
9.7054143e-01  1.00913e+00
9.7055514e-01  9.97814e-01
9.7056885e-01  9.90407e-01
9.7058256e-01  9.87100e-01
9.7059627e-01  9.69605e-01
9.7060998e-01  9.58416e-01
9.7062369e-01  9.46630e-01
9.7063740e-01  9.43854e-01
9.7065110e-01  9.57439e-01
9.7066481e-01  9.56649e-01
9.7067852e-01  9.47048e-01
9.7069223e-01  9.54665e-01
9.7070594e-01  9.56015e-01
9.7071965e-01  9.45028e-01
9.7073336e-01  9.23931e-01
9.7074707e-01  9.16209e-01
9.7076078e-01  9.00741e-01
9.7077449e-01  9.07168e-01
9.7078821e-01  9.13920e-01
9.7080191e-01  9.33255e-01
9.7081562e-01  9.47249e-01
9.7082933e-01  9.59584e-01
9.7084304e-01  9.62778e-01
9.7085675e-01  9.70840e-01
9.7087046e-01  9.73841e-01
9.7088417e-01  9.65306e-01
9.7089788e-01  9.64357e-01
9.7091159e-01  9.63307e-01
9.7092530e-01  9.65683e-01
9.7093901e-01  9.67166e-01
9.7095271e-01  9.77631e-01
9.7096642e-01  9.84515e-01
9.7098013e-01  9.79820e-01
9.7099384e-01  9.91651e-01
9.7100755e-01  9.97893e-01
9.7102132e-01  1.01031e+00
9.7103503e-01  1.01778e+00
9.7104875e-01  1.02561e+00
9.7106246e-01  1.03913e+00
9.7107617e-01  1.04216e+00
9.7108987e-01  1.03071e+00
9.7110358e-01  1.02611e+00
9.7111729e-01  1.03151e+00
9.7113100e-01  1.03160e+00
9.7114471e-01  1.03247e+00
9.7115842e-01  1.02827e+00
9.7117213e-01  1.04032e+00
9.7118584e-01  1.03403e+00
9.7119955e-01  1.00916e+00
9.7121326e-01  1.01851e+00
9.7122697e-01  1.04101e+00
9.7124067e-01  1.03392e+00
9.7125438e-01  1.03511e+00
9.7126809e-01  1.03024e+00
9.7128180e-01  1.02454e+00
9.7129551e-01  1.03350e+00
9.7130923e-01  1.04585e+00
9.7132294e-01  1.05643e+00
9.7133665e-01  1.05474e+00
9.7135036e-01  1.04352e+00
9.7136407e-01  1.05550e+00
9.7137778e-01  1.04867e+00
9.7139148e-01  1.03699e+00
9.7140519e-01  1.02803e+00
9.7141890e-01  1.03070e+00
9.7143261e-01  1.03826e+00
9.7144632e-01  1.04758e+00
9.7146003e-01  1.04268e+00
9.7147374e-01  1.02788e+00
9.7148745e-01  1.03419e+00
9.7150116e-01  1.03830e+00
9.7151487e-01  1.02776e+00
9.7152857e-01  1.02553e+00
9.7154228e-01  1.02920e+00
9.7155599e-01  1.02483e+00
9.7156971e-01  1.03062e+00
9.7158342e-01  1.04070e+00
9.7159713e-01  1.04936e+00
9.7161084e-01  1.06012e+00
9.7162455e-01  1.05110e+00
9.7163826e-01  1.04553e+00
9.7165197e-01  1.03803e+00
9.7166568e-01  1.04122e+00
9.7167938e-01  1.03798e+00
9.7169309e-01  1.05028e+00
9.7170680e-01  1.05297e+00
9.7172051e-01  1.04829e+00
9.7173422e-01  1.03778e+00
9.7174793e-01  1.03600e+00
9.7176164e-01  1.03263e+00
9.7177535e-01  1.01866e+00
9.7178906e-01  1.03162e+00
9.7180277e-01  1.05194e+00
9.7181648e-01  1.05673e+00
9.7183019e-01  1.04726e+00
9.7184390e-01  9.69988e-01
9.7185761e-01  9.77036e-01
9.7187138e-01  1.01366e+00
9.7188509e-01  1.01153e+00
9.7189880e-01  1.00363e+00
9.7191251e-01  1.01220e+00
9.7192622e-01  1.00697e+00
9.7193993e-01  1.00633e+00
9.7195364e-01  1.00718e+00
9.7196734e-01  1.00679e+00
9.7198105e-01  1.01328e+00
