Normalization-constant  3.23303e+03
lambda         flux
9.8285913e-01  9.94232e-01
9.8287325e-01  9.58701e-01
9.8288738e-01  9.85066e-01
9.8290150e-01  9.93499e-01
9.8291569e-01  9.74417e-01
9.8292982e-01  9.82594e-01
9.8294394e-01  8.87610e-01
9.8295807e-01  9.54899e-01
9.8297220e-01  9.71885e-01
9.8298638e-01  9.68056e-01
9.8300051e-01  9.71312e-01
9.8301463e-01  9.85290e-01
9.8302876e-01  9.79788e-01
9.8304295e-01  9.76503e-01
9.8305707e-01  9.75964e-01
9.8307120e-01  9.66359e-01
9.8308532e-01  9.95090e-01
9.8309951e-01  9.44400e-01
9.8311364e-01  9.57805e-01
9.8312776e-01  9.47618e-01
9.8314189e-01  9.66293e-01
9.8315602e-01  9.36581e-01
9.8317020e-01  9.27332e-01
9.8318433e-01  9.30307e-01
9.8319845e-01  9.40198e-01
9.8321258e-01  9.34843e-01
9.8322677e-01  9.77792e-01
9.8324089e-01  9.41163e-01
9.8325502e-01  9.32428e-01
9.8326915e-01  9.21595e-01
9.8328333e-01  9.46405e-01
9.8329746e-01  9.67450e-01
9.8331158e-01  9.53331e-01
9.8332571e-01  9.74415e-01
9.8333984e-01  9.55309e-01
9.8335402e-01  9.46182e-01
9.8336815e-01  9.38585e-01
9.8338228e-01  9.65240e-01
9.8339640e-01  9.98511e-01
9.8341059e-01  9.82381e-01
9.8342471e-01  9.56043e-01
9.8343884e-01  9.73857e-01
9.8345297e-01  9.73843e-01
9.8346709e-01  9.99213e-01
9.8348128e-01  9.44122e-01
9.8349540e-01  9.66158e-01
9.8350953e-01  9.66701e-01
9.8352366e-01  9.47918e-01
9.8353784e-01  9.79011e-01
9.8355197e-01  9.42210e-01
9.8356610e-01  9.43625e-01
9.8358022e-01  9.12774e-01
9.8359441e-01  9.47935e-01
9.8360853e-01  9.45528e-01
9.8362266e-01  9.27282e-01
9.8363679e-01  9.37454e-01
9.8365091e-01  9.27290e-01
9.8366510e-01  9.41291e-01
9.8367923e-01  9.54143e-01
9.8369335e-01  9.38634e-01
9.8370748e-01  9.79690e-01
9.8372166e-01  9.78910e-01
9.8373579e-01  9.55804e-01
9.8374992e-01  9.67270e-01
9.8376404e-01  9.63982e-01
9.8377823e-01  9.71924e-01
9.8379236e-01  9.65574e-01
9.8380648e-01  9.56840e-01
9.8382061e-01  9.61821e-01
9.8383473e-01  9.64779e-01
9.8384892e-01  9.66966e-01
9.8386305e-01  9.93552e-01
9.8387717e-01  9.77892e-01
9.8389130e-01  9.98785e-01
9.8390548e-01  9.85749e-01
9.8391961e-01  9.88007e-01
9.8393374e-01  9.85365e-01
9.8394786e-01  9.77034e-01
9.8396205e-01  9.82665e-01
9.8397618e-01  1.00382e+00
9.8399030e-01  9.89212e-01
9.8400443e-01  9.93915e-01
9.8401855e-01  1.02895e+00
9.8403274e-01  9.87357e-01
9.8404687e-01  1.00455e+00
9.8406099e-01  9.91161e-01
9.8407512e-01  9.52019e-01
9.8408931e-01  9.82203e-01
9.8410343e-01  9.76164e-01
9.8411756e-01  9.74549e-01
9.8413168e-01  1.03412e+00
9.8414587e-01  9.83435e-01
9.8416000e-01  9.72539e-01
9.8417412e-01  9.88493e-01
9.8418825e-01  9.82603e-01
9.8420238e-01  9.88470e-01
9.8421656e-01  9.93514e-01
9.8423069e-01  9.90832e-01
9.8424481e-01  1.00155e+00
9.8425894e-01  9.89441e-01
9.8427313e-01  1.00771e+00
9.8428725e-01  9.72466e-01
9.8430138e-01  9.70830e-01
9.8431551e-01  9.60420e-01
9.8432969e-01  1.02032e+00
9.8434382e-01  9.94624e-01
9.8435794e-01  9.81851e-01
9.8437207e-01  1.00795e+00
9.8438620e-01  1.00290e+00
9.8440038e-01  9.82904e-01
9.8441451e-01  1.01377e+00
9.8442863e-01  1.01636e+00
9.8444276e-01  1.00771e+00
9.8445695e-01  9.81636e-01
9.8447107e-01  9.87394e-01
9.8448520e-01  9.88421e-01
9.8449933e-01  1.01107e+00
9.8451351e-01  9.59108e-01
9.8452764e-01  9.89955e-01
9.8454176e-01  9.89368e-01
9.8455589e-01  9.36942e-01
9.8457002e-01  9.55549e-01
9.8458420e-01  1.01869e+00
9.8459833e-01  9.98520e-01
9.8461246e-01  9.84429e-01
9.8462658e-01  1.05062e+00
9.8464077e-01  9.63067e-01
9.8465489e-01  9.60183e-01
9.8466902e-01  9.82462e-01
9.8468315e-01  9.69784e-01
9.8469727e-01  9.57416e-01
9.8471146e-01  9.94643e-01
9.8472559e-01  9.90800e-01
9.8473971e-01  9.79124e-01
9.8475384e-01  9.92992e-01
9.8476802e-01  9.72738e-01
9.8478215e-01  9.96669e-01
9.8479628e-01  9.72537e-01
9.8481040e-01  9.99545e-01
9.8482458e-01  9.56801e-01
9.8483870e-01  9.40539e-01
9.8485283e-01  9.74700e-01
9.8486696e-01  9.82518e-01
9.8488108e-01  9.74051e-01
9.8489527e-01  1.01127e+00
9.8490940e-01  1.02019e+00
9.8492352e-01  1.00926e+00
9.8493765e-01  9.90662e-01
9.8495183e-01  9.89767e-01
9.8496596e-01  9.93604e-01
9.8498009e-01  9.99561e-01
9.8499421e-01  9.93892e-01
9.8500840e-01  9.91505e-01
9.8502253e-01  9.76988e-01
9.8503665e-01  9.89189e-01
9.8505078e-01  9.95962e-01
9.8506490e-01  1.00265e+00
9.8507909e-01  9.81375e-01
9.8509322e-01  9.72576e-01
9.8510734e-01  9.98135e-01
9.8512147e-01  1.01695e+00
9.8513566e-01  9.80289e-01
9.8514978e-01  9.60146e-01
9.8516391e-01  9.88463e-01
9.8517803e-01  9.87461e-01
9.8519222e-01  9.75728e-01
9.8520635e-01  9.82918e-01
9.8522047e-01  9.85709e-01
9.8523460e-01  9.84178e-01
9.8524873e-01  9.80034e-01
9.8526291e-01  9.54344e-01
9.8527704e-01  9.74399e-01
9.8529116e-01  9.90719e-01
9.8530529e-01  9.94860e-01
9.8531948e-01  9.80217e-01
9.8533360e-01  9.82543e-01
9.8534773e-01  9.98379e-01
9.8536185e-01  9.87203e-01
9.8537604e-01  1.02292e+00
9.8539017e-01  1.05184e+00
9.8540429e-01  1.03777e+00
9.8541842e-01  1.06594e+00
9.8543255e-01  1.02750e+00
9.8544673e-01  1.00939e+00
9.8546086e-01  1.01046e+00
9.8547498e-01  1.00635e+00
9.8548911e-01  9.68112e-01
9.8550330e-01  9.82845e-01
9.8551742e-01  9.89367e-01
9.8553155e-01  9.91492e-01
9.8554568e-01  9.84904e-01
9.8555986e-01  9.66399e-01
9.8557399e-01  9.90132e-01
9.8558811e-01  1.00825e+00
9.8560224e-01  9.98603e-01
9.8561637e-01  1.00789e+00
9.8563055e-01  9.95637e-01
9.8564468e-01  9.95727e-01
9.8565881e-01  9.99569e-01
9.8567293e-01  9.99529e-01
9.8568712e-01  1.01403e+00
9.8570124e-01  9.83337e-01
9.8571537e-01  1.00097e+00
9.8572950e-01  1.00073e+00
9.8574368e-01  1.00693e+00
9.8575781e-01  1.00198e+00
9.8577193e-01  1.02294e+00
9.8578606e-01  1.01596e+00
9.8580019e-01  1.00300e+00
9.8581437e-01  1.00434e+00
9.8582850e-01  9.75326e-01
9.8584263e-01  9.81629e-01
9.8585675e-01  1.00139e+00
9.8587094e-01  1.00972e+00
9.8588506e-01  1.00934e+00
9.8589919e-01  1.01796e+00
9.8591332e-01  1.01477e+00
9.8592744e-01  1.01670e+00
9.8594163e-01  1.00636e+00
9.8595576e-01  1.00314e+00
9.8596988e-01  1.03226e+00
9.8598401e-01  1.02624e+00
9.8599819e-01  9.99929e-01
9.8601232e-01  1.00475e+00
9.8602645e-01  1.01320e+00
9.8604057e-01  1.00000e+00
9.8605476e-01  1.02427e+00
9.8606889e-01  1.02126e+00
9.8608301e-01  1.01486e+00
9.8609714e-01  1.01761e+00
9.8611126e-01  1.01908e+00
9.8612545e-01  9.89826e-01
9.8613958e-01  9.83970e-01
9.8615370e-01  9.78642e-01
9.8616783e-01  1.01862e+00
9.8618201e-01  9.94715e-01
9.8619614e-01  9.96717e-01
9.8621027e-01  1.00786e+00
9.8622439e-01  1.00034e+00
9.8623858e-01  1.01112e+00
9.8625271e-01  1.00904e+00
9.8626683e-01  1.00386e+00
9.8628096e-01  9.99915e-01
9.8629508e-01  9.97342e-01
9.8630927e-01  1.00723e+00
9.8632340e-01  1.00377e+00
9.8633752e-01  9.87227e-01
9.8635165e-01  9.97132e-01
9.8636584e-01  9.97781e-01
9.8637996e-01  9.97021e-01
9.8639409e-01  9.89427e-01
9.8640821e-01  1.01936e+00
9.8642240e-01  1.00646e+00
9.8643653e-01  1.01072e+00
9.8645065e-01  9.92649e-01
9.8646478e-01  9.83292e-01
9.8647891e-01  9.86627e-01
9.8649309e-01  9.97776e-01
9.8650722e-01  1.00503e+00
9.8652134e-01  9.96601e-01
9.8653547e-01  1.00036e+00
9.8654966e-01  9.84055e-01
9.8656378e-01  9.89233e-01
9.8657791e-01  9.88979e-01
9.8659203e-01  9.68080e-01
9.8660622e-01  9.54131e-01
9.8662035e-01  9.92450e-01
9.8663447e-01  1.01726e+00
9.8664860e-01  1.01715e+00
9.8666273e-01  1.00220e+00
9.8667691e-01  9.83913e-01
9.8669104e-01  9.71524e-01
9.8670516e-01  9.97390e-01
9.8671929e-01  9.88082e-01
9.8673348e-01  1.00297e+00
9.8674760e-01  1.01141e+00
9.8676173e-01  1.00956e+00
9.8677586e-01  1.00497e+00
9.8679004e-01  9.92296e-01
9.8680417e-01  1.01110e+00
9.8681829e-01  1.00429e+00
9.8683242e-01  1.01063e+00
9.8684655e-01  9.95626e-01
9.8686073e-01  9.93698e-01
9.8687486e-01  9.95573e-01
9.8688899e-01  9.99840e-01
9.8690311e-01  1.01684e+00
9.8691730e-01  1.00923e+00
9.8693142e-01  1.01491e+00
9.8694555e-01  1.03394e+00
9.8695968e-01  1.02021e+00
9.8697380e-01  1.02348e+00
9.8698799e-01  1.01350e+00
9.8700211e-01  1.00831e+00
9.8701624e-01  1.00525e+00
9.8703037e-01  1.00543e+00
9.8704455e-01  1.01515e+00
9.8705868e-01  1.02329e+00
9.8707281e-01  9.94084e-01
9.8708693e-01  9.89064e-01
9.8710112e-01  1.00505e+00
9.8711524e-01  1.04735e+00
9.8712937e-01  1.06048e+00
9.8714350e-01  1.03550e+00
9.8715762e-01  9.85270e-01
9.8717181e-01  9.91372e-01
9.8718594e-01  9.97539e-01
9.8720006e-01  1.00775e+00
9.8721419e-01  1.00044e+00
9.8722837e-01  9.98276e-01
9.8724250e-01  9.89141e-01
9.8725663e-01  9.98139e-01
9.8727075e-01  9.87539e-01
9.8728494e-01  1.00401e+00
9.8729907e-01  9.94436e-01
9.8731319e-01  9.82883e-01
9.8732732e-01  9.90876e-01
9.8734144e-01  1.00851e+00
9.8735563e-01  9.90985e-01
9.8736976e-01  9.97789e-01
9.8738388e-01  9.87793e-01
9.8739801e-01  9.92992e-01
9.8741219e-01  9.87941e-01
9.8742632e-01  9.78497e-01
9.8744045e-01  9.83341e-01
9.8745457e-01  1.00553e+00
9.8746876e-01  9.86170e-01
9.8748289e-01  9.84990e-01
9.8749701e-01  9.96020e-01
9.8751114e-01  1.01317e+00
9.8752526e-01  9.92015e-01
9.8753945e-01  9.88096e-01
9.8755358e-01  1.02353e+00
9.8756770e-01  1.06027e+00
9.8758183e-01  1.01144e+00
9.8759602e-01  9.88481e-01
9.8761014e-01  1.01483e+00
9.8762427e-01  1.02823e+00
9.8763839e-01  1.00565e+00
9.8765258e-01  9.98977e-01
9.8766671e-01  1.00445e+00
9.8768083e-01  1.01132e+00
9.8769496e-01  9.94798e-01
9.8770909e-01  1.01723e+00
9.8772327e-01  9.80179e-01
9.8773740e-01  1.01517e+00
9.8775152e-01  1.02020e+00
9.8776565e-01  1.01821e+00
9.8777984e-01  1.02655e+00
9.8779396e-01  1.00599e+00
9.8780809e-01  9.99835e-01
9.8782222e-01  1.00136e+00
9.8783640e-01  9.97884e-01
9.8785053e-01  1.01045e+00
9.8786465e-01  1.01507e+00
9.8787878e-01  1.02702e+00
9.8789291e-01  1.02070e+00
9.8790709e-01  1.01624e+00
9.8792122e-01  1.01307e+00
9.8793534e-01  1.01698e+00
9.8794947e-01  1.02478e+00
9.8796366e-01  1.02568e+00
9.8797778e-01  1.01987e+00
9.8799191e-01  1.01643e+00
9.8800604e-01  1.02518e+00
9.8802022e-01  1.03274e+00
9.8803435e-01  1.01741e+00
9.8804847e-01  1.01625e+00
9.8806260e-01  1.00807e+00
9.8807673e-01  1.01251e+00
9.8809091e-01  1.00364e+00
9.8810504e-01  1.00105e+00
9.8811917e-01  1.00262e+00
9.8813329e-01  1.00635e+00
9.8814748e-01  1.00714e+00
9.8816160e-01  1.01395e+00
9.8817572e-01  1.00960e+00
9.8818985e-01  1.00245e+00
9.8820397e-01  1.00236e+00
9.8821816e-01  9.96319e-01
9.8823229e-01  9.90562e-01
9.8824641e-01  9.93656e-01
9.8826054e-01  1.00717e+00
9.8827472e-01  1.01249e+00
9.8828885e-01  1.01844e+00
9.8830298e-01  1.02459e+00
9.8831710e-01  9.99943e-01
9.8833129e-01  9.98777e-01
9.8834541e-01  1.01325e+00
9.8835954e-01  1.04005e+00
9.8837367e-01  1.05952e+00
9.8838779e-01  1.02819e+00
9.8840198e-01  1.01558e+00
9.8841611e-01  1.01985e+00
9.8843023e-01  1.02144e+00
9.8844436e-01  1.01802e+00
9.8845854e-01  1.02048e+00
9.8847267e-01  1.01784e+00
9.8848680e-01  1.01577e+00
9.8850092e-01  1.01603e+00
9.8851511e-01  1.01343e+00
9.8852924e-01  1.01220e+00
9.8854336e-01  1.01165e+00
9.8855749e-01  1.01866e+00
9.8857161e-01  1.02749e+00
9.8858580e-01  1.02240e+00
9.8859993e-01  1.01573e+00
9.8861405e-01  1.01005e+00
9.8862818e-01  1.00738e+00
9.8864237e-01  1.02289e+00
9.8865649e-01  1.02932e+00
9.8867062e-01  1.02781e+00
9.8868474e-01  1.02621e+00
9.8869893e-01  1.02450e+00
9.8871306e-01  1.03597e+00
9.8872718e-01  1.02893e+00
9.8874131e-01  1.02676e+00
9.8875544e-01  1.03474e+00
9.8876962e-01  1.03484e+00
9.8878375e-01  1.03632e+00
9.8879787e-01  1.02264e+00
9.8881200e-01  1.03528e+00
9.8882619e-01  1.02142e+00
9.8884031e-01  1.01682e+00
9.8885444e-01  1.02233e+00
9.8886856e-01  1.04282e+00
9.8888275e-01  1.03920e+00
9.8889688e-01  1.03651e+00
9.8891100e-01  1.04324e+00
9.8892513e-01  1.10413e+00
9.8893926e-01  1.03546e+00
9.8895344e-01  1.02735e+00
9.8896757e-01  1.03822e+00
9.8898169e-01  1.04312e+00
9.8899582e-01  1.02852e+00
9.8901001e-01  1.02398e+00
9.8902413e-01  1.01759e+00
9.8903826e-01  1.02400e+00
9.8905239e-01  1.02038e+00
9.8906657e-01  1.01929e+00
9.8908070e-01  1.01578e+00
9.8909482e-01  1.00915e+00
9.8910895e-01  1.01253e+00
9.8912308e-01  1.01088e+00
9.8913726e-01  1.01551e+00
9.8915139e-01  1.01853e+00
9.8916552e-01  1.03204e+00
9.8917964e-01  1.02579e+00
9.8919383e-01  1.00856e+00
9.8920795e-01  1.00723e+00
9.8922208e-01  1.00643e+00
9.8923621e-01  1.02035e+00
9.8925033e-01  1.02012e+00
9.8926452e-01  1.03061e+00
9.8927864e-01  1.00830e+00
9.8929277e-01  1.01146e+00
9.8930690e-01  1.00175e+00
9.8932108e-01  1.00722e+00
9.8933521e-01  1.01880e+00
9.8934934e-01  1.01426e+00
9.8936346e-01  1.01425e+00
9.8937765e-01  1.02023e+00
9.8939177e-01  1.02369e+00
9.8940590e-01  1.02467e+00
9.8942003e-01  1.03578e+00
9.8943415e-01  1.02051e+00
9.8944834e-01  1.02299e+00
9.8946247e-01  1.01999e+00
9.8947659e-01  1.01316e+00
9.8949072e-01  1.01330e+00
9.8950490e-01  1.01764e+00
9.8951903e-01  1.01039e+00
9.8953316e-01  1.01690e+00
9.8954728e-01  1.03120e+00
9.8956147e-01  1.02514e+00
9.8957560e-01  1.03134e+00
9.8958972e-01  1.03675e+00
9.8960385e-01  1.02992e+00
9.8961797e-01  1.00854e+00
9.8963216e-01  1.03957e+00
9.8964629e-01  1.06979e+00
9.8966041e-01  1.06450e+00
9.8967454e-01  1.02288e+00
9.8968872e-01  1.01797e+00
9.8970285e-01  1.02124e+00
9.8971698e-01  9.78137e-01
9.8973110e-01  9.80753e-01
9.8974529e-01  1.01250e+00
9.8975942e-01  1.01766e+00
9.8977354e-01  1.02597e+00
9.8978767e-01  1.01734e+00
9.8980179e-01  1.01630e+00
9.8981598e-01  1.01468e+00
9.8983011e-01  1.01676e+00
9.8984423e-01  1.02525e+00
9.8985836e-01  1.02247e+00
9.8987255e-01  1.02175e+00
9.8988667e-01  1.02031e+00
9.8990080e-01  9.95824e-01
9.8991492e-01  9.99162e-01
9.8992911e-01  9.95635e-01
9.8994324e-01  1.00234e+00
9.8995736e-01  9.92923e-01
9.8997149e-01  1.00964e+00
9.8998562e-01  1.01657e+00
9.8999980e-01  1.01926e+00
9.9001393e-01  1.00568e+00
9.9002805e-01  1.01338e+00
9.9004218e-01  1.01337e+00
9.9005637e-01  9.96835e-01
9.9007049e-01  9.95384e-01
9.9008462e-01  9.91255e-01
9.9009875e-01  9.95659e-01
9.9011293e-01  9.97768e-01
9.9012706e-01  1.00756e+00
9.9014118e-01  1.00071e+00
9.9015531e-01  1.00603e+00
9.9016944e-01  1.03037e+00
9.9018362e-01  9.95259e-01
9.9019775e-01  9.85558e-01
9.9021187e-01  9.83779e-01
9.9022600e-01  9.84823e-01
9.9024019e-01  9.94000e-01
9.9025431e-01  9.75583e-01
9.9026844e-01  9.75116e-01
9.9028257e-01  9.72370e-01
9.9029675e-01  9.74551e-01
9.9031088e-01  9.78451e-01
9.9032500e-01  9.83244e-01
9.9033913e-01  9.82786e-01
9.9035326e-01  9.86742e-01
9.9036744e-01  9.87945e-01
9.9038157e-01  9.81612e-01
9.9039570e-01  9.74913e-01
9.9040982e-01  9.66737e-01
9.9042401e-01  9.68139e-01
9.9043813e-01  9.78181e-01
9.9045226e-01  9.71406e-01
9.9046639e-01  9.84467e-01
9.9048051e-01  9.69086e-01
9.9049470e-01  9.83272e-01
9.9050883e-01  9.79436e-01
9.9052295e-01  9.84736e-01
9.9053708e-01  9.77577e-01
9.9055126e-01  9.80135e-01
9.9056539e-01  9.76687e-01
9.9057952e-01  9.72614e-01
9.9059364e-01  9.86445e-01
9.9060783e-01  9.83806e-01
9.9062195e-01  9.81393e-01
9.9063608e-01  9.83444e-01
9.9065021e-01  9.82537e-01
9.9066433e-01  9.84816e-01
9.9067852e-01  9.82999e-01
9.9069265e-01  9.85627e-01
9.9070677e-01  9.76279e-01
9.9072090e-01  9.75546e-01
9.9073508e-01  9.82378e-01
9.9074921e-01  9.66729e-01
9.9076334e-01  9.78701e-01
9.9077746e-01  9.68131e-01
9.9079165e-01  9.82194e-01
9.9080578e-01  9.78138e-01
9.9081990e-01  9.87148e-01
9.9083403e-01  9.79175e-01
9.9084815e-01  9.91121e-01
9.9086234e-01  9.86647e-01
9.9087647e-01  9.86736e-01
9.9089059e-01  9.87940e-01
9.9090472e-01  9.86569e-01
9.9091890e-01  9.82226e-01
9.9093303e-01  9.73595e-01
9.9094716e-01  9.88959e-01
9.9096128e-01  1.00658e+00
9.9097547e-01  1.00308e+00
9.9098960e-01  9.85095e-01
9.9100372e-01  9.87026e-01
9.9101785e-01  9.83129e-01
9.9103197e-01  9.76339e-01
9.9104616e-01  9.80744e-01
9.9106029e-01  9.80105e-01
9.9107441e-01  9.98370e-01
9.9108854e-01  9.90789e-01
9.9110273e-01  9.44643e-01
9.9111685e-01  9.42885e-01
9.9113098e-01  9.73293e-01
9.9114510e-01  9.81799e-01
9.9115929e-01  9.76119e-01
9.9117342e-01  9.88041e-01
9.9118754e-01  9.89460e-01
9.9120167e-01  9.91552e-01
9.9121580e-01  1.00007e+00
9.9122998e-01  1.00574e+00
9.9124411e-01  1.00869e+00
9.9125823e-01  9.99733e-01
9.9127236e-01  1.00339e+00
9.9128655e-01  9.99108e-01
9.9130067e-01  9.88686e-01
9.9131480e-01  1.00502e+00
9.9132893e-01  9.97931e-01
9.9134311e-01  9.96252e-01
9.9135724e-01  9.94236e-01
9.9137136e-01  9.87638e-01
9.9138549e-01  9.94442e-01
9.9139962e-01  9.83842e-01
9.9141380e-01  9.96144e-01
9.9142793e-01  9.90018e-01
9.9144205e-01  9.77989e-01
9.9145618e-01  9.77943e-01
9.9147037e-01  9.80026e-01
9.9148449e-01  9.74090e-01
9.9149862e-01  9.80838e-01
9.9151275e-01  9.74248e-01
9.9152687e-01  9.65096e-01
9.9154105e-01  9.63232e-01
9.9155517e-01  9.62263e-01
9.9156930e-01  9.46625e-01
9.9158343e-01  9.56164e-01
9.9159761e-01  9.60251e-01
9.9161174e-01  9.69325e-01
9.9162587e-01  9.68884e-01
9.9163999e-01  9.77242e-01
9.9165418e-01  9.70800e-01
9.9166830e-01  9.66625e-01
9.9168243e-01  9.68445e-01
9.9169656e-01  1.00451e+00
9.9171068e-01  1.00224e+00
9.9172487e-01  9.81375e-01
9.9173900e-01  9.65620e-01
9.9175312e-01  9.70822e-01
9.9176725e-01  9.41153e-01
9.9178143e-01  9.12663e-01
9.9179556e-01  9.67877e-01
9.9180969e-01  9.88199e-01
9.9182381e-01  9.87958e-01
9.9183800e-01  9.83040e-01
9.9185212e-01  9.74726e-01
9.9186625e-01  9.64876e-01
9.9188038e-01  9.71994e-01
9.9189450e-01  9.92210e-01
9.9190869e-01  9.79172e-01
9.9192282e-01  9.68620e-01
9.9193694e-01  9.64135e-01
9.9195107e-01  9.73880e-01
9.9196525e-01  9.74655e-01
9.9197938e-01  9.72080e-01
9.9199351e-01  9.77295e-01
9.9200763e-01  9.79800e-01
9.9202182e-01  9.95092e-01
9.9203595e-01  1.00032e+00
9.9205007e-01  1.00050e+00
9.9206420e-01  1.00094e+00
9.9207832e-01  9.96955e-01
9.9209251e-01  9.99430e-01
9.9210664e-01  9.92088e-01
9.9212076e-01  9.71692e-01
9.9213489e-01  9.82207e-01
9.9214908e-01  9.92676e-01
9.9216320e-01  9.94481e-01
9.9217733e-01  9.82864e-01
9.9219145e-01  9.94860e-01
9.9220564e-01  9.95713e-01
9.9221977e-01  9.83491e-01
9.9223389e-01  9.81754e-01
9.9224802e-01  9.87224e-01
9.9226215e-01  9.87330e-01
9.9227633e-01  9.99371e-01
9.9229046e-01  1.00068e+00
9.9230458e-01  1.00283e+00
9.9231871e-01  1.00136e+00
9.9233290e-01  9.93108e-01
9.9234702e-01  9.93456e-01
9.9236115e-01  1.01496e+00
9.9237527e-01  1.04069e+00
9.9238946e-01  9.98555e-01
9.9240359e-01  9.95454e-01
9.9241771e-01  9.90772e-01
9.9243184e-01  9.98588e-01
9.9244597e-01  9.86443e-01
9.9246015e-01  9.84169e-01
9.9247428e-01  9.68842e-01
9.9248840e-01  9.48186e-01
9.9250253e-01  9.76024e-01
9.9251672e-01  9.81344e-01
9.9253084e-01  9.91182e-01
9.9254497e-01  9.81412e-01
9.9255910e-01  9.82159e-01
9.9257328e-01  9.87140e-01
9.9258741e-01  9.84950e-01
9.9260153e-01  9.76399e-01
9.9261566e-01  9.83980e-01
9.9262979e-01  9.86999e-01
9.9264397e-01  9.86961e-01
9.9265810e-01  9.68633e-01
9.9267223e-01  9.44052e-01
9.9268635e-01  9.66407e-01
9.9270054e-01  9.91395e-01
9.9271466e-01  9.77579e-01
9.9272879e-01  9.80160e-01
9.9274292e-01  9.68899e-01
9.9275710e-01  9.79265e-01
9.9277123e-01  9.67771e-01
9.9278535e-01  9.61947e-01
9.9279948e-01  9.64254e-01
9.9281361e-01  9.75449e-01
9.9282779e-01  9.76664e-01
9.9284192e-01  9.83857e-01
9.9285605e-01  9.94442e-01
9.9287017e-01  9.82622e-01
9.9288436e-01  9.88711e-01
9.9289848e-01  9.93241e-01
9.9291261e-01  9.85028e-01
9.9292674e-01  9.85805e-01
9.9294086e-01  9.90716e-01
9.9295505e-01  9.94927e-01
9.9296918e-01  9.97696e-01
9.9298330e-01  9.80386e-01
9.9299743e-01  9.79381e-01
9.9301161e-01  9.90010e-01
9.9302574e-01  9.81852e-01
9.9303987e-01  9.87225e-01
9.9305399e-01  9.79472e-01
9.9306818e-01  9.87143e-01
9.9308231e-01  9.88834e-01
9.9309643e-01  9.87087e-01
9.9311056e-01  9.70308e-01
9.9312468e-01  9.82618e-01
9.9313887e-01  9.97235e-01
9.9315300e-01  1.01796e+00
9.9316712e-01  1.02483e+00
9.9318125e-01  9.96161e-01
9.9319543e-01  1.09087e+00
9.9320956e-01  1.03956e+00
9.9322369e-01  1.06638e+00
9.9323781e-01  9.82035e-01
9.9325200e-01  9.92571e-01
9.9326613e-01  9.96711e-01
9.9328025e-01  9.90842e-01
9.9329438e-01  1.00601e+00
9.9330850e-01  9.94318e-01
9.9332269e-01  9.88687e-01
9.9333682e-01  9.83395e-01
9.9335094e-01  9.83371e-01
9.9336507e-01  9.99762e-01
9.9337926e-01  9.96459e-01
9.9339338e-01  1.00487e+00
9.9340751e-01  9.92698e-01
9.9342163e-01  9.84353e-01
9.9343582e-01  9.84595e-01
9.9344995e-01  9.81165e-01
9.9346407e-01  9.79041e-01
9.9347820e-01  9.69271e-01
9.9349233e-01  9.55009e-01
9.9350651e-01  9.82595e-01
9.9352064e-01  9.86274e-01
9.9353476e-01  9.82191e-01
9.9354889e-01  9.86319e-01
9.9356308e-01  9.93962e-01
9.9357720e-01  9.81812e-01
9.9359133e-01  9.76599e-01
9.9360546e-01  9.84403e-01
9.9361964e-01  9.96713e-01
9.9363377e-01  9.83899e-01
9.9364789e-01  9.85511e-01
9.9366202e-01  9.87816e-01
9.9367615e-01  9.88784e-01
9.9369033e-01  9.95734e-01
9.9370446e-01  9.97782e-01
9.9371858e-01  9.90995e-01
9.9373271e-01  1.00319e+00
9.9374690e-01  1.00441e+00
9.9376102e-01  9.95280e-01
9.9377515e-01  9.90563e-01
9.9378928e-01  1.00266e+00
9.9380340e-01  1.00564e+00
9.9381759e-01  1.00190e+00
9.9383171e-01  1.00613e+00
9.9384584e-01  1.00803e+00
9.9385997e-01  1.00842e+00
9.9387415e-01  1.01711e+00
9.9388828e-01  1.01746e+00
9.9390241e-01  1.02936e+00
9.9391653e-01  1.02720e+00
9.9393072e-01  1.02976e+00
9.9394484e-01  1.02208e+00
9.9395897e-01  1.02646e+00
9.9397310e-01  1.02409e+00
9.9398722e-01  1.02948e+00
9.9400141e-01  1.01497e+00
9.9401554e-01  1.00885e+00
9.9402966e-01  1.03585e+00
9.9404379e-01  1.02917e+00
9.9405797e-01  1.02511e+00
9.9407210e-01  1.01953e+00
9.9408623e-01  1.01993e+00
9.9410035e-01  1.01294e+00
9.9411454e-01  1.02750e+00
9.9412866e-01  1.01753e+00
9.9414279e-01  1.02446e+00
9.9415692e-01  1.02566e+00
9.9417104e-01  1.01434e+00
9.9418523e-01  1.01239e+00
9.9419936e-01  1.01611e+00
9.9421348e-01  1.02685e+00
9.9422761e-01  1.02235e+00
9.9424179e-01  1.00830e+00
9.9425592e-01  1.00000e+00
9.9427005e-01  1.00530e+00
9.9428417e-01  1.01689e+00
9.9429836e-01  1.01316e+00
9.9431249e-01  1.00393e+00
9.9432661e-01  1.01819e+00
9.9434074e-01  1.02500e+00
9.9435486e-01  1.02746e+00
9.9436905e-01  1.01824e+00
9.9438318e-01  1.01977e+00
9.9439730e-01  1.01583e+00
9.9441143e-01  1.01811e+00
9.9442562e-01  1.02859e+00
9.9443974e-01  1.02335e+00
9.9445387e-01  1.01504e+00
9.9446799e-01  1.01222e+00
9.9448218e-01  1.02138e+00
9.9449631e-01  1.01458e+00
9.9451043e-01  1.00571e+00
9.9452456e-01  1.00794e+00
9.9453869e-01  9.98223e-01
9.9455287e-01  9.91200e-01
9.9456700e-01  9.92236e-01
9.9458112e-01  9.95137e-01
9.9459525e-01  1.00826e+00
9.9460944e-01  1.01308e+00
9.9462356e-01  1.01389e+00
9.9463769e-01  1.01606e+00
9.9465181e-01  1.02873e+00
9.9466600e-01  1.03287e+00
9.9468013e-01  1.02358e+00
9.9469425e-01  1.02042e+00
9.9470838e-01  1.03066e+00
9.9472251e-01  1.02063e+00
9.9473669e-01  1.02098e+00
9.9475082e-01  1.00939e+00
9.9476494e-01  1.01007e+00
9.9477907e-01  1.01093e+00
9.9479326e-01  1.01901e+00
9.9480738e-01  1.00898e+00
9.9482151e-01  1.00886e+00
9.9483564e-01  1.00693e+00
9.9484982e-01  9.96155e-01
9.9486395e-01  1.00679e+00
9.9487807e-01  1.02279e+00
9.9489219e-01  1.01299e+00
9.9490632e-01  1.02515e+00
9.9492050e-01  1.02234e+00
9.9493463e-01  1.02013e+00
9.9494876e-01  1.00231e+00
9.9496288e-01  9.86848e-01
9.9497707e-01  9.91567e-01
9.9499119e-01  9.87186e-01
9.9500532e-01  9.97462e-01
9.9501945e-01  1.02771e+00
9.9503363e-01  1.02052e+00
9.9504776e-01  1.00727e+00
9.9506188e-01  1.01656e+00
9.9507601e-01  1.01946e+00
9.9509014e-01  1.01146e+00
9.9510432e-01  1.02260e+00
9.9511845e-01  1.01191e+00
9.9513258e-01  1.01255e+00
9.9514670e-01  1.01286e+00
9.9516089e-01  1.02028e+00
9.9517501e-01  1.02488e+00
9.9518914e-01  1.02433e+00
9.9520327e-01  1.02805e+00
9.9521739e-01  1.01509e+00
9.9523158e-01  1.02151e+00
9.9524571e-01  1.14331e+00
9.9525983e-01  1.18097e+00
9.9527396e-01  1.02835e+00
9.9528814e-01  1.01488e+00
9.9530227e-01  1.02238e+00
9.9531640e-01  1.00969e+00
9.9533052e-01  1.01103e+00
9.9534471e-01  1.02307e+00
9.9535883e-01  1.00866e+00
9.9537296e-01  1.02494e+00
9.9538709e-01  1.01990e+00
9.9540121e-01  1.02130e+00
9.9541540e-01  1.02298e+00
9.9542953e-01  1.02862e+00
9.9544365e-01  1.03309e+00
9.9545778e-01  1.03082e+00
9.9547196e-01  1.02336e+00
9.9548609e-01  1.02209e+00
9.9550022e-01  1.01060e+00
9.9551434e-01  1.01514e+00
9.9552853e-01  1.00979e+00
9.9554266e-01  1.00843e+00
9.9555678e-01  1.02717e+00
9.9557091e-01  1.02286e+00
9.9558503e-01  1.02321e+00
9.9559922e-01  1.02351e+00
9.9561335e-01  1.02329e+00
9.9562747e-01  1.03020e+00
9.9564160e-01  1.02967e+00
9.9565579e-01  1.02897e+00
9.9566991e-01  1.01434e+00
9.9568404e-01  1.03114e+00
9.9569816e-01  1.02177e+00
9.9571235e-01  1.00860e+00
9.9572648e-01  1.02206e+00
9.9574060e-01  1.02815e+00
9.9575473e-01  1.02222e+00
9.9576886e-01  1.02209e+00
9.9578304e-01  1.00277e+00
9.9579717e-01  1.00422e+00
9.9581129e-01  1.00861e+00
9.9582542e-01  1.02058e+00
9.9583961e-01  1.02512e+00
9.9585373e-01  1.03862e+00
9.9586786e-01  1.03620e+00
9.9588198e-01  1.03382e+00
9.9589617e-01  1.03934e+00
9.9591030e-01  1.03007e+00
9.9592442e-01  1.05845e+00
9.9593855e-01  1.05713e+00
9.9595268e-01  1.03044e+00
9.9596686e-01  1.03325e+00
9.9598099e-01  1.04468e+00
9.9599511e-01  1.03686e+00
9.9600924e-01  1.04355e+00
9.9602343e-01  1.05045e+00
9.9603755e-01  1.03070e+00
9.9605168e-01  1.03308e+00
9.9606581e-01  1.03083e+00
9.9607993e-01  1.02642e+00
9.9609412e-01  1.00341e+00
9.9610824e-01  1.01618e+00
9.9612237e-01  1.03077e+00
9.9613650e-01  1.03252e+00
9.9615068e-01  1.03431e+00
9.9616481e-01  1.03513e+00
9.9617894e-01  1.03996e+00
9.9619306e-01  1.03728e+00
9.9620725e-01  1.01866e+00
9.9622137e-01  1.01486e+00
9.9623550e-01  1.02379e+00
9.9624963e-01  1.03094e+00
9.9626375e-01  1.02718e+00
9.9627794e-01  1.02819e+00
9.9629206e-01  1.00910e+00
9.9630619e-01  1.03309e+00
9.9632032e-01  1.02712e+00
9.9633450e-01  1.03564e+00
9.9634863e-01  1.05224e+00
9.9636276e-01  1.07733e+00
9.9637688e-01  1.07661e+00
9.9639107e-01  1.05107e+00
9.9640519e-01  1.03458e+00
9.9641932e-01  1.03667e+00
9.9643345e-01  1.03567e+00
9.9644757e-01  1.02123e+00
9.9646176e-01  1.02956e+00
9.9647589e-01  1.02844e+00
9.9649001e-01  1.01562e+00
9.9650414e-01  1.00153e+00
9.9651832e-01  1.00724e+00
9.9653245e-01  1.02010e+00
9.9654658e-01  1.02781e+00
9.9656070e-01  1.02282e+00
9.9657489e-01  1.01001e+00
9.9658902e-01  1.01133e+00
9.9660314e-01  1.01880e+00
9.9661727e-01  1.03275e+00
9.9663139e-01  1.03106e+00
9.9664558e-01  1.02110e+00
9.9665971e-01  1.03716e+00
9.9667383e-01  1.02905e+00
9.9668796e-01  1.04699e+00
9.9670214e-01  1.05373e+00
9.9671627e-01  1.03283e+00
9.9673040e-01  1.02276e+00
9.9674452e-01  1.02676e+00
9.9675871e-01  1.04960e+00
9.9677284e-01  1.05010e+00
9.9678696e-01  1.02333e+00
9.9680109e-01  1.03251e+00
9.9681521e-01  1.03928e+00
9.9682940e-01  1.04079e+00
9.9684353e-01  1.04140e+00
9.9685765e-01  1.02728e+00
9.9687178e-01  1.03322e+00
9.9688597e-01  1.02995e+00
9.9690009e-01  1.03706e+00
9.9691422e-01  1.01569e+00
9.9692834e-01  1.02550e+00
9.9694253e-01  1.02432e+00
9.9695666e-01  1.03822e+00
9.9697078e-01  1.04168e+00
9.9698491e-01  1.02349e+00
