#Normalization-constant  6.46299e+02
#lambda         flux
1.0807940e+00  1.03006e+00
1.0808096e+00  1.03779e+00
1.0808251e+00  1.01352e+00
1.0808407e+00  1.01177e+00
1.0808562e+00  1.11109e+00
1.0808718e+00  1.05913e+00
1.0808873e+00  1.06924e+00
1.0809029e+00  1.09120e+00
1.0809184e+00  1.08856e+00
1.0809340e+00  1.00061e+00
1.0809497e+00  1.06983e+00
1.0809651e+00  9.61888e-01
1.0809808e+00  1.03922e+00
1.0809963e+00  9.70845e-01
1.0810119e+00  1.02924e+00
1.0810274e+00  1.09537e+00
1.0810430e+00  1.07884e+00
1.0810585e+00  1.08831e+00
1.0810741e+00  1.04833e+00
1.0810896e+00  9.98594e-01
1.0811052e+00  1.05090e+00
1.0811207e+00  9.67752e-01
1.0811363e+00  1.08137e+00
1.0811518e+00  9.98078e-01
1.0811674e+00  9.69585e-01
1.0811829e+00  1.02736e+00
1.0811986e+00  9.54357e-01
1.0812141e+00  9.88375e-01
1.0812297e+00  1.05307e+00
1.0812453e+00  1.05207e+00
1.0812608e+00  1.01852e+00
1.0812764e+00  9.85266e-01
1.0812919e+00  9.90911e-01
1.0813075e+00  1.04306e+00
1.0813230e+00  1.08524e+00
1.0813386e+00  1.02109e+00
1.0813541e+00  9.85856e-01
1.0813697e+00  9.69285e-01
1.0813852e+00  1.03073e+00
1.0814009e+00  1.03168e+00
1.0814164e+00  9.59045e-01
1.0814320e+00  9.96144e-01
1.0814475e+00  1.08236e+00
1.0814631e+00  1.04991e+00
1.0814786e+00  1.03031e+00
1.0814942e+00  1.06494e+00
1.0815097e+00  1.04980e+00
1.0815253e+00  9.56170e-01
1.0815409e+00  1.03868e+00
1.0815564e+00  1.01051e+00
1.0815720e+00  9.90564e-01
1.0815875e+00  9.87876e-01
1.0816032e+00  1.01033e+00
1.0816187e+00  9.79705e-01
1.0816343e+00  9.72687e-01
1.0816498e+00  1.05463e+00
1.0816654e+00  1.03326e+00
1.0816809e+00  1.06752e+00
1.0816965e+00  1.09282e+00
1.0817120e+00  1.07295e+00
1.0817276e+00  1.07663e+00
1.0817431e+00  1.00557e+00
1.0817587e+00  1.07889e+00
1.0817742e+00  1.08549e+00
1.0817898e+00  1.03133e+00
1.0818055e+00  1.03072e+00
1.0818210e+00  1.03452e+00
1.0818366e+00  1.07261e+00
1.0818521e+00  1.07571e+00
1.0818677e+00  1.03737e+00
1.0818832e+00  9.95361e-01
1.0818988e+00  1.06947e+00
1.0819143e+00  1.04216e+00
1.0819299e+00  1.00764e+00
1.0819454e+00  1.06592e+00
1.0819610e+00  1.02765e+00
1.0819765e+00  1.01810e+00
1.0819921e+00  9.81624e-01
1.0820076e+00  9.58434e-01
1.0820232e+00  9.89286e-01
1.0820387e+00  9.66357e-01
1.0820544e+00  9.33255e-01
1.0820699e+00  9.26632e-01
1.0820855e+00  9.50194e-01
1.0821011e+00  9.65705e-01
1.0821166e+00  9.68991e-01
1.0821322e+00  1.00088e+00
1.0821477e+00  9.68106e-01
1.0821633e+00  9.19694e-01
1.0821788e+00  8.98189e-01
1.0821944e+00  9.15188e-01
1.0822099e+00  9.27253e-01
1.0822255e+00  9.25638e-01
1.0822410e+00  9.39636e-01
1.0822567e+00  9.20653e-01
1.0822722e+00  8.88729e-01
1.0822878e+00  9.15424e-01
1.0823033e+00  9.08308e-01
1.0823189e+00  8.80535e-01
1.0823344e+00  9.00955e-01
1.0823500e+00  8.59543e-01
1.0823656e+00  8.64656e-01
1.0823812e+00  8.49374e-01
1.0823968e+00  9.01068e-01
1.0824123e+00  8.73423e-01
1.0824279e+00  8.54521e-01
1.0824434e+00  8.70903e-01
1.0824591e+00  8.96501e-01
1.0824746e+00  8.89966e-01
1.0824902e+00  8.86547e-01
1.0825057e+00  8.85138e-01
1.0825213e+00  8.55610e-01
1.0825368e+00  8.80941e-01
1.0825524e+00  8.71344e-01
1.0825679e+00  8.97222e-01
1.0825835e+00  8.40393e-01
1.0825990e+00  8.20797e-01
1.0826146e+00  8.82960e-01
1.0826301e+00  8.70814e-01
1.0826457e+00  8.60864e-01
1.0826612e+00  8.58964e-01
1.0826769e+00  8.78065e-01
1.0826925e+00  8.62486e-01
1.0827080e+00  9.01277e-01
1.0827236e+00  9.05883e-01
1.0827391e+00  8.74510e-01
1.0827547e+00  8.44435e-01
1.0827702e+00  8.70749e-01
1.0827858e+00  8.84838e-01
1.0828013e+00  9.03743e-01
1.0828169e+00  9.02672e-01
1.0828324e+00  8.70765e-01
1.0828480e+00  8.09345e-01
1.0828635e+00  8.49723e-01
1.0828792e+00  8.68389e-01
1.0828947e+00  9.16005e-01
1.0829103e+00  8.99412e-01
1.0829258e+00  8.54646e-01
1.0829414e+00  9.14106e-01
1.0829569e+00  9.72932e-01
1.0829725e+00  1.04161e+00
1.0829881e+00  9.13281e-01
1.0830036e+00  8.84900e-01
1.0830192e+00  8.46906e-01
1.0830347e+00  9.36015e-01
1.0830503e+00  9.26946e-01
1.0830658e+00  9.57140e-01
1.0830815e+00  9.63743e-01
1.0830969e+00  9.82378e-01
1.0831126e+00  9.43485e-01
1.0831281e+00  9.03964e-01
1.0831437e+00  9.27701e-01
1.0831592e+00  9.44608e-01
1.0831748e+00  9.27270e-01
1.0831903e+00  9.01926e-01
1.0832059e+00  9.22754e-01
1.0832214e+00  9.23167e-01
1.0832370e+00  9.49534e-01
1.0832525e+00  9.35013e-01
1.0832681e+00  9.35016e-01
1.0832837e+00  9.39334e-01
1.0832992e+00  9.69720e-01
1.0833149e+00  9.69709e-01
1.0833304e+00  1.00382e+00
1.0833460e+00  1.04705e+00
1.0833615e+00  9.90163e-01
1.0833771e+00  1.01477e+00
1.0833926e+00  1.03442e+00
1.0834082e+00  1.01295e+00
1.0834237e+00  1.01586e+00
1.0834393e+00  1.00930e+00
1.0834548e+00  1.01319e+00
1.0834704e+00  1.01194e+00
1.0834859e+00  1.01855e+00
1.0835015e+00  1.01068e+00
1.0835170e+00  9.92444e-01
1.0835327e+00  9.96985e-01
1.0835482e+00  9.52154e-01
1.0835638e+00  1.00611e+00
1.0835794e+00  9.92314e-01
1.0835949e+00  9.89620e-01
1.0836105e+00  1.03904e+00
1.0836260e+00  1.01716e+00
1.0836416e+00  1.01348e+00
1.0836571e+00  1.04989e+00
1.0836727e+00  1.01375e+00
1.0836882e+00  1.03229e+00
1.0837038e+00  9.92888e-01
1.0837193e+00  1.06414e+00
1.0837350e+00  1.10485e+00
1.0837505e+00  1.05981e+00
1.0837661e+00  1.07842e+00
1.0837816e+00  1.08262e+00
1.0837972e+00  1.07036e+00
1.0838127e+00  1.02779e+00
1.0838283e+00  1.07234e+00
1.0838439e+00  1.03718e+00
1.0838594e+00  1.05672e+00
1.0838750e+00  1.01073e+00
1.0838905e+00  1.03642e+00
1.0839061e+00  1.05372e+00
1.0839216e+00  1.03282e+00
1.0839373e+00  1.07018e+00
1.0839528e+00  1.03887e+00
1.0839684e+00  1.05022e+00
1.0839839e+00  1.07836e+00
1.0839995e+00  1.05158e+00
1.0840150e+00  1.03249e+00
1.0840306e+00  1.02833e+00
1.0840461e+00  1.07377e+00
1.0840617e+00  1.08259e+00
1.0840772e+00  1.05051e+00
1.0840928e+00  1.05961e+00
1.0841083e+00  1.10839e+00
1.0841239e+00  1.08262e+00
1.0841396e+00  1.04203e+00
1.0841551e+00  1.04840e+00
1.0841707e+00  1.05806e+00
1.0841862e+00  1.04890e+00
1.0842018e+00  1.05288e+00
1.0842173e+00  1.06105e+00
1.0842329e+00  1.07405e+00
1.0842484e+00  1.05549e+00
1.0842640e+00  1.06432e+00
1.0842795e+00  1.09343e+00
1.0842951e+00  1.04005e+00
1.0843106e+00  1.04269e+00
1.0843263e+00  1.05424e+00
1.0843418e+00  1.05890e+00
1.0843574e+00  1.04994e+00
1.0843729e+00  1.00867e+00
1.0843886e+00  1.02031e+00
1.0844041e+00  1.03601e+00
1.0844197e+00  1.01294e+00
1.0844353e+00  1.04643e+00
1.0844508e+00  1.03997e+00
1.0844664e+00  1.00875e+00
1.0844819e+00  1.00545e+00
1.0844975e+00  1.02378e+00
1.0845130e+00  1.02048e+00
1.0845286e+00  1.04135e+00
1.0845441e+00  1.04631e+00
1.0845597e+00  1.06859e+00
1.0845752e+00  1.05587e+00
1.0845909e+00  1.04651e+00
1.0846064e+00  1.04104e+00
1.0846220e+00  1.04772e+00
1.0846375e+00  1.02316e+00
1.0846531e+00  1.00447e+00
1.0846686e+00  1.05210e+00
1.0846842e+00  1.01601e+00
1.0846997e+00  1.05572e+00
1.0847153e+00  1.06376e+00
1.0847309e+00  1.04947e+00
1.0847464e+00  1.04216e+00
1.0847620e+00  1.03090e+00
1.0847775e+00  1.01831e+00
1.0847932e+00  1.00754e+00
1.0848087e+00  1.00475e+00
1.0848243e+00  1.01384e+00
1.0848398e+00  1.02347e+00
1.0848554e+00  9.80362e-01
1.0848709e+00  9.94476e-01
1.0848865e+00  1.00663e+00
1.0849020e+00  1.00395e+00
1.0849176e+00  1.00835e+00
1.0849331e+00  1.00414e+00
1.0849487e+00  1.01384e+00
1.0849642e+00  1.00991e+00
1.0849798e+00  9.95552e-01
1.0849953e+00  1.00961e+00
1.0850110e+00  1.02552e+00
1.0850266e+00  1.02092e+00
1.0850421e+00  1.02638e+00
1.0850577e+00  1.04410e+00
1.0850732e+00  1.05951e+00
1.0850888e+00  1.05193e+00
1.0851043e+00  1.00664e+00
1.0851199e+00  1.02134e+00
1.0851354e+00  1.01137e+00
1.0851510e+00  1.02794e+00
1.0851665e+00  1.05551e+00
1.0851821e+00  1.06900e+00
1.0851976e+00  1.03820e+00
1.0852133e+00  1.06314e+00
1.0852287e+00  1.04713e+00
1.0852444e+00  1.02429e+00
1.0852599e+00  1.03146e+00
1.0852755e+00  1.02256e+00
1.0852910e+00  1.00818e+00
1.0853066e+00  1.04759e+00
1.0853222e+00  1.07461e+00
1.0853377e+00  1.07046e+00
1.0853533e+00  1.02707e+00
1.0853688e+00  1.06315e+00
1.0853844e+00  1.06289e+00
1.0853999e+00  1.04876e+00
1.0854156e+00  1.05062e+00
1.0854310e+00  1.02303e+00
1.0854467e+00  1.01883e+00
1.0854622e+00  1.05970e+00
1.0854778e+00  1.06575e+00
1.0854933e+00  1.03141e+00
1.0855089e+00  1.04987e+00
1.0855244e+00  1.06731e+00
1.0855400e+00  1.05526e+00
1.0855555e+00  1.04260e+00
1.0855711e+00  1.03749e+00
1.0855866e+00  1.03390e+00
1.0856022e+00  1.04188e+00
1.0856178e+00  1.05896e+00
1.0856333e+00  1.05147e+00
1.0856490e+00  1.03562e+00
1.0856645e+00  1.01977e+00
1.0856801e+00  1.05342e+00
1.0856956e+00  1.02864e+00
1.0857112e+00  1.02920e+00
1.0857267e+00  1.04933e+00
1.0857423e+00  1.03278e+00
1.0857578e+00  1.02591e+00
1.0857734e+00  1.03117e+00
1.0857889e+00  1.02603e+00
1.0858045e+00  1.03738e+00
1.0858200e+00  1.03842e+00
1.0858356e+00  1.02439e+00
1.0858511e+00  1.01801e+00
1.0858668e+00  1.03675e+00
1.0858824e+00  1.02836e+00
1.0858979e+00  1.03199e+00
1.0859135e+00  1.00614e+00
1.0859290e+00  1.03499e+00
1.0859446e+00  1.08352e+00
1.0859601e+00  1.05109e+00
1.0859757e+00  1.02797e+00
1.0859912e+00  1.02342e+00
1.0860068e+00  1.01896e+00
1.0860223e+00  1.05157e+00
1.0860379e+00  1.07304e+00
1.0860534e+00  1.07486e+00
1.0860691e+00  1.05934e+00
1.0860846e+00  1.06428e+00
1.0861002e+00  1.03811e+00
1.0861157e+00  1.02877e+00
1.0861313e+00  1.04426e+00
1.0861468e+00  1.05711e+00
1.0861624e+00  1.05131e+00
1.0861780e+00  1.02320e+00
1.0861935e+00  1.04364e+00
1.0862091e+00  1.07118e+00
1.0862246e+00  1.03308e+00
1.0862402e+00  1.01280e+00
1.0862557e+00  1.03616e+00
1.0862714e+00  1.04799e+00
1.0862870e+00  1.04424e+00
1.0863026e+00  1.02592e+00
1.0863181e+00  1.02427e+00
1.0863337e+00  1.05242e+00
1.0863492e+00  1.01092e+00
1.0863648e+00  1.02658e+00
1.0863803e+00  1.02061e+00
1.0863959e+00  9.96386e-01
1.0864114e+00  1.01020e+00
1.0864270e+00  1.01250e+00
1.0864425e+00  1.01803e+00
1.0864581e+00  1.01554e+00
1.0864738e+00  1.00019e+00
1.0864892e+00  1.02148e+00
1.0865049e+00  1.03094e+00
1.0865204e+00  9.73357e-01
1.0865360e+00  1.00170e+00
1.0865515e+00  1.04572e+00
1.0865671e+00  9.96929e-01
1.0865826e+00  1.02428e+00
1.0865982e+00  1.02499e+00
1.0866137e+00  1.01882e+00
1.0866293e+00  1.03408e+00
1.0866448e+00  9.90572e-01
1.0866604e+00  1.03804e+00
1.0866759e+00  9.95145e-01
1.0866915e+00  9.82221e-01
1.0867070e+00  1.02184e+00
1.0867227e+00  1.00248e+00
1.0867382e+00  1.00389e+00
1.0867538e+00  1.02698e+00
1.0867694e+00  1.02056e+00
1.0867849e+00  9.98473e-01
1.0868005e+00  1.00775e+00
1.0868160e+00  9.86086e-01
1.0868316e+00  9.87357e-01
1.0868471e+00  1.00680e+00
1.0868627e+00  9.96477e-01
1.0868782e+00  1.00414e+00
1.0868938e+00  1.00365e+00
1.0869093e+00  9.75826e-01
1.0869250e+00  9.88524e-01
1.0869405e+00  9.64788e-01
1.0869561e+00  9.41188e-01
1.0869716e+00  9.66157e-01
1.0869872e+00  9.88166e-01
1.0870027e+00  9.15793e-01
1.0870183e+00  9.46433e-01
1.0870338e+00  9.28498e-01
1.0870494e+00  9.40265e-01
1.0870650e+00  9.61028e-01
1.0870805e+00  9.45392e-01
1.0870961e+00  9.65001e-01
1.0871116e+00  9.41883e-01
1.0871273e+00  9.72295e-01
1.0871428e+00  9.57259e-01
1.0871584e+00  9.71692e-01
1.0871739e+00  9.76443e-01
1.0871895e+00  9.52206e-01
1.0872050e+00  9.50932e-01
1.0872206e+00  9.54504e-01
1.0872361e+00  9.46079e-01
1.0872517e+00  9.57027e-01
1.0872672e+00  9.67805e-01
1.0872828e+00  9.50503e-01
1.0872983e+00  9.47980e-01
1.0873139e+00  9.80534e-01
1.0873294e+00  9.34997e-01
1.0873451e+00  9.28818e-01
1.0873607e+00  9.36077e-01
1.0873762e+00  9.13456e-01
1.0873918e+00  9.27322e-01
1.0874073e+00  9.40627e-01
1.0874229e+00  9.54658e-01
1.0874384e+00  9.30064e-01
1.0874540e+00  9.12238e-01
1.0874695e+00  9.32388e-01
1.0874851e+00  9.54154e-01
1.0875006e+00  9.80110e-01
1.0875162e+00  9.71670e-01
1.0875317e+00  9.91715e-01
1.0875474e+00  9.73461e-01
1.0875628e+00  1.00346e+00
1.0875785e+00  1.02816e+00
1.0875940e+00  1.00000e+00
1.0876096e+00  9.93036e-01
1.0876251e+00  1.01965e+00
1.0876407e+00  1.01923e+00
1.0876563e+00  9.94317e-01
1.0876718e+00  1.01288e+00
1.0876874e+00  1.02729e+00
1.0877029e+00  9.98986e-01
1.0877185e+00  1.00748e+00
1.0877340e+00  1.01778e+00
1.0877496e+00  1.00294e+00
1.0877651e+00  9.88095e-01
1.0877808e+00  9.86652e-01
1.0877963e+00  1.02312e+00
1.0878119e+00  1.03181e+00
1.0878274e+00  1.02627e+00
1.0878430e+00  1.00477e+00
1.0878585e+00  9.94024e-01
1.0878741e+00  1.01425e+00
1.0878896e+00  1.00437e+00
1.0879052e+00  1.00440e+00
1.0879208e+00  1.00086e+00
1.0879363e+00  1.02346e+00
1.0879519e+00  1.02694e+00
1.0879674e+00  1.02916e+00
1.0879831e+00  1.02903e+00
1.0879986e+00  9.96618e-01
1.0880142e+00  1.00589e+00
1.0880297e+00  1.04465e+00
1.0880453e+00  1.05558e+00
1.0880608e+00  1.05366e+00
1.0880764e+00  1.02165e+00
1.0880919e+00  9.96708e-01
1.0881075e+00  1.00889e+00
1.0881230e+00  1.02171e+00
1.0881386e+00  9.98776e-01
1.0881541e+00  1.00706e+00
1.0881697e+00  9.92108e-01
1.0881852e+00  1.01051e+00
1.0882009e+00  9.73560e-01
1.0882165e+00  1.00648e+00
1.0882321e+00  1.03590e+00
1.0882477e+00  1.02538e+00
1.0882632e+00  1.00488e+00
1.0882788e+00  1.01610e+00
1.0882943e+00  1.00068e+00
1.0883099e+00  9.95873e-01
1.0883254e+00  1.00963e+00
1.0883410e+00  9.99944e-01
1.0883565e+00  1.00573e+00
1.0883721e+00  9.95743e-01
1.0883876e+00  9.76091e-01
1.0884033e+00  9.85305e-01
1.0884188e+00  9.76000e-01
1.0884344e+00  1.00722e+00
1.0884499e+00  1.00471e+00
1.0884655e+00  1.01667e+00
1.0884810e+00  9.60005e-01
1.0884966e+00  9.94859e-01
1.0885122e+00  9.88744e-01
1.0885277e+00  9.84274e-01
1.0885433e+00  9.85605e-01
1.0885588e+00  9.81229e-01
1.0885744e+00  9.84729e-01
1.0885899e+00  9.59149e-01
1.0886056e+00  9.88299e-01
1.0886210e+00  9.57491e-01
1.0886367e+00  9.87329e-01
1.0886522e+00  9.77425e-01
1.0886678e+00  9.79994e-01
1.0886833e+00  9.48707e-01
1.0886989e+00  9.47011e-01
1.0887144e+00  9.86177e-01
1.0887300e+00  1.01218e+00
1.0887455e+00  9.81013e-01
1.0887611e+00  1.00000e+00
1.0887766e+00  1.01459e+00
1.0887922e+00  9.90656e-01
1.0888079e+00  9.77707e-01
1.0888233e+00  1.01795e+00
1.0888390e+00  1.01505e+00
1.0888545e+00  1.00647e+00
1.0888701e+00  1.01221e+00
1.0888856e+00  9.99054e-01
1.0889012e+00  9.85960e-01
1.0889167e+00  9.91164e-01
1.0889323e+00  9.89245e-01
1.0889478e+00  1.01153e+00
1.0889634e+00  1.01599e+00
1.0889789e+00  1.00419e+00
1.0889945e+00  1.00027e+00
1.0890100e+00  1.02528e+00
1.0890256e+00  1.00914e+00
1.0890411e+00  9.94401e-01
1.0890568e+00  1.01099e+00
1.0890723e+00  1.02591e+00
1.0890879e+00  1.02925e+00
1.0891035e+00  1.03846e+00
1.0891190e+00  1.02069e+00
1.0891346e+00  1.02100e+00
1.0891501e+00  1.02088e+00
1.0891657e+00  1.02772e+00
1.0891812e+00  1.02398e+00
1.0891968e+00  1.01912e+00
1.0892123e+00  1.00698e+00
1.0892279e+00  1.00540e+00
1.0892434e+00  1.02013e+00
1.0892591e+00  1.01298e+00
1.0892746e+00  9.96437e-01
1.0892902e+00  1.01973e+00
1.0893057e+00  1.02744e+00
1.0893213e+00  1.00991e+00
1.0893368e+00  1.04001e+00
1.0893524e+00  1.02207e+00
1.0893679e+00  1.03109e+00
1.0893835e+00  1.03353e+00
1.0893991e+00  1.01565e+00
1.0894146e+00  1.02502e+00
1.0894302e+00  1.02315e+00
1.0894457e+00  9.96463e-01
1.0894614e+00  1.02270e+00
1.0894769e+00  1.01213e+00
1.0894925e+00  1.01941e+00
1.0895080e+00  1.02249e+00
1.0895236e+00  1.02971e+00
1.0895391e+00  9.99935e-01
1.0895547e+00  1.00344e+00
1.0895702e+00  1.00435e+00
1.0895858e+00  1.01380e+00
1.0896013e+00  9.86385e-01
1.0896169e+00  9.84782e-01
1.0896324e+00  9.92979e-01
1.0896480e+00  9.78883e-01
1.0896637e+00  1.00358e+00
1.0896792e+00  9.90638e-01
1.0896948e+00  9.97256e-01
1.0897103e+00  9.91835e-01
1.0897259e+00  9.79119e-01
1.0897414e+00  9.91411e-01
1.0897570e+00  9.86915e-01
1.0897725e+00  1.00431e+00
1.0897881e+00  1.00945e+00
1.0898036e+00  1.02795e+00
1.0898192e+00  1.01859e+00
1.0898347e+00  1.00525e+00
1.0898503e+00  1.00100e+00
1.0898658e+00  1.00133e+00
1.0898814e+00  1.01061e+00
1.0898969e+00  1.00619e+00
1.0899126e+00  1.03189e+00
1.0899281e+00  1.02191e+00
1.0899437e+00  1.01047e+00
1.0899593e+00  1.02882e+00
1.0899748e+00  1.01579e+00
1.0899904e+00  1.00520e+00
1.0900059e+00  1.01856e+00
1.0900215e+00  1.02027e+00
1.0900370e+00  1.00604e+00
1.0900526e+00  1.01006e+00
1.0900681e+00  1.02080e+00
1.0900837e+00  1.00956e+00
1.0900992e+00  1.01254e+00
1.0901149e+00  1.01959e+00
1.0901304e+00  1.01433e+00
1.0901460e+00  1.02717e+00
1.0901615e+00  1.03384e+00
1.0901771e+00  1.03426e+00
1.0901927e+00  1.04929e+00
1.0902083e+00  1.03926e+00
1.0902238e+00  1.03736e+00
1.0902394e+00  1.03066e+00
1.0902550e+00  1.00690e+00
1.0902705e+00  1.02630e+00
1.0902861e+00  1.04205e+00
1.0903016e+00  1.04203e+00
1.0903173e+00  1.04762e+00
1.0903328e+00  1.03055e+00
1.0903484e+00  1.02966e+00
1.0903639e+00  1.01884e+00
1.0903795e+00  1.02533e+00
1.0903950e+00  1.04991e+00
1.0904106e+00  1.05884e+00
1.0904261e+00  1.06658e+00
1.0904417e+00  1.05742e+00
1.0904572e+00  1.04497e+00
1.0904728e+00  1.01465e+00
1.0904883e+00  1.02104e+00
1.0905039e+00  1.04702e+00
1.0905194e+00  1.02586e+00
1.0905351e+00  1.03320e+00
1.0905507e+00  1.04575e+00
1.0905662e+00  1.03300e+00
1.0905818e+00  1.02881e+00
1.0905973e+00  1.00897e+00
1.0906129e+00  9.84025e-01
1.0906284e+00  1.01994e+00
1.0906440e+00  1.00111e+00
1.0906595e+00  1.02258e+00
1.0906751e+00  1.02383e+00
1.0906906e+00  9.94409e-01
1.0907062e+00  1.02993e+00
1.0907217e+00  1.02521e+00
1.0907374e+00  1.02680e+00
1.0907529e+00  1.03116e+00
1.0907685e+00  1.03027e+00
1.0907840e+00  1.00975e+00
1.0907996e+00  1.01604e+00
1.0908151e+00  1.03210e+00
1.0908307e+00  1.03673e+00
1.0908463e+00  1.02483e+00
1.0908618e+00  1.01241e+00
1.0908774e+00  1.01658e+00
1.0908929e+00  1.02016e+00
1.0909085e+00  1.01552e+00
1.0909240e+00  1.01508e+00
1.0909397e+00  1.00861e+00
1.0909551e+00  1.02707e+00
1.0909708e+00  1.02531e+00
1.0909863e+00  1.02182e+00
1.0910019e+00  1.03402e+00
1.0910174e+00  1.04206e+00
1.0910330e+00  1.01944e+00
1.0910485e+00  1.02569e+00
1.0910641e+00  1.05477e+00
1.0910796e+00  1.03210e+00
1.0910952e+00  1.00829e+00
1.0911107e+00  1.02047e+00
1.0911263e+00  1.02147e+00
1.0911419e+00  1.02491e+00
1.0911574e+00  1.03667e+00
1.0911731e+00  1.03536e+00
1.0911886e+00  1.05087e+00
1.0912042e+00  1.04186e+00
1.0912197e+00  1.04922e+00
1.0912353e+00  1.03517e+00
1.0912508e+00  1.03476e+00
1.0912664e+00  1.04548e+00
1.0912819e+00  1.03185e+00
1.0912975e+00  1.01497e+00
1.0913130e+00  1.01791e+00
1.0913286e+00  1.01101e+00
1.0913441e+00  1.00281e+00
1.0913597e+00  1.01332e+00
1.0913752e+00  1.01354e+00
1.0913909e+00  1.00932e+00
1.0914064e+00  1.00728e+00
1.0914220e+00  9.98384e-01
1.0914376e+00  9.86180e-01
1.0914531e+00  9.63022e-01
1.0914687e+00  9.63381e-01
1.0914842e+00  9.48970e-01
1.0914998e+00  9.56957e-01
1.0915153e+00  9.21318e-01
1.0915309e+00  9.26956e-01
1.0915464e+00  9.04102e-01
1.0915620e+00  8.99136e-01
1.0915775e+00  9.25279e-01
1.0915932e+00  9.27269e-01
1.0916087e+00  9.35047e-01
1.0916243e+00  9.66397e-01
1.0916398e+00  9.59035e-01
1.0916554e+00  9.34020e-01
1.0916709e+00  9.38141e-01
1.0916865e+00  9.48374e-01
1.0917020e+00  9.33365e-01
1.0917176e+00  9.58187e-01
1.0917332e+00  9.90237e-01
1.0917487e+00  9.62977e-01
1.0917643e+00  9.49374e-01
1.0917798e+00  9.56606e-01
1.0917955e+00  9.41132e-01
1.0918110e+00  9.47878e-01
1.0918266e+00  9.54406e-01
1.0918421e+00  9.35783e-01
1.0918577e+00  9.40690e-01
1.0918732e+00  9.52943e-01
1.0918888e+00  9.34714e-01
1.0919043e+00  9.13113e-01
1.0919199e+00  8.95073e-01
1.0919354e+00  8.99537e-01
1.0919510e+00  9.04524e-01
1.0919665e+00  9.18695e-01
1.0919821e+00  9.10136e-01
1.0919978e+00  9.55341e-01
1.0920132e+00  9.75832e-01
1.0920289e+00  9.76010e-01
1.0920444e+00  9.68331e-01
1.0920600e+00  9.76955e-01
1.0920755e+00  9.79351e-01
1.0920911e+00  1.00635e+00
1.0921066e+00  1.00158e+00
1.0921222e+00  1.00030e+00
1.0921377e+00  1.00589e+00
1.0921534e+00  9.96825e-01
1.0921689e+00  1.00755e+00
1.0921845e+00  1.02569e+00
1.0922000e+00  1.02845e+00
1.0922156e+00  1.02135e+00
1.0922311e+00  1.00647e+00
1.0922468e+00  1.00103e+00
1.0922623e+00  1.00713e+00
1.0922779e+00  9.81395e-01
1.0922935e+00  9.93072e-01
1.0923090e+00  1.01091e+00
1.0923246e+00  1.03118e+00
1.0923401e+00  1.02014e+00
1.0923557e+00  1.00947e+00
1.0923712e+00  1.02651e+00
1.0923868e+00  1.01029e+00
1.0924023e+00  1.01158e+00
1.0924179e+00  1.01515e+00
1.0924334e+00  1.03515e+00
1.0924491e+00  1.03336e+00
1.0924646e+00  1.01474e+00
1.0924802e+00  1.01962e+00
1.0924957e+00  1.01520e+00
1.0925113e+00  9.82217e-01
1.0925268e+00  9.93592e-01
1.0925424e+00  9.94602e-01
1.0925579e+00  9.73797e-01
1.0925735e+00  9.60740e-01
1.0925891e+00  9.53846e-01
1.0926046e+00  9.68793e-01
1.0926202e+00  9.28053e-01
1.0926357e+00  9.35005e-01
1.0926514e+00  9.63063e-01
1.0926669e+00  9.49717e-01
1.0926825e+00  9.44370e-01
1.0926980e+00  9.48718e-01
1.0927136e+00  9.78951e-01
1.0927291e+00  9.63746e-01
1.0927447e+00  9.53911e-01
1.0927602e+00  9.47037e-01
1.0927758e+00  9.62063e-01
1.0927913e+00  9.50947e-01
1.0928069e+00  9.70894e-01
1.0928224e+00  9.75807e-01
1.0928380e+00  9.61966e-01
1.0928535e+00  9.53939e-01
1.0928692e+00  9.58670e-01
1.0928848e+00  9.53296e-01
1.0929003e+00  9.28865e-01
1.0929159e+00  9.31457e-01
1.0929314e+00  9.48231e-01
1.0929470e+00  9.50870e-01
1.0929625e+00  8.50191e-01
1.0929781e+00  9.18647e-01
1.0929936e+00  9.33048e-01
1.0930092e+00  9.47158e-01
1.0930247e+00  9.01572e-01
1.0930403e+00  9.26833e-01
1.0930558e+00  9.12033e-01
1.0930715e+00  9.26759e-01
1.0930869e+00  9.16360e-01
1.0931026e+00  9.65708e-01
1.0931181e+00  1.01202e+00
1.0931337e+00  9.64322e-01
1.0931492e+00  9.42370e-01
1.0931648e+00  8.84933e-01
1.0931804e+00  8.81980e-01
1.0931959e+00  9.04651e-01
1.0932115e+00  8.90535e-01
1.0932270e+00  9.23136e-01
1.0932426e+00  9.13168e-01
1.0932581e+00  9.07287e-01
1.0932737e+00  9.01837e-01
1.0932892e+00  8.86486e-01
1.0933049e+00  9.00619e-01
1.0933204e+00  9.35189e-01
1.0933360e+00  9.11246e-01
1.0933515e+00  8.87594e-01
1.0933671e+00  8.87177e-01
1.0933826e+00  8.60428e-01
1.0933982e+00  8.60677e-01
1.0934137e+00  8.83957e-01
1.0934293e+00  8.71219e-01
1.0934449e+00  8.48831e-01
1.0934604e+00  8.68430e-01
1.0934760e+00  8.71027e-01
1.0934915e+00  8.68517e-01
1.0935072e+00  8.46842e-01
1.0935227e+00  8.43849e-01
1.0935383e+00  8.53492e-01
1.0935538e+00  8.75341e-01
1.0935694e+00  8.69885e-01
1.0935849e+00  8.70410e-01
1.0936005e+00  8.91065e-01
1.0936160e+00  8.51673e-01
1.0936316e+00  8.60079e-01
1.0936471e+00  8.46125e-01
1.0936627e+00  8.37468e-01
1.0936782e+00  8.33564e-01
1.0936938e+00  8.27420e-01
1.0937093e+00  8.51096e-01
1.0937250e+00  8.11358e-01
1.0937406e+00  8.34410e-01
1.0937561e+00  8.24153e-01
1.0937717e+00  8.29700e-01
1.0937872e+00  8.24817e-01
1.0938028e+00  8.16446e-01
1.0938183e+00  7.74971e-01
1.0938339e+00  7.95603e-01
1.0938494e+00  7.91098e-01
1.0938650e+00  7.66431e-01
1.0938805e+00  7.81771e-01
1.0938961e+00  7.87960e-01
1.0939116e+00  7.82916e-01
1.0939273e+00  7.89721e-01
1.0939428e+00  8.13461e-01
1.0939584e+00  8.07568e-01
1.0939739e+00  8.24384e-01
1.0939895e+00  8.40885e-01
1.0940050e+00  8.57539e-01
1.0940206e+00  8.51304e-01
1.0940362e+00  8.45601e-01
1.0940517e+00  8.46572e-01
1.0940673e+00  8.77865e-01
1.0940828e+00  8.71859e-01
1.0940985e+00  8.70409e-01
1.0941140e+00  8.64270e-01
1.0941297e+00  8.70474e-01
1.0941452e+00  8.80473e-01
1.0941608e+00  8.66096e-01
1.0941763e+00  8.90920e-01
1.0941919e+00  8.76742e-01
1.0942074e+00  8.73258e-01
1.0942230e+00  8.92973e-01
1.0942385e+00  8.72289e-01
1.0942541e+00  8.79005e-01
1.0942696e+00  8.84379e-01
1.0942852e+00  9.25021e-01
1.0943007e+00  9.02916e-01
1.0943163e+00  9.10841e-01
1.0943320e+00  9.17364e-01
1.0943474e+00  8.99371e-01
1.0943631e+00  9.07158e-01
1.0943786e+00  9.18730e-01
1.0943942e+00  9.21619e-01
1.0944097e+00  9.36863e-01
1.0944253e+00  9.10473e-01
1.0944408e+00  9.03629e-01
1.0944564e+00  9.53380e-01
1.0944719e+00  9.68422e-01
1.0944875e+00  9.59539e-01
1.0945030e+00  9.38358e-01
1.0945186e+00  9.31422e-01
1.0945341e+00  9.50264e-01
1.0945497e+00  9.40289e-01
1.0945652e+00  9.85474e-01
1.0945809e+00  9.47829e-01
1.0945964e+00  9.69386e-01
1.0946120e+00  9.96154e-01
1.0946276e+00  9.69133e-01
1.0946431e+00  9.34736e-01
1.0946587e+00  9.57340e-01
1.0946742e+00  9.71483e-01
1.0946898e+00  9.71660e-01
1.0947053e+00  9.58512e-01
1.0947209e+00  9.84036e-01
1.0947364e+00  9.83661e-01
1.0947520e+00  9.81440e-01
1.0947675e+00  9.92211e-01
1.0947832e+00  9.77581e-01
1.0947987e+00  9.82042e-01
1.0948143e+00  9.74744e-01
1.0948298e+00  9.80958e-01
1.0948454e+00  9.96194e-01
1.0948609e+00  9.66356e-01
1.0948765e+00  9.31894e-01
1.0948920e+00  9.50653e-01
1.0949076e+00  9.77389e-01
1.0949232e+00  9.74007e-01
1.0949387e+00  9.38873e-01
1.0949543e+00  9.41553e-01
1.0949698e+00  9.47910e-01
1.0949855e+00  9.46642e-01
1.0950010e+00  9.44771e-01
1.0950166e+00  9.53958e-01
1.0950321e+00  9.75056e-01
1.0950477e+00  9.67888e-01
1.0950632e+00  9.84840e-01
1.0950788e+00  1.00064e+00
1.0950943e+00  1.00950e+00
1.0951099e+00  9.76056e-01
1.0951254e+00  9.77529e-01
1.0951410e+00  1.00261e+00
1.0951565e+00  9.78939e-01
1.0951721e+00  9.53188e-01
1.0951876e+00  9.76659e-01
1.0952033e+00  9.84248e-01
1.0952189e+00  9.77514e-01
1.0952344e+00  9.67216e-01
1.0952500e+00  9.71078e-01
1.0952655e+00  9.38044e-01
1.0952811e+00  9.34476e-01
1.0952966e+00  9.50082e-01
1.0953122e+00  9.83696e-01
1.0953277e+00  9.82655e-01
1.0953433e+00  9.68452e-01
1.0953588e+00  9.85972e-01
1.0953744e+00  9.96881e-01
1.0953899e+00  9.78204e-01
1.0954056e+00  9.72917e-01
1.0954210e+00  1.01709e+00
1.0954367e+00  1.15795e+00
1.0954522e+00  1.18272e+00
1.0954678e+00  1.00044e+00
1.0954833e+00  9.85664e-01
1.0954989e+00  9.84424e-01
1.0955145e+00  9.82233e-01
1.0955300e+00  9.43532e-01
1.0955456e+00  1.00207e+00
1.0955611e+00  1.00181e+00
1.0955767e+00  9.59385e-01
1.0955922e+00  9.71854e-01
1.0956078e+00  9.58550e-01
1.0956233e+00  9.80076e-01
1.0956390e+00  9.80893e-01
1.0956545e+00  9.57244e-01
1.0956701e+00  9.29273e-01
1.0956856e+00  9.32014e-01
1.0957012e+00  9.31469e-01
1.0957167e+00  9.43163e-01
1.0957323e+00  9.42431e-01
1.0957478e+00  9.10527e-01
1.0957634e+00  8.82749e-01
1.0957790e+00  9.08551e-01
1.0957945e+00  9.45125e-01
1.0958101e+00  9.39490e-01
1.0958256e+00  9.70768e-01
1.0958413e+00  9.40848e-01
1.0958568e+00  9.40854e-01
1.0958724e+00  9.40315e-01
1.0958879e+00  9.52719e-01
1.0959035e+00  9.18104e-01
1.0959190e+00  9.62217e-01
1.0959346e+00  9.31838e-01
1.0959501e+00  9.69378e-01
1.0959657e+00  9.46267e-01
1.0959812e+00  9.83771e-01
1.0959968e+00  1.00163e+00
1.0960123e+00  9.96162e-01
1.0960279e+00  9.82822e-01
1.0960434e+00  9.65335e-01
1.0960592e+00  9.64899e-01
1.0960748e+00  9.79386e-01
1.0960903e+00  9.82300e-01
1.0961059e+00  9.77793e-01
1.0961214e+00  9.81326e-01
1.0961370e+00  9.50360e-01
1.0961525e+00  9.51680e-01
1.0961681e+00  9.47084e-01
1.0961836e+00  9.38363e-01
1.0961992e+00  9.41749e-01
1.0962147e+00  9.75753e-01
1.0962303e+00  9.96368e-01
1.0962458e+00  9.43134e-01
1.0962615e+00  9.54292e-01
1.0962770e+00  9.70402e-01
1.0962926e+00  9.69324e-01
1.0963081e+00  9.97808e-01
1.0963237e+00  9.94000e-01
1.0963392e+00  9.49113e-01
