Normalization-constant  4.25785e+03
lambda         flux
1.0224551e+00  9.94918e-01
1.0224697e+00  9.91078e-01
1.0224844e+00  1.00771e+00
1.0224992e+00  1.01408e+00
1.0225138e+00  9.94905e-01
1.0225286e+00  9.92067e-01
1.0225433e+00  9.85611e-01
1.0225580e+00  1.01529e+00
1.0225727e+00  1.00546e+00
1.0225874e+00  1.00575e+00
1.0226022e+00  1.02412e+00
1.0226168e+00  9.97425e-01
1.0226315e+00  9.71965e-01
1.0226463e+00  9.47061e-01
1.0226610e+00  1.01155e+00
1.0226757e+00  1.01905e+00
1.0226904e+00  1.00868e+00
1.0227051e+00  9.95555e-01
1.0227198e+00  1.00742e+00
1.0227345e+00  9.89418e-01
1.0227493e+00  1.00328e+00
1.0227639e+00  1.00821e+00
1.0227786e+00  9.99293e-01
1.0227934e+00  9.82067e-01
1.0228081e+00  9.74713e-01
1.0228228e+00  9.81070e-01
1.0228375e+00  9.92013e-01
1.0228522e+00  9.97647e-01
1.0228669e+00  9.91722e-01
1.0228816e+00  9.86139e-01
1.0228964e+00  1.00373e+00
1.0229111e+00  9.86318e-01
1.0229257e+00  9.97989e-01
1.0229405e+00  1.00455e+00
1.0229552e+00  9.80465e-01
1.0229699e+00  9.67852e-01
1.0229846e+00  9.71476e-01
1.0229993e+00  9.86788e-01
1.0230140e+00  9.83734e-01
1.0230287e+00  9.80706e-01
1.0230435e+00  9.74912e-01
1.0230582e+00  9.92216e-01
1.0230728e+00  9.79285e-01
1.0230876e+00  9.48884e-01
1.0231023e+00  9.64251e-01
1.0231170e+00  9.82465e-01
1.0231317e+00  1.00404e+00
1.0231464e+00  1.08964e+00
1.0231612e+00  1.09321e+00
1.0231758e+00  9.88754e-01
1.0231906e+00  9.77772e-01
1.0232053e+00  9.65225e-01
1.0232199e+00  9.51717e-01
1.0232347e+00  9.47420e-01
1.0232494e+00  9.74032e-01
1.0232641e+00  9.80063e-01
1.0232788e+00  9.99005e-01
1.0232935e+00  1.00768e+00
1.0233083e+00  1.00622e+00
1.0233229e+00  9.95464e-01
1.0233376e+00  9.82942e-01
1.0233524e+00  9.97636e-01
1.0233670e+00  9.83895e-01
1.0233818e+00  9.97906e-01
1.0233965e+00  9.89347e-01
1.0234110e+00  9.87134e-01
1.0234258e+00  9.99475e-01
1.0234405e+00  9.83922e-01
1.0234553e+00  9.85294e-01
1.0234699e+00  9.83118e-01
1.0234846e+00  9.68171e-01
1.0234994e+00  9.65938e-01
1.0235140e+00  9.85962e-01
1.0235288e+00  9.97256e-01
1.0235435e+00  1.01002e+00
1.0235581e+00  1.00415e+00
1.0235729e+00  9.93735e-01
1.0235876e+00  9.78383e-01
1.0236024e+00  9.84807e-01
1.0236170e+00  1.00199e+00
1.0236317e+00  9.97831e-01
1.0236465e+00  1.00195e+00
1.0236611e+00  1.02106e+00
1.0236759e+00  1.01733e+00
1.0236906e+00  9.94203e-01
1.0237052e+00  1.00823e+00
1.0237200e+00  1.01361e+00
1.0237347e+00  1.01741e+00
1.0237495e+00  9.98578e-01
1.0237641e+00  9.93970e-01
1.0237788e+00  9.91888e-01
1.0237936e+00  1.00360e+00
1.0238082e+00  1.00635e+00
1.0238230e+00  9.79204e-01
1.0238377e+00  9.82856e-01
1.0238523e+00  9.74372e-01
1.0238671e+00  1.00086e+00
1.0238818e+00  9.99771e-01
1.0238966e+00  1.00203e+00
1.0239112e+00  9.95513e-01
1.0239259e+00  9.99173e-01
1.0239407e+00  9.93901e-01
1.0239553e+00  1.00157e+00
1.0239701e+00  9.82241e-01
1.0239848e+00  9.89312e-01
1.0239995e+00  9.71668e-01
1.0240142e+00  9.92517e-01
1.0240289e+00  1.00022e+00
1.0240437e+00  9.94653e-01
1.0240583e+00  9.47843e-01
1.0240730e+00  9.67906e-01
1.0240878e+00  9.75206e-01
1.0241024e+00  1.00085e+00
1.0241171e+00  1.00253e+00
1.0241319e+00  9.91479e-01
1.0241466e+00  1.00281e+00
1.0241613e+00  1.01120e+00
1.0241760e+00  1.00177e+00
1.0241907e+00  9.95195e-01
1.0242054e+00  1.01223e+00
1.0242201e+00  9.95771e-01
1.0242349e+00  9.87920e-01
1.0242496e+00  1.00404e+00
1.0242642e+00  1.01627e+00
1.0242790e+00  1.01746e+00
1.0242937e+00  1.01089e+00
1.0243084e+00  1.00326e+00
1.0243231e+00  1.00722e+00
1.0243378e+00  1.00356e+00
1.0243525e+00  1.00772e+00
1.0243672e+00  9.94191e-01
1.0243820e+00  9.99014e-01
1.0243967e+00  1.00775e+00
1.0244113e+00  1.02442e+00
1.0244261e+00  1.05268e+00
1.0244408e+00  1.02097e+00
1.0244555e+00  1.02546e+00
1.0244702e+00  1.01663e+00
1.0244849e+00  1.00665e+00
1.0244997e+00  1.02275e+00
1.0245143e+00  9.98191e-01
1.0245291e+00  1.01489e+00
1.0245438e+00  1.01768e+00
1.0245584e+00  9.98725e-01
1.0245732e+00  9.97761e-01
1.0245879e+00  1.00256e+00
1.0246027e+00  1.01285e+00
1.0246173e+00  9.95332e-01
1.0246320e+00  1.00809e+00
1.0246468e+00  1.01281e+00
1.0246614e+00  9.86672e-01
1.0246762e+00  9.99368e-01
1.0246909e+00  1.00204e+00
1.0247055e+00  9.97198e-01
1.0247203e+00  9.94252e-01
1.0247350e+00  9.88580e-01
1.0247498e+00  1.00245e+00
1.0247644e+00  9.94506e-01
1.0247791e+00  1.00791e+00
1.0247939e+00  1.00228e+00
1.0248085e+00  1.00783e+00
1.0248233e+00  9.91711e-01
1.0248380e+00  9.95731e-01
1.0248526e+00  9.99244e-01
1.0248674e+00  1.02543e+00
1.0248821e+00  1.02315e+00
1.0248969e+00  1.01347e+00
1.0249115e+00  1.00100e+00
1.0249262e+00  1.01156e+00
1.0249410e+00  1.01489e+00
1.0249556e+00  1.01734e+00
1.0249703e+00  9.99508e-01
1.0249851e+00  1.01588e+00
1.0249997e+00  1.00385e+00
1.0250145e+00  1.00832e+00
1.0250292e+00  1.01251e+00
1.0250438e+00  1.03405e+00
1.0250586e+00  1.01590e+00
1.0250733e+00  1.00834e+00
1.0250881e+00  1.00809e+00
1.0251027e+00  1.01632e+00
1.0251174e+00  1.01780e+00
1.0251322e+00  1.01056e+00
1.0251468e+00  1.02946e+00
1.0251616e+00  1.02081e+00
1.0251763e+00  1.00796e+00
1.0251909e+00  1.01357e+00
1.0252057e+00  1.02888e+00
1.0252204e+00  1.00635e+00
1.0252352e+00  1.00347e+00
1.0252498e+00  9.85515e-01
1.0252645e+00  9.74778e-01
1.0252793e+00  1.00192e+00
1.0252939e+00  9.71346e-01
1.0253087e+00  9.47751e-01
1.0253234e+00  1.04465e+00
1.0253381e+00  1.10426e+00
1.0253528e+00  1.06765e+00
1.0253675e+00  1.03736e+00
1.0253823e+00  1.01836e+00
1.0253969e+00  9.92891e-01
1.0254116e+00  9.79031e-01
1.0254264e+00  9.75074e-01
1.0254410e+00  9.81294e-01
1.0254558e+00  9.62751e-01
1.0254705e+00  9.35059e-01
1.0254852e+00  9.95527e-01
1.0254999e+00  9.92341e-01
1.0255146e+00  9.95882e-01
1.0255294e+00  9.92609e-01
1.0255440e+00  9.17683e-01
1.0255587e+00  9.31175e-01
1.0255735e+00  1.00140e+00
1.0255882e+00  9.86828e-01
1.0256029e+00  9.91002e-01
1.0256176e+00  9.93382e-01
1.0256323e+00  9.89503e-01
1.0256470e+00  9.86948e-01
1.0256617e+00  9.77868e-01
1.0256765e+00  9.80500e-01
1.0256912e+00  9.77094e-01
1.0257058e+00  9.83200e-01
1.0257206e+00  9.74794e-01
1.0257353e+00  9.89167e-01
1.0257499e+00  9.82413e-01
1.0257647e+00  9.87127e-01
1.0257794e+00  9.83774e-01
1.0257941e+00  1.00956e+00
1.0258088e+00  9.99520e-01
1.0258235e+00  9.96083e-01
1.0258383e+00  9.93794e-01
1.0258529e+00  9.99667e-01
1.0258677e+00  1.00471e+00
1.0258824e+00  9.90522e-01
1.0258970e+00  1.00712e+00
1.0259118e+00  1.00782e+00
1.0259265e+00  9.88104e-01
1.0259413e+00  9.95342e-01
1.0259559e+00  1.00392e+00
1.0259706e+00  9.92092e-01
1.0259854e+00  9.71321e-01
1.0260000e+00  9.86989e-01
1.0260148e+00  9.89249e-01
1.0260295e+00  9.92747e-01
1.0260441e+00  9.88793e-01
1.0260589e+00  9.95920e-01
1.0260736e+00  9.91920e-01
1.0260884e+00  9.92662e-01
1.0261030e+00  9.73369e-01
1.0261177e+00  9.77805e-01
1.0261325e+00  9.90397e-01
1.0261471e+00  1.00792e+00
1.0261619e+00  9.82512e-01
1.0261766e+00  9.81602e-01
1.0261912e+00  9.87974e-01
1.0262060e+00  9.89046e-01
1.0262207e+00  9.90174e-01
1.0262355e+00  9.97753e-01
1.0262501e+00  9.91344e-01
1.0262648e+00  9.85158e-01
1.0262796e+00  9.87546e-01
1.0262942e+00  9.93814e-01
1.0263090e+00  9.77093e-01
1.0263237e+00  9.75182e-01
1.0263383e+00  9.82840e-01
1.0263531e+00  9.79516e-01
1.0263678e+00  9.79281e-01
1.0263826e+00  9.77990e-01
1.0263972e+00  9.68647e-01
1.0264119e+00  9.78285e-01
1.0264267e+00  9.80896e-01
1.0264413e+00  9.59863e-01
1.0264561e+00  9.83741e-01
1.0264708e+00  9.89085e-01
1.0264854e+00  9.93767e-01
1.0265002e+00  9.91344e-01
1.0265149e+00  9.88161e-01
1.0265297e+00  9.81010e-01
1.0265443e+00  9.73456e-01
1.0265590e+00  9.72393e-01
1.0265738e+00  9.73976e-01
1.0265884e+00  9.76646e-01
1.0266031e+00  9.69798e-01
1.0266179e+00  9.61472e-01
1.0266325e+00  9.74875e-01
1.0266473e+00  9.80272e-01
1.0266620e+00  9.70637e-01
1.0266767e+00  9.70020e-01
1.0266914e+00  9.71439e-01
1.0267061e+00  9.48712e-01
1.0267209e+00  9.56548e-01
1.0267355e+00  9.78640e-01
1.0267502e+00  1.01424e+00
1.0267650e+00  9.65973e-01
1.0267797e+00  9.40771e-01
1.0267944e+00  9.71318e-01
1.0268091e+00  1.04009e+00
1.0268238e+00  1.02003e+00
1.0268385e+00  9.91717e-01
1.0268532e+00  9.82478e-01
1.0268680e+00  9.79613e-01
1.0268826e+00  9.98416e-01
1.0268973e+00  1.00693e+00
1.0269121e+00  9.88513e-01
1.0269268e+00  1.00217e+00
1.0269415e+00  1.00274e+00
1.0269562e+00  1.00600e+00
1.0269709e+00  1.00163e+00
1.0269856e+00  9.94248e-01
1.0270003e+00  9.80288e-01
1.0270151e+00  9.86672e-01
1.0270298e+00  1.00674e+00
1.0270444e+00  1.01133e+00
1.0270592e+00  9.79790e-01
1.0270739e+00  1.00207e+00
1.0270886e+00  1.02051e+00
1.0271033e+00  1.00131e+00
1.0271180e+00  9.91430e-01
1.0271327e+00  9.89310e-01
1.0271474e+00  9.85287e-01
1.0271622e+00  9.98357e-01
1.0271769e+00  1.00269e+00
1.0271915e+00  1.00132e+00
1.0272063e+00  1.02949e+00
1.0272210e+00  1.01234e+00
1.0272357e+00  1.00448e+00
1.0272504e+00  1.00264e+00
1.0272651e+00  1.00161e+00
1.0272799e+00  1.00018e+00
1.0272945e+00  9.92212e-01
1.0273093e+00  9.99491e-01
1.0273240e+00  1.00134e+00
1.0273386e+00  9.87821e-01
1.0273534e+00  9.89468e-01
1.0273681e+00  9.92972e-01
1.0273829e+00  9.97367e-01
1.0273975e+00  1.00317e+00
1.0274122e+00  9.94849e-01
1.0274270e+00  9.87029e-01
1.0274416e+00  1.05381e+00
1.0274563e+00  1.06102e+00
1.0274711e+00  9.90290e-01
1.0274857e+00  9.99179e-01
1.0275005e+00  1.01507e+00
1.0275152e+00  9.92196e-01
1.0275298e+00  9.97587e-01
1.0275446e+00  1.00273e+00
1.0275593e+00  1.00078e+00
1.0275741e+00  9.94328e-01
1.0275887e+00  9.97225e-01
1.0276034e+00  9.87289e-01
1.0276182e+00  9.91498e-01
1.0276328e+00  1.00594e+00
1.0276476e+00  1.00331e+00
1.0276623e+00  9.96924e-01
1.0276769e+00  1.00000e+00
1.0276917e+00  9.93267e-01
1.0277064e+00  9.96090e-01
1.0277212e+00  1.05070e+00
1.0277358e+00  9.86158e-01
1.0277505e+00  9.90365e-01
1.0277653e+00  9.95139e-01
1.0277799e+00  9.84631e-01
1.0277947e+00  9.88312e-01
1.0278094e+00  9.88367e-01
1.0278240e+00  9.81735e-01
1.0278388e+00  9.89940e-01
1.0278535e+00  9.94648e-01
1.0278683e+00  9.83189e-01
1.0278829e+00  9.90837e-01
1.0278976e+00  1.00315e+00
1.0279124e+00  9.93420e-01
1.0279270e+00  9.91881e-01
1.0279418e+00  9.93447e-01
1.0279565e+00  9.98368e-01
1.0279711e+00  9.96214e-01
1.0279859e+00  1.00201e+00
1.0280006e+00  1.00537e+00
1.0280154e+00  9.95761e-01
1.0280300e+00  9.99508e-01
1.0280447e+00  1.00148e+00
1.0280595e+00  9.86618e-01
1.0280741e+00  1.00127e+00
1.0280889e+00  1.00232e+00
1.0281036e+00  1.00566e+00
1.0281183e+00  1.00468e+00
1.0281330e+00  1.00395e+00
1.0281477e+00  1.01222e+00
1.0281625e+00  1.00328e+00
1.0281771e+00  9.91516e-01
1.0281918e+00  9.97391e-01
1.0282066e+00  9.92081e-01
1.0282212e+00  1.00008e+00
1.0282359e+00  1.01292e+00
1.0282507e+00  1.05151e+00
1.0282654e+00  1.00373e+00
1.0282801e+00  9.93323e-01
1.0282948e+00  9.93164e-01
1.0283095e+00  9.93659e-01
1.0283242e+00  9.94363e-01
1.0283389e+00  9.88545e-01
1.0283537e+00  9.94256e-01
1.0283684e+00  9.88755e-01
1.0283830e+00  9.99996e-01
1.0283978e+00  1.00890e+00
1.0284125e+00  1.00713e+00
1.0284272e+00  1.01535e+00
1.0284419e+00  9.98768e-01
1.0284566e+00  9.97536e-01
1.0284714e+00  9.94942e-01
1.0284860e+00  9.91774e-01
1.0285008e+00  9.84557e-01
1.0285155e+00  9.82553e-01
1.0285301e+00  1.05423e+00
1.0285449e+00  1.04745e+00
1.0285596e+00  1.00322e+00
1.0285743e+00  1.00069e+00
1.0285890e+00  1.00025e+00
1.0286037e+00  9.96245e-01
1.0286185e+00  9.99105e-01
1.0286331e+00  9.99068e-01
1.0286479e+00  9.92935e-01
1.0286626e+00  9.87068e-01
1.0286772e+00  9.81839e-01
1.0286920e+00  9.87653e-01
1.0287067e+00  1.00237e+00
1.0287215e+00  9.92747e-01
1.0287361e+00  9.86588e-01
1.0287508e+00  9.98908e-01
1.0287656e+00  1.00139e+00
1.0287802e+00  1.00022e+00
1.0287950e+00  9.98110e-01
1.0288097e+00  9.96455e-01
1.0288243e+00  9.91496e-01
1.0288391e+00  1.00271e+00
1.0288538e+00  1.00821e+00
1.0288686e+00  1.00544e+00
1.0288832e+00  1.01302e+00
1.0288979e+00  9.96194e-01
1.0289127e+00  9.97499e-01
1.0289273e+00  9.95552e-01
1.0289421e+00  9.92176e-01
1.0289568e+00  9.89938e-01
1.0289714e+00  9.99351e-01
1.0289862e+00  9.94337e-01
1.0290009e+00  1.00787e+00
1.0290157e+00  1.00131e+00
1.0290303e+00  9.94094e-01
1.0290450e+00  9.90117e-01
1.0290598e+00  9.81388e-01
1.0290744e+00  9.72373e-01
1.0290891e+00  9.86292e-01
1.0291039e+00  9.74988e-01
1.0291185e+00  9.85360e-01
1.0291333e+00  9.91593e-01
1.0291480e+00  1.00094e+00
1.0291626e+00  1.00049e+00
1.0291774e+00  9.87379e-01
1.0291921e+00  9.80419e-01
1.0292069e+00  9.85501e-01
1.0292215e+00  9.93971e-01
1.0292362e+00  9.82343e-01
1.0292510e+00  9.81979e-01
1.0292656e+00  9.92133e-01
1.0292804e+00  1.00958e+00
1.0292951e+00  9.87312e-01
1.0293097e+00  9.87359e-01
1.0293245e+00  9.63172e-01
1.0293392e+00  9.95203e-01
1.0293540e+00  9.91128e-01
1.0293686e+00  9.81590e-01
1.0293833e+00  9.78445e-01
1.0293981e+00  9.75662e-01
1.0294127e+00  9.88274e-01
1.0294275e+00  1.00334e+00
1.0294422e+00  1.02417e+00
1.0294569e+00  1.02039e+00
1.0294716e+00  1.00662e+00
1.0294863e+00  1.00525e+00
1.0295011e+00  1.00419e+00
1.0295157e+00  1.00413e+00
1.0295304e+00  9.99937e-01
1.0295452e+00  1.01204e+00
1.0295599e+00  1.01972e+00
1.0295746e+00  1.00496e+00
1.0295893e+00  9.92250e-01
1.0296040e+00  1.00436e+00
1.0296187e+00  1.00484e+00
1.0296334e+00  9.97229e-01
1.0296482e+00  9.98616e-01
1.0296628e+00  9.97206e-01
1.0296775e+00  1.00637e+00
1.0296923e+00  1.01178e+00
1.0297070e+00  9.97815e-01
1.0297217e+00  9.93344e-01
1.0297364e+00  1.01312e+00
1.0297511e+00  1.01465e+00
1.0297658e+00  1.00952e+00
1.0297805e+00  1.00708e+00
1.0297953e+00  9.99500e-01
1.0298100e+00  9.98732e-01
1.0298246e+00  9.95211e-01
1.0298394e+00  9.86530e-01
1.0298541e+00  9.99330e-01
1.0298687e+00  1.00782e+00
1.0298835e+00  1.00134e+00
1.0298982e+00  9.94496e-01
1.0299129e+00  1.00704e+00
1.0299276e+00  1.00650e+00
1.0299423e+00  1.00438e+00
1.0299571e+00  1.00785e+00
1.0299717e+00  9.97804e-01
1.0299865e+00  1.00110e+00
1.0300012e+00  1.00361e+00
1.0300158e+00  1.00666e+00
1.0300306e+00  1.00803e+00
1.0300453e+00  1.01901e+00
1.0300601e+00  1.01177e+00
1.0300747e+00  1.00771e+00
1.0300894e+00  1.00031e+00
1.0301042e+00  9.99392e-01
1.0301188e+00  1.00110e+00
1.0301336e+00  1.00652e+00
1.0301483e+00  9.87186e-01
1.0301629e+00  9.87732e-01
1.0301777e+00  1.00064e+00
1.0301924e+00  1.00861e+00
1.0302072e+00  1.01103e+00
1.0302218e+00  1.00452e+00
1.0302365e+00  9.98604e-01
1.0302513e+00  1.00798e+00
1.0302659e+00  1.00604e+00
1.0302807e+00  1.01364e+00
1.0302954e+00  1.00643e+00
1.0303100e+00  1.01136e+00
1.0303248e+00  1.01665e+00
1.0303395e+00  1.01039e+00
1.0303543e+00  1.00737e+00
1.0303689e+00  9.94655e-01
1.0303836e+00  9.98054e-01
1.0303984e+00  9.86937e-01
1.0304130e+00  9.83492e-01
1.0304278e+00  9.86493e-01
1.0304425e+00  9.89144e-01
1.0304571e+00  1.00255e+00
1.0304719e+00  1.00174e+00
1.0304866e+00  1.00010e+00
1.0305014e+00  9.94407e-01
1.0305160e+00  1.00419e+00
1.0305307e+00  9.93829e-01
1.0305455e+00  9.90502e-01
1.0305601e+00  9.64738e-01
1.0305749e+00  9.73524e-01
1.0305896e+00  9.90327e-01
1.0306042e+00  1.00011e+00
1.0306190e+00  1.00031e+00
1.0306337e+00  1.00707e+00
1.0306485e+00  1.00153e+00
1.0306631e+00  9.99663e-01
1.0306778e+00  9.88487e-01
1.0306926e+00  9.97392e-01
1.0307072e+00  9.93274e-01
1.0307219e+00  9.96582e-01
1.0307367e+00  9.87614e-01
1.0307513e+00  9.94683e-01
1.0307661e+00  1.00664e+00
1.0307808e+00  1.00740e+00
1.0307955e+00  1.00555e+00
1.0308102e+00  1.00171e+00
1.0308249e+00  9.96136e-01
1.0308397e+00  9.98823e-01
1.0308543e+00  9.91427e-01
1.0308690e+00  9.93713e-01
1.0308838e+00  9.98016e-01
1.0308985e+00  1.00207e+00
1.0309132e+00  1.00202e+00
1.0309279e+00  1.01167e+00
1.0309426e+00  1.01347e+00
1.0309573e+00  9.99235e-01
1.0309720e+00  9.97882e-01
1.0309868e+00  1.00108e+00
1.0310014e+00  9.95382e-01
1.0310161e+00  9.92247e-01
1.0310309e+00  9.93581e-01
1.0310456e+00  9.89834e-01
1.0310603e+00  9.96620e-01
1.0310750e+00  1.00591e+00
1.0310897e+00  1.00744e+00
1.0311044e+00  1.00011e+00
1.0311191e+00  1.00292e+00
1.0311339e+00  1.00012e+00
1.0311486e+00  9.96468e-01
1.0311632e+00  9.89406e-01
1.0311780e+00  9.94971e-01
1.0311927e+00  1.00617e+00
1.0312074e+00  9.98028e-01
1.0312221e+00  9.98595e-01
1.0312368e+00  1.00366e+00
1.0312515e+00  1.00547e+00
1.0312662e+00  9.97337e-01
1.0312810e+00  1.00661e+00
1.0312957e+00  1.00854e+00
1.0313103e+00  9.96395e-01
1.0313251e+00  9.99317e-01
1.0313398e+00  1.00812e+00
1.0313545e+00  1.01802e+00
1.0313692e+00  1.00887e+00
1.0313839e+00  1.02698e+00
1.0313987e+00  1.04381e+00
1.0314133e+00  1.01939e+00
1.0314281e+00  1.02387e+00
1.0314428e+00  1.04616e+00
1.0314574e+00  1.02319e+00
1.0314722e+00  1.01927e+00
1.0314869e+00  1.02126e+00
1.0315015e+00  1.04853e+00
1.0315163e+00  1.03590e+00
1.0315310e+00  1.02334e+00
1.0315458e+00  1.01985e+00
1.0315604e+00  1.01699e+00
1.0315751e+00  1.01336e+00
1.0315899e+00  1.01319e+00
1.0316045e+00  1.01376e+00
1.0316193e+00  1.01768e+00
1.0316340e+00  1.02902e+00
1.0316486e+00  1.04403e+00
1.0316634e+00  1.06635e+00
1.0316781e+00  1.04607e+00
1.0316929e+00  1.03313e+00
1.0317075e+00  1.02298e+00
1.0317222e+00  1.01691e+00
1.0317370e+00  1.01438e+00
1.0317516e+00  1.00999e+00
1.0317664e+00  1.01603e+00
1.0317811e+00  1.01827e+00
1.0317957e+00  1.02153e+00
1.0318105e+00  1.02303e+00
1.0318252e+00  1.02072e+00
1.0318400e+00  1.01772e+00
1.0318546e+00  1.00914e+00
1.0318693e+00  1.01773e+00
1.0318841e+00  1.01366e+00
1.0318987e+00  1.04002e+00
1.0319135e+00  1.08823e+00
1.0319282e+00  1.06094e+00
1.0319428e+00  1.02628e+00
1.0319576e+00  1.02920e+00
1.0319723e+00  1.01802e+00
1.0319871e+00  1.01604e+00
1.0320017e+00  1.01403e+00
1.0320164e+00  1.01928e+00
1.0320312e+00  1.02198e+00
1.0320458e+00  1.02147e+00
1.0320606e+00  1.02161e+00
1.0320753e+00  1.01474e+00
1.0320899e+00  1.02339e+00
1.0321047e+00  1.02439e+00
1.0321194e+00  1.03061e+00
1.0321342e+00  1.01897e+00
1.0321488e+00  1.02082e+00
1.0321635e+00  1.02050e+00
1.0321783e+00  1.02249e+00
1.0321929e+00  1.02430e+00
1.0322077e+00  1.02298e+00
1.0322224e+00  1.02197e+00
1.0322371e+00  1.02774e+00
1.0322518e+00  1.03021e+00
1.0322665e+00  1.04069e+00
1.0322813e+00  1.03331e+00
1.0322959e+00  1.02271e+00
1.0323106e+00  9.92855e-01
1.0323254e+00  9.55110e-01
1.0323400e+00  1.01551e+00
1.0323547e+00  1.01153e+00
1.0323695e+00  1.01905e+00
1.0323842e+00  1.01947e+00
1.0323989e+00  1.01334e+00
1.0324136e+00  1.01833e+00
1.0324283e+00  1.01894e+00
1.0324430e+00  1.00979e+00
1.0324577e+00  1.01001e+00
1.0324725e+00  1.01201e+00
1.0324872e+00  1.00512e+00
1.0325018e+00  9.98461e-01
1.0325166e+00  1.00322e+00
1.0325313e+00  9.98292e-01
1.0325460e+00  9.95589e-01
1.0325607e+00  9.99662e-01
1.0325754e+00  1.00382e+00
1.0325902e+00  9.96209e-01
1.0326048e+00  9.87363e-01
1.0326196e+00  9.87507e-01
1.0326343e+00  9.77575e-01
1.0326489e+00  9.69341e-01
1.0326637e+00  9.66824e-01
1.0326784e+00  9.65417e-01
1.0326931e+00  9.62693e-01
1.0327078e+00  9.47866e-01
1.0327225e+00  9.45601e-01
1.0327373e+00  9.38324e-01
1.0327519e+00  9.34010e-01
1.0327667e+00  9.27658e-01
1.0327814e+00  9.29787e-01
1.0327960e+00  9.27335e-01
1.0328108e+00  9.25904e-01
1.0328255e+00  9.35971e-01
1.0328403e+00  9.35882e-01
1.0328549e+00  9.34728e-01
1.0328696e+00  9.41755e-01
1.0328844e+00  9.45643e-01
1.0328990e+00  9.50235e-01
1.0329138e+00  9.21678e-01
1.0329285e+00  9.10843e-01
1.0329431e+00  9.19934e-01
1.0329579e+00  9.08183e-01
1.0329726e+00  9.18186e-01
1.0329874e+00  9.24631e-01
1.0330020e+00  9.29031e-01
1.0330167e+00  9.31541e-01
1.0330315e+00  9.29976e-01
1.0330461e+00  9.38443e-01
1.0330609e+00  9.43493e-01
1.0330756e+00  9.36998e-01
1.0330902e+00  9.37854e-01
1.0331050e+00  9.32026e-01
1.0331197e+00  9.34730e-01
1.0331345e+00  9.32326e-01
1.0331491e+00  9.39891e-01
1.0331638e+00  9.34162e-01
1.0331786e+00  9.77086e-01
1.0331932e+00  1.01816e+00
1.0332079e+00  9.61063e-01
1.0332227e+00  9.35946e-01
1.0332373e+00  9.25639e-01
1.0332521e+00  9.57437e-01
1.0332668e+00  9.77647e-01
1.0332814e+00  9.88186e-01
1.0332962e+00  9.88796e-01
1.0333109e+00  1.00219e+00
1.0333257e+00  1.00330e+00
1.0333403e+00  1.01540e+00
1.0333550e+00  1.02253e+00
1.0333698e+00  1.01194e+00
1.0333844e+00  1.01542e+00
1.0333992e+00  1.02620e+00
1.0334139e+00  1.01982e+00
1.0334285e+00  1.02282e+00
1.0334433e+00  1.02132e+00
1.0334580e+00  1.04455e+00
1.0334728e+00  1.00878e+00
1.0334874e+00  9.91584e-01
1.0335021e+00  1.01829e+00
1.0335169e+00  1.01840e+00
1.0335315e+00  1.00914e+00
1.0335463e+00  1.01299e+00
1.0335610e+00  1.02101e+00
1.0335757e+00  1.01296e+00
1.0335904e+00  1.00538e+00
1.0336051e+00  1.02366e+00
1.0336199e+00  1.03548e+00
1.0336345e+00  1.02902e+00
1.0336492e+00  1.01491e+00
1.0336640e+00  1.02534e+00
1.0336787e+00  1.02342e+00
1.0336934e+00  1.03700e+00
1.0337081e+00  1.02312e+00
1.0337228e+00  1.02448e+00
1.0337375e+00  1.02256e+00
1.0337522e+00  1.03105e+00
1.0337670e+00  1.03812e+00
1.0337816e+00  1.03147e+00
1.0337963e+00  1.03725e+00
1.0338111e+00  1.02707e+00
1.0338258e+00  1.03359e+00
1.0338405e+00  1.02196e+00
1.0338552e+00  1.02113e+00
1.0338699e+00  1.03001e+00
1.0338846e+00  1.03146e+00
1.0338993e+00  1.03238e+00
1.0339141e+00  1.02599e+00
1.0339288e+00  1.02045e+00
1.0339434e+00  1.01314e+00
1.0339582e+00  1.01373e+00
1.0339729e+00  1.01654e+00
1.0339875e+00  1.02120e+00
1.0340023e+00  1.01450e+00
1.0340170e+00  1.01086e+00
1.0340317e+00  1.01243e+00
1.0340464e+00  1.01138e+00
1.0340611e+00  1.00710e+00
1.0340759e+00  1.01291e+00
1.0340905e+00  1.00086e+00
1.0341053e+00  9.94509e-01
1.0341200e+00  9.86178e-01
1.0341346e+00  1.00553e+00
1.0341494e+00  1.02032e+00
1.0341641e+00  1.00201e+00
1.0341789e+00  1.00025e+00
1.0341935e+00  1.00642e+00
1.0342082e+00  9.97859e-01
1.0342230e+00  1.00124e+00
1.0342376e+00  9.89943e-01
1.0342524e+00  9.93615e-01
1.0342671e+00  9.87880e-01
1.0342817e+00  9.94817e-01
1.0342965e+00  9.98943e-01
1.0343112e+00  9.88873e-01
1.0343260e+00  9.90826e-01
1.0343406e+00  9.99380e-01
1.0343553e+00  9.57258e-01
1.0343701e+00  9.69571e-01
1.0343847e+00  9.70123e-01
1.0343995e+00  9.38470e-01
1.0344142e+00  9.16052e-01
1.0344288e+00  9.29205e-01
1.0344436e+00  9.45562e-01
1.0344583e+00  9.47669e-01
1.0344731e+00  9.49556e-01
1.0344877e+00  9.57986e-01
1.0345024e+00  9.57464e-01
1.0345172e+00  9.61215e-01
1.0345318e+00  9.69371e-01
1.0345466e+00  9.57905e-01
1.0345613e+00  9.53609e-01
1.0345759e+00  9.60082e-01
1.0345907e+00  9.59996e-01
1.0346054e+00  9.63597e-01
1.0346202e+00  9.93074e-01
1.0346348e+00  9.75263e-01
1.0346495e+00  9.80006e-01
1.0346643e+00  9.74696e-01
1.0346789e+00  9.72668e-01
1.0346937e+00  9.74950e-01
1.0347084e+00  9.72860e-01
1.0347230e+00  9.70616e-01
1.0347378e+00  9.62297e-01
1.0347525e+00  9.64589e-01
1.0347673e+00  9.52798e-01
1.0347819e+00  9.56711e-01
1.0347966e+00  9.56803e-01
1.0348114e+00  9.67593e-01
1.0348260e+00  9.63713e-01
1.0348407e+00  9.75423e-01
1.0348555e+00  9.74713e-01
1.0348701e+00  9.78713e-01
1.0348849e+00  9.80614e-01
1.0348996e+00  9.90270e-01
1.0349143e+00  1.02850e+00
1.0349290e+00  9.98877e-01
1.0349437e+00  9.85718e-01
1.0349585e+00  9.96362e-01
1.0349731e+00  9.86290e-01
1.0349878e+00  9.94519e-01
1.0350026e+00  9.92498e-01
1.0350173e+00  9.87041e-01
1.0350320e+00  9.96788e-01
1.0350467e+00  9.99124e-01
1.0350614e+00  9.97648e-01
1.0350761e+00  9.89945e-01
1.0350908e+00  9.91133e-01
1.0351056e+00  9.94714e-01
1.0351202e+00  9.86972e-01
1.0351349e+00  9.76076e-01
1.0351497e+00  9.79086e-01
1.0351644e+00  9.95165e-01
1.0351791e+00  1.00283e+00
1.0351938e+00  9.87484e-01
1.0352085e+00  9.93960e-01
1.0352232e+00  1.00797e+00
1.0352379e+00  1.00917e+00
1.0352527e+00  9.97425e-01
1.0352674e+00  1.00442e+00
1.0352820e+00  9.91993e-01
1.0352968e+00  9.90180e-01
1.0353115e+00  9.89273e-01
1.0353262e+00  9.94058e-01
1.0353409e+00  9.95254e-01
1.0353556e+00  9.90374e-01
1.0353703e+00  1.01362e+00
1.0353850e+00  1.00310e+00
1.0353998e+00  1.00163e+00
1.0354145e+00  1.00792e+00
1.0354291e+00  1.02370e+00
1.0354439e+00  1.00398e+00
1.0354586e+00  1.00248e+00
1.0354733e+00  1.00689e+00
1.0354880e+00  1.00676e+00
1.0355027e+00  1.00498e+00
1.0355175e+00  1.01085e+00
1.0355321e+00  1.02007e+00
1.0355469e+00  1.01728e+00
1.0355616e+00  1.00757e+00
1.0355762e+00  9.99982e-01
1.0355910e+00  9.78037e-01
1.0356057e+00  1.00660e+00
1.0356205e+00  1.01245e+00
1.0356351e+00  1.01715e+00
1.0356498e+00  1.02089e+00
1.0356646e+00  1.00391e+00
1.0356792e+00  1.01656e+00
1.0356939e+00  1.01206e+00
1.0357087e+00  1.01197e+00
1.0357233e+00  1.01678e+00
1.0357381e+00  1.01660e+00
1.0357528e+00  1.00704e+00
1.0357674e+00  1.02609e+00
1.0357822e+00  1.01676e+00
1.0357969e+00  1.01619e+00
1.0358117e+00  1.01850e+00
1.0358263e+00  1.02700e+00
1.0358410e+00  1.02609e+00
1.0358558e+00  1.02111e+00
1.0358704e+00  1.02690e+00
1.0358852e+00  1.01834e+00
1.0358999e+00  1.01223e+00
1.0359145e+00  1.02342e+00
1.0359293e+00  1.02962e+00
1.0359440e+00  1.03277e+00
1.0359588e+00  1.03734e+00
1.0359734e+00  1.03699e+00
1.0359881e+00  1.03752e+00
1.0360029e+00  1.03898e+00
1.0360175e+00  1.04681e+00
1.0360323e+00  1.04011e+00
1.0360470e+00  1.03574e+00
1.0360616e+00  1.03795e+00
1.0360764e+00  1.03214e+00
1.0360911e+00  1.03313e+00
1.0361059e+00  1.04456e+00
1.0361205e+00  1.04437e+00
1.0361352e+00  1.04590e+00
1.0361500e+00  1.05459e+00
1.0361646e+00  1.03887e+00
1.0361794e+00  1.03662e+00
1.0361941e+00  1.03610e+00
1.0362087e+00  1.03885e+00
1.0362235e+00  1.03970e+00
1.0362382e+00  1.02224e+00
1.0362530e+00  1.03324e+00
1.0362676e+00  1.04144e+00
1.0362823e+00  1.04784e+00
1.0362971e+00  1.04330e+00
1.0363117e+00  1.03602e+00
1.0363265e+00  1.02962e+00
1.0363412e+00  1.03733e+00
1.0363559e+00  1.03718e+00
1.0363706e+00  1.03301e+00
1.0363853e+00  1.02875e+00
1.0364001e+00  1.03413e+00
1.0364147e+00  1.03308e+00
1.0364294e+00  1.02867e+00
1.0364442e+00  1.03819e+00
1.0364588e+00  1.03721e+00
1.0364735e+00  1.02275e+00
1.0364883e+00  1.02538e+00
1.0365030e+00  1.01621e+00
1.0365177e+00  1.01455e+00
1.0365324e+00  1.02184e+00
1.0365471e+00  1.02868e+00
1.0365618e+00  1.02839e+00
1.0365765e+00  1.03701e+00
1.0365913e+00  1.03569e+00
1.0366060e+00  1.03701e+00
1.0366206e+00  1.04026e+00
1.0366354e+00  1.04451e+00
1.0366501e+00  1.02616e+00
1.0366648e+00  1.03505e+00
1.0366795e+00  1.04061e+00
1.0366942e+00  1.05031e+00
1.0367090e+00  1.04975e+00
1.0367236e+00  1.03080e+00
1.0367384e+00  1.02581e+00
1.0367531e+00  1.03004e+00
1.0367677e+00  1.02648e+00
1.0367825e+00  1.03105e+00
1.0367972e+00  1.02488e+00
1.0368119e+00  1.01990e+00
1.0368266e+00  1.02376e+00
1.0368413e+00  1.01148e+00
1.0368561e+00  1.02211e+00
1.0368707e+00  1.03027e+00
1.0368855e+00  1.03182e+00
1.0369002e+00  1.01758e+00
1.0369148e+00  1.01916e+00
1.0369296e+00  1.01671e+00
1.0369443e+00  1.02611e+00
1.0369591e+00  1.02776e+00
1.0369737e+00  1.01544e+00
1.0369884e+00  1.03670e+00
1.0370032e+00  1.03017e+00
1.0370178e+00  1.02080e+00
1.0370326e+00  1.02734e+00
1.0370473e+00  1.02436e+00
1.0370619e+00  1.01717e+00
1.0370767e+00  1.01555e+00
1.0370914e+00  1.02680e+00
1.0371062e+00  1.02103e+00
1.0371208e+00  1.00889e+00
1.0371355e+00  9.93632e-01
1.0371503e+00  9.86414e-01
