Normalization-constant  7.48971e+02
lambda         flux
1.0227152e+00  9.91731e-01
1.0227298e+00  9.92484e-01
1.0227445e+00  1.06324e+00
1.0227593e+00  9.81617e-01
1.0227739e+00  9.46806e-01
1.0227886e+00  9.57533e-01
1.0228034e+00  1.00711e+00
1.0228181e+00  9.76984e-01
1.0228327e+00  1.03118e+00
1.0228474e+00  1.08230e+00
1.0228622e+00  9.80768e-01
1.0228768e+00  9.43464e-01
1.0228915e+00  9.20674e-01
1.0229063e+00  1.00701e+00
1.0229209e+00  9.53392e-01
1.0229356e+00  9.69608e-01
1.0229504e+00  9.38037e-01
1.0229650e+00  9.59151e-01
1.0229797e+00  9.45122e-01
1.0229945e+00  9.38041e-01
1.0230091e+00  9.38461e-01
1.0230238e+00  9.65023e-01
1.0230386e+00  9.36110e-01
1.0230533e+00  9.33637e-01
1.0230679e+00  9.82953e-01
1.0230826e+00  9.47325e-01
1.0230974e+00  9.80105e-01
1.0231120e+00  9.90030e-01
1.0231267e+00  1.02950e+00
1.0231415e+00  9.57790e-01
1.0231561e+00  8.92251e-01
1.0231708e+00  9.76274e-01
1.0231856e+00  9.40404e-01
1.0232002e+00  9.44317e-01
1.0232149e+00  9.66195e-01
1.0232297e+00  9.07766e-01
1.0232443e+00  1.00529e+00
1.0232590e+00  1.00893e+00
1.0232738e+00  1.06571e+00
1.0232885e+00  1.06404e+00
1.0233031e+00  1.05927e+00
1.0233178e+00  1.02840e+00
1.0233326e+00  9.88421e-01
1.0233472e+00  1.02152e+00
1.0233619e+00  9.09519e-01
1.0233767e+00  8.95824e-01
1.0233913e+00  9.95408e-01
1.0234060e+00  1.01014e+00
1.0234208e+00  8.78785e-01
1.0234354e+00  9.70046e-01
1.0234501e+00  9.57870e-01
1.0234649e+00  8.95263e-01
1.0234795e+00  9.64074e-01
1.0234942e+00  9.63424e-01
1.0235090e+00  9.90603e-01
1.0235237e+00  9.71114e-01
1.0235383e+00  9.21899e-01
1.0235530e+00  9.58603e-01
1.0235678e+00  9.99756e-01
1.0235824e+00  1.01224e+00
1.0235971e+00  9.65440e-01
1.0236119e+00  1.01170e+00
1.0236265e+00  9.18097e-01
1.0236412e+00  9.49298e-01
1.0236560e+00  9.74060e-01
1.0236706e+00  1.01812e+00
1.0236853e+00  9.66036e-01
1.0237002e+00  9.17371e-01
1.0237148e+00  9.25833e-01
1.0237295e+00  9.74986e-01
1.0237443e+00  1.02413e+00
1.0237590e+00  9.80841e-01
1.0237736e+00  9.73166e-01
1.0237883e+00  9.66664e-01
1.0238031e+00  1.00021e+00
1.0238177e+00  9.60708e-01
1.0238324e+00  1.03572e+00
1.0238472e+00  1.00177e+00
1.0238618e+00  1.02604e+00
1.0238765e+00  1.00960e+00
1.0238913e+00  1.01521e+00
1.0239059e+00  1.03554e+00
1.0239206e+00  1.04001e+00
1.0239354e+00  9.93067e-01
1.0239500e+00  9.65725e-01
1.0239647e+00  1.04581e+00
1.0239795e+00  1.04425e+00
1.0239942e+00  9.87476e-01
1.0240088e+00  1.02501e+00
1.0240235e+00  1.09283e+00
1.0240383e+00  9.68139e-01
1.0240529e+00  1.03143e+00
1.0240676e+00  1.00807e+00
1.0240824e+00  9.34334e-01
1.0240970e+00  9.64905e-01
1.0241117e+00  9.51816e-01
1.0241265e+00  1.00088e+00
1.0241411e+00  1.00053e+00
1.0241558e+00  1.02126e+00
1.0241706e+00  9.91583e-01
1.0241852e+00  1.01296e+00
1.0241999e+00  1.02578e+00
1.0242147e+00  9.71572e-01
1.0242294e+00  9.95957e-01
1.0242440e+00  1.01995e+00
1.0242587e+00  1.08776e+00
1.0242735e+00  1.05626e+00
1.0242881e+00  1.03775e+00
1.0243028e+00  9.52159e-01
1.0243176e+00  9.35309e-01
1.0243322e+00  9.93766e-01
1.0243469e+00  9.85177e-01
1.0243617e+00  9.78919e-01
1.0243763e+00  9.93018e-01
1.0243910e+00  9.92789e-01
1.0244058e+00  9.78151e-01
1.0244204e+00  9.66684e-01
1.0244351e+00  9.82230e-01
1.0244499e+00  9.84779e-01
1.0244646e+00  1.00051e+00
1.0244792e+00  1.03555e+00
1.0244939e+00  1.06899e+00
1.0245087e+00  9.86589e-01
1.0245233e+00  9.86810e-01
1.0245380e+00  9.86562e-01
1.0245528e+00  9.78919e-01
1.0245674e+00  9.47174e-01
1.0245821e+00  9.62433e-01
1.0245969e+00  9.58345e-01
1.0246115e+00  9.60713e-01
1.0246262e+00  9.77433e-01
1.0246410e+00  1.03490e+00
1.0246556e+00  9.86405e-01
1.0246703e+00  9.85166e-01
1.0246851e+00  9.18815e-01
1.0246998e+00  9.77031e-01
1.0247144e+00  9.83681e-01
1.0247291e+00  9.87634e-01
1.0247439e+00  9.70030e-01
1.0247585e+00  9.24042e-01
1.0247732e+00  9.89604e-01
1.0247880e+00  1.02274e+00
1.0248026e+00  1.02673e+00
1.0248173e+00  9.93795e-01
1.0248321e+00  9.61013e-01
1.0248467e+00  9.39762e-01
1.0248614e+00  9.85842e-01
1.0248762e+00  1.01297e+00
1.0248908e+00  1.01054e+00
1.0249055e+00  9.45577e-01
1.0249203e+00  9.67361e-01
1.0249350e+00  9.87860e-01
1.0249496e+00  9.81980e-01
1.0249643e+00  9.61636e-01
1.0249791e+00  9.98491e-01
1.0249937e+00  9.85830e-01
1.0250084e+00  1.01129e+00
1.0250232e+00  9.72153e-01
1.0250378e+00  1.01705e+00
1.0250525e+00  9.57726e-01
1.0250673e+00  9.93273e-01
1.0250819e+00  9.81319e-01
1.0250966e+00  1.00687e+00
1.0251114e+00  9.89952e-01
1.0251260e+00  9.86759e-01
1.0251407e+00  9.83963e-01
1.0251555e+00  9.97625e-01
1.0251702e+00  9.90040e-01
1.0251848e+00  9.96175e-01
1.0251995e+00  9.77500e-01
1.0252143e+00  9.85932e-01
1.0252289e+00  9.95730e-01
1.0252436e+00  9.94767e-01
1.0252584e+00  9.51167e-01
1.0252730e+00  9.70750e-01
1.0252877e+00  1.00970e+00
1.0253025e+00  9.84475e-01
1.0253171e+00  9.56122e-01
1.0253318e+00  9.81034e-01
1.0253466e+00  9.58247e-01
1.0253612e+00  1.00831e+00
1.0253759e+00  1.05065e+00
1.0253907e+00  1.04707e+00
1.0254054e+00  1.08080e+00
1.0254200e+00  1.02702e+00
1.0254347e+00  9.72974e-01
1.0254495e+00  1.00896e+00
1.0254641e+00  9.82396e-01
1.0254788e+00  9.78362e-01
1.0254936e+00  9.92589e-01
1.0255082e+00  9.48396e-01
1.0255229e+00  1.03987e+00
1.0255377e+00  9.93485e-01
1.0255523e+00  9.67679e-01
1.0255670e+00  9.72313e-01
1.0255818e+00  9.92768e-01
1.0255964e+00  9.30319e-01
1.0256111e+00  9.48579e-01
1.0256259e+00  1.01808e+00
1.0256406e+00  9.95330e-01
1.0256553e+00  9.81002e-01
1.0256700e+00  9.90764e-01
1.0256848e+00  1.00464e+00
1.0256994e+00  9.88390e-01
1.0257141e+00  1.01661e+00
1.0257289e+00  1.01618e+00
1.0257435e+00  9.79125e-01
1.0257582e+00  9.52786e-01
1.0257730e+00  1.01390e+00
1.0257876e+00  9.95624e-01
1.0258023e+00  9.54383e-01
1.0258171e+00  1.04878e+00
1.0258317e+00  1.03897e+00
1.0258464e+00  1.03671e+00
1.0258612e+00  9.83531e-01
1.0258759e+00  9.66726e-01
1.0258905e+00  9.29628e-01
1.0259052e+00  9.26307e-01
1.0259200e+00  1.01620e+00
1.0259346e+00  9.84758e-01
1.0259493e+00  9.92639e-01
1.0259641e+00  1.03373e+00
1.0259787e+00  1.01362e+00
1.0259934e+00  1.02723e+00
1.0260082e+00  1.03931e+00
1.0260228e+00  9.49884e-01
1.0260375e+00  9.54859e-01
1.0260523e+00  9.48537e-01
1.0260669e+00  9.44549e-01
1.0260816e+00  9.17280e-01
1.0260964e+00  1.00288e+00
1.0261111e+00  9.95396e-01
1.0261257e+00  9.82905e-01
1.0261404e+00  1.02470e+00
1.0261552e+00  1.13451e+00
1.0261698e+00  9.36357e-01
1.0261845e+00  1.01308e+00
1.0261993e+00  9.74752e-01
1.0262139e+00  9.27761e-01
1.0262286e+00  9.64434e-01
1.0262434e+00  9.54459e-01
1.0262580e+00  1.01100e+00
1.0262727e+00  1.01242e+00
1.0262875e+00  1.00942e+00
1.0263021e+00  9.53924e-01
1.0263168e+00  9.84075e-01
1.0263316e+00  9.80227e-01
1.0263463e+00  9.87209e-01
1.0263609e+00  1.00134e+00
1.0263756e+00  9.53421e-01
1.0263904e+00  9.93104e-01
1.0264050e+00  9.76652e-01
1.0264197e+00  9.99325e-01
1.0264345e+00  1.00160e+00
1.0264491e+00  9.24168e-01
1.0264638e+00  9.47906e-01
1.0264786e+00  9.92704e-01
1.0264932e+00  9.94515e-01
1.0265079e+00  9.59489e-01
1.0265227e+00  9.75336e-01
1.0265373e+00  9.85099e-01
1.0265520e+00  1.01032e+00
1.0265668e+00  9.64040e-01
1.0265815e+00  9.62788e-01
1.0265961e+00  9.55335e-01
1.0266108e+00  9.62848e-01
1.0266256e+00  9.50889e-01
1.0266402e+00  9.76091e-01
1.0266549e+00  9.53203e-01
1.0266697e+00  9.14475e-01
1.0266843e+00  9.84620e-01
1.0266990e+00  9.45090e-01
1.0267138e+00  9.52726e-01
1.0267284e+00  1.00007e+00
1.0267431e+00  1.02673e+00
1.0267579e+00  9.69538e-01
1.0267725e+00  1.01887e+00
1.0267872e+00  9.89756e-01
1.0268020e+00  9.90047e-01
1.0268167e+00  1.00632e+00
1.0268313e+00  9.80043e-01
1.0268460e+00  1.01020e+00
1.0268608e+00  1.02970e+00
1.0268754e+00  1.01709e+00
1.0268901e+00  9.88841e-01
1.0269049e+00  9.71917e-01
1.0269195e+00  9.89111e-01
1.0269342e+00  9.79298e-01
1.0269490e+00  9.90770e-01
1.0269636e+00  9.84621e-01
1.0269783e+00  9.79222e-01
1.0269931e+00  1.00622e+00
1.0270077e+00  1.00681e+00
1.0270224e+00  9.53183e-01
1.0270372e+00  9.46696e-01
1.0270519e+00  9.36567e-01
1.0270665e+00  9.62039e-01
1.0270812e+00  9.44813e-01
1.0270960e+00  9.89343e-01
1.0271106e+00  9.92506e-01
1.0271253e+00  9.78395e-01
1.0271401e+00  9.41964e-01
1.0271547e+00  1.03461e+00
1.0271694e+00  1.06320e+00
1.0271842e+00  1.01000e+00
1.0271988e+00  1.01945e+00
1.0272135e+00  1.02371e+00
1.0272283e+00  1.00136e+00
1.0272429e+00  9.77461e-01
1.0272576e+00  9.72810e-01
1.0272724e+00  1.00965e+00
1.0272871e+00  9.64680e-01
1.0273017e+00  1.00330e+00
1.0273164e+00  1.01884e+00
1.0273312e+00  9.74443e-01
1.0273458e+00  9.80804e-01
1.0273605e+00  9.81372e-01
1.0273753e+00  9.73712e-01
1.0273899e+00  9.92496e-01
1.0274046e+00  9.83449e-01
1.0274194e+00  9.91683e-01
1.0274340e+00  9.95512e-01
1.0274487e+00  9.53520e-01
1.0274635e+00  9.70433e-01
1.0274781e+00  1.00284e+00
1.0274928e+00  1.01957e+00
1.0275076e+00  1.02050e+00
1.0275223e+00  9.70671e-01
1.0275369e+00  1.02393e+00
1.0275516e+00  9.76052e-01
1.0275664e+00  9.67764e-01
1.0275810e+00  9.81081e-01
1.0275957e+00  9.87419e-01
1.0276106e+00  9.95087e-01
1.0276252e+00  9.86334e-01
1.0276399e+00  9.52959e-01
1.0276547e+00  9.65010e-01
1.0276693e+00  1.03047e+00
1.0276840e+00  1.03047e+00
1.0276988e+00  1.01699e+00
1.0277134e+00  9.45599e-01
1.0277281e+00  9.77443e-01
1.0277429e+00  9.81770e-01
1.0277576e+00  9.63560e-01
1.0277722e+00  1.00035e+00
1.0277869e+00  9.73070e-01
1.0278017e+00  9.73464e-01
1.0278163e+00  9.60209e-01
1.0278310e+00  9.89877e-01
1.0278458e+00  9.97373e-01
1.0278604e+00  9.88937e-01
1.0278751e+00  9.86779e-01
1.0278899e+00  1.02359e+00
1.0279045e+00  9.79609e-01
1.0279192e+00  1.01525e+00
1.0279340e+00  1.01044e+00
1.0279486e+00  9.70326e-01
1.0279633e+00  9.92597e-01
1.0279781e+00  9.95182e-01
1.0279928e+00  9.89634e-01
1.0280074e+00  9.80625e-01
1.0280221e+00  9.73267e-01
1.0280369e+00  9.80024e-01
1.0280515e+00  1.02601e+00
1.0280662e+00  9.89389e-01
1.0280810e+00  9.81335e-01
1.0280956e+00  9.93957e-01
1.0281103e+00  9.94371e-01
1.0281251e+00  9.27282e-01
1.0281397e+00  9.62031e-01
1.0281544e+00  9.97113e-01
1.0281692e+00  9.82201e-01
1.0281838e+00  1.00623e+00
1.0281985e+00  1.02809e+00
1.0282133e+00  1.01752e+00
1.0282280e+00  1.00339e+00
1.0282426e+00  9.84107e-01
1.0282573e+00  9.76526e-01
1.0282721e+00  1.00248e+00
1.0282867e+00  1.00909e+00
1.0283014e+00  9.51231e-01
1.0283162e+00  9.84908e-01
1.0283308e+00  1.00035e+00
1.0283455e+00  9.37670e-01
1.0283603e+00  9.85901e-01
1.0283749e+00  1.01853e+00
1.0283896e+00  9.93370e-01
1.0284044e+00  9.98244e-01
1.0284190e+00  1.01104e+00
1.0284337e+00  1.01024e+00
1.0284485e+00  9.65597e-01
1.0284632e+00  9.86366e-01
1.0284778e+00  1.00956e+00
1.0284925e+00  1.00480e+00
1.0285073e+00  1.01150e+00
1.0285219e+00  9.76076e-01
1.0285366e+00  9.86007e-01
1.0285514e+00  9.95972e-01
1.0285660e+00  9.82726e-01
1.0285807e+00  9.62865e-01
1.0285955e+00  9.64616e-01
1.0286101e+00  1.00887e+00
1.0286248e+00  1.00390e+00
1.0286396e+00  9.71527e-01
1.0286542e+00  9.57532e-01
1.0286689e+00  9.91412e-01
1.0286837e+00  9.80548e-01
1.0286984e+00  9.67472e-01
1.0287130e+00  9.90460e-01
1.0287277e+00  9.92497e-01
1.0287425e+00  1.00233e+00
1.0287571e+00  1.03785e+00
1.0287718e+00  9.94490e-01
1.0287866e+00  9.95246e-01
1.0288012e+00  1.01083e+00
1.0288159e+00  1.05114e+00
1.0288307e+00  1.02165e+00
1.0288453e+00  1.01658e+00
1.0288600e+00  9.82939e-01
1.0288748e+00  9.86562e-01
1.0288894e+00  1.01695e+00
1.0289041e+00  9.95382e-01
1.0289189e+00  9.89824e-01
1.0289336e+00  9.72826e-01
1.0289482e+00  1.00952e+00
1.0289629e+00  1.00459e+00
1.0289777e+00  9.96050e-01
1.0289923e+00  9.90117e-01
1.0290070e+00  1.05541e+00
1.0290218e+00  1.00998e+00
1.0290364e+00  9.82285e-01
1.0290511e+00  9.86057e-01
1.0290659e+00  9.76370e-01
1.0290805e+00  9.81302e-01
1.0290952e+00  9.62208e-01
1.0291100e+00  9.67992e-01
1.0291246e+00  9.98695e-01
1.0291393e+00  1.00319e+00
1.0291541e+00  9.70391e-01
1.0291688e+00  9.45874e-01
1.0291834e+00  1.01044e+00
1.0291981e+00  1.00832e+00
1.0292129e+00  9.81495e-01
1.0292275e+00  9.63305e-01
1.0292422e+00  9.90266e-01
1.0292570e+00  1.00125e+00
1.0292716e+00  9.92830e-01
1.0292863e+00  9.89043e-01
1.0293011e+00  9.95091e-01
1.0293157e+00  9.76766e-01
1.0293304e+00  9.51709e-01
1.0293452e+00  9.64916e-01
1.0293598e+00  9.88436e-01
1.0293745e+00  9.74095e-01
1.0293893e+00  9.39699e-01
1.0294040e+00  1.00343e+00
1.0294186e+00  9.85708e-01
1.0294333e+00  9.75085e-01
1.0294481e+00  9.98712e-01
1.0294627e+00  9.91123e-01
1.0294774e+00  1.01248e+00
1.0294922e+00  9.80972e-01
1.0295068e+00  9.82704e-01
1.0295215e+00  9.68535e-01
1.0295363e+00  1.00008e+00
1.0295509e+00  1.03110e+00
1.0295657e+00  1.03669e+00
1.0295805e+00  1.02232e+00
1.0295951e+00  1.00132e+00
1.0296098e+00  1.01427e+00
1.0296246e+00  1.03050e+00
1.0296393e+00  9.95624e-01
1.0296539e+00  1.01560e+00
1.0296686e+00  1.02001e+00
1.0296834e+00  1.03446e+00
1.0296980e+00  1.02112e+00
1.0297127e+00  1.00407e+00
1.0297275e+00  1.01164e+00
1.0297421e+00  1.00337e+00
1.0297568e+00  9.82535e-01
1.0297716e+00  9.95030e-01
1.0297862e+00  1.00229e+00
1.0298009e+00  1.01742e+00
1.0298157e+00  1.02842e+00
1.0298303e+00  9.92844e-01
1.0298450e+00  1.00454e+00
1.0298598e+00  9.73923e-01
1.0298745e+00  9.56129e-01
1.0298891e+00  9.90499e-01
1.0299038e+00  1.01493e+00
1.0299186e+00  1.01603e+00
1.0299332e+00  9.85684e-01
1.0299479e+00  9.95378e-01
1.0299627e+00  1.00036e+00
1.0299773e+00  9.81706e-01
1.0299920e+00  9.74756e-01
1.0300068e+00  9.71867e-01
1.0300214e+00  9.77826e-01
1.0300361e+00  1.01047e+00
1.0300509e+00  1.00698e+00
1.0300655e+00  9.78126e-01
1.0300802e+00  9.84115e-01
1.0300950e+00  1.01518e+00
1.0301097e+00  1.01187e+00
1.0301243e+00  1.02440e+00
1.0301390e+00  9.81912e-01
1.0301538e+00  9.79975e-01
1.0301684e+00  9.69797e-01
1.0301831e+00  9.84025e-01
1.0301979e+00  1.03132e+00
1.0302125e+00  1.00635e+00
1.0302272e+00  1.01430e+00
1.0302420e+00  1.02094e+00
1.0302566e+00  1.00421e+00
1.0302713e+00  1.02002e+00
1.0302861e+00  9.84850e-01
1.0303007e+00  9.82702e-01
1.0303154e+00  9.98712e-01
1.0303302e+00  9.99136e-01
1.0303449e+00  1.02840e+00
1.0303595e+00  1.03786e+00
1.0303742e+00  1.02450e+00
1.0303890e+00  1.01178e+00
1.0304036e+00  9.96202e-01
1.0304183e+00  9.95792e-01
1.0304331e+00  9.97238e-01
1.0304477e+00  1.00985e+00
1.0304624e+00  1.00161e+00
1.0304772e+00  1.00083e+00
1.0304918e+00  9.99410e-01
1.0305065e+00  9.77604e-01
1.0305213e+00  1.00055e+00
1.0305359e+00  1.00294e+00
1.0305506e+00  1.00558e+00
1.0305654e+00  9.97087e-01
1.0305801e+00  1.01854e+00
1.0305947e+00  1.00905e+00
1.0306094e+00  1.00528e+00
1.0306242e+00  9.93260e-01
1.0306388e+00  9.92130e-01
1.0306535e+00  9.87035e-01
1.0306683e+00  9.78074e-01
1.0306829e+00  9.88443e-01
1.0306976e+00  9.91128e-01
1.0307124e+00  1.01354e+00
1.0307270e+00  9.98586e-01
1.0307417e+00  9.87991e-01
1.0307565e+00  1.00332e+00
1.0307711e+00  9.90951e-01
1.0307858e+00  1.02924e+00
1.0308006e+00  1.04718e+00
1.0308153e+00  9.96350e-01
1.0308299e+00  1.00667e+00
1.0308446e+00  1.01652e+00
1.0308594e+00  1.01859e+00
1.0308740e+00  1.01289e+00
1.0308887e+00  1.01193e+00
1.0309035e+00  1.01087e+00
1.0309181e+00  1.02569e+00
1.0309328e+00  1.01812e+00
1.0309476e+00  9.97496e-01
1.0309622e+00  9.98721e-01
1.0309769e+00  1.00320e+00
1.0309917e+00  1.00670e+00
1.0310063e+00  1.03689e+00
1.0310210e+00  1.01448e+00
1.0310358e+00  1.00258e+00
1.0310505e+00  1.02557e+00
1.0310651e+00  1.02162e+00
1.0310798e+00  1.01102e+00
1.0310946e+00  9.87893e-01
1.0311092e+00  1.02287e+00
1.0311239e+00  1.00351e+00
1.0311387e+00  1.01661e+00
1.0311533e+00  1.03588e+00
1.0311680e+00  1.03023e+00
1.0311828e+00  1.01235e+00
1.0311974e+00  1.00753e+00
1.0312121e+00  1.00339e+00
1.0312269e+00  1.03787e+00
1.0312415e+00  1.03200e+00
1.0312562e+00  1.01157e+00
1.0312710e+00  9.89334e-01
1.0312857e+00  1.02884e+00
1.0313003e+00  1.03819e+00
1.0313150e+00  1.01489e+00
1.0313298e+00  9.93090e-01
1.0313444e+00  1.01542e+00
1.0313591e+00  1.01766e+00
1.0313739e+00  1.05103e+00
1.0313885e+00  1.04275e+00
1.0314032e+00  1.03391e+00
1.0314180e+00  1.02094e+00
1.0314326e+00  1.02551e+00
1.0314473e+00  1.02518e+00
1.0314621e+00  1.02420e+00
1.0314767e+00  1.01401e+00
1.0314914e+00  1.05201e+00
1.0315062e+00  1.02584e+00
1.0315210e+00  1.04527e+00
1.0315356e+00  1.04296e+00
1.0315503e+00  1.04173e+00
1.0315651e+00  1.03760e+00
1.0315797e+00  1.04008e+00
1.0315944e+00  1.04134e+00
1.0316092e+00  1.03196e+00
1.0316238e+00  1.02916e+00
1.0316385e+00  1.05581e+00
1.0316533e+00  1.03265e+00
1.0316679e+00  1.02715e+00
1.0316826e+00  1.04455e+00
1.0316974e+00  1.02854e+00
1.0317120e+00  1.03288e+00
1.0317267e+00  1.05307e+00
1.0317415e+00  1.03558e+00
1.0317562e+00  1.04239e+00
1.0317708e+00  1.03351e+00
1.0317855e+00  1.00259e+00
1.0318003e+00  1.02388e+00
1.0318149e+00  1.00531e+00
1.0318296e+00  1.02502e+00
1.0318444e+00  1.03402e+00
1.0318590e+00  1.00499e+00
1.0318737e+00  1.01006e+00
1.0318885e+00  1.01391e+00
1.0319031e+00  1.03305e+00
1.0319178e+00  1.01270e+00
1.0319326e+00  1.02271e+00
1.0319472e+00  1.02061e+00
1.0319619e+00  1.00398e+00
1.0319767e+00  1.00958e+00
1.0319914e+00  1.00930e+00
1.0320060e+00  1.00840e+00
1.0320207e+00  1.02757e+00
1.0320355e+00  1.01818e+00
1.0320501e+00  1.03261e+00
1.0320648e+00  1.01363e+00
1.0320796e+00  1.00837e+00
1.0320942e+00  1.01422e+00
1.0321089e+00  1.00806e+00
1.0321237e+00  1.03080e+00
1.0321383e+00  1.03817e+00
1.0321530e+00  1.03066e+00
1.0321678e+00  1.02871e+00
1.0321824e+00  1.03728e+00
1.0321971e+00  1.00771e+00
1.0322119e+00  1.01432e+00
1.0322266e+00  9.94864e-01
1.0322412e+00  1.01384e+00
1.0322559e+00  1.04495e+00
1.0322707e+00  1.06238e+00
1.0322853e+00  1.04733e+00
1.0323000e+00  1.08262e+00
1.0323148e+00  1.04812e+00
1.0323294e+00  1.01023e+00
1.0323441e+00  9.99475e-01
1.0323589e+00  1.00283e+00
1.0323735e+00  1.01220e+00
1.0323882e+00  1.01701e+00
1.0324030e+00  1.02084e+00
1.0324176e+00  9.90493e-01
1.0324323e+00  1.03070e+00
1.0324471e+00  1.02747e+00
1.0324618e+00  1.01956e+00
1.0324764e+00  1.01560e+00
1.0324911e+00  1.00538e+00
1.0325059e+00  1.02578e+00
1.0325205e+00  1.01943e+00
1.0325352e+00  1.02475e+00
1.0325500e+00  9.96044e-01
1.0325646e+00  9.91227e-01
1.0325793e+00  9.94915e-01
1.0325941e+00  9.71888e-01
1.0326087e+00  9.81816e-01
1.0326234e+00  9.78672e-01
1.0326382e+00  1.01177e+00
1.0326528e+00  9.86513e-01
1.0326675e+00  9.72007e-01
1.0326823e+00  9.70325e-01
1.0326970e+00  9.32807e-01
1.0327116e+00  9.01070e-01
1.0327263e+00  9.12410e-01
1.0327411e+00  9.04675e-01
1.0327557e+00  9.13012e-01
1.0327704e+00  9.00661e-01
1.0327852e+00  8.86469e-01
1.0327998e+00  8.72539e-01
1.0328145e+00  8.64384e-01
1.0328293e+00  8.49445e-01
1.0328439e+00  8.95034e-01
1.0328586e+00  8.97593e-01
1.0328734e+00  9.01837e-01
1.0328880e+00  8.93966e-01
1.0329027e+00  9.06133e-01
1.0329175e+00  9.00186e-01
1.0329322e+00  8.83810e-01
1.0329468e+00  8.89466e-01
1.0329615e+00  9.01696e-01
1.0329763e+00  9.00457e-01
1.0329909e+00  9.33810e-01
1.0330056e+00  9.21355e-01
1.0330204e+00  9.47008e-01
1.0330350e+00  9.30030e-01
1.0330497e+00  9.19515e-01
1.0330645e+00  9.05854e-01
1.0330791e+00  9.00466e-01
1.0330938e+00  8.66346e-01
1.0331086e+00  8.98707e-01
1.0331232e+00  8.85359e-01
1.0331379e+00  8.93705e-01
1.0331527e+00  9.12668e-01
1.0331674e+00  8.96671e-01
1.0331820e+00  9.29457e-01
1.0331967e+00  9.17024e-01
1.0332115e+00  9.31602e-01
1.0332261e+00  9.47392e-01
1.0332408e+00  9.41179e-01
1.0332556e+00  9.64947e-01
1.0332702e+00  9.58547e-01
1.0332849e+00  9.65822e-01
1.0332997e+00  9.59058e-01
1.0333143e+00  9.81134e-01
1.0333290e+00  9.80513e-01
1.0333438e+00  1.01039e+00
1.0333584e+00  1.00884e+00
1.0333731e+00  9.96387e-01
1.0333879e+00  1.00415e+00
1.0334026e+00  1.00093e+00
1.0334172e+00  9.87589e-01
1.0334319e+00  9.97047e-01
1.0334467e+00  1.02519e+00
1.0334613e+00  1.02515e+00
1.0334761e+00  1.04344e+00
1.0334909e+00  1.04415e+00
1.0335055e+00  1.01015e+00
1.0335202e+00  1.02663e+00
1.0335350e+00  1.02429e+00
1.0335496e+00  1.02479e+00
1.0335643e+00  1.00872e+00
1.0335791e+00  9.98923e-01
1.0335937e+00  9.86727e-01
1.0336084e+00  9.93001e-01
1.0336232e+00  1.00448e+00
1.0336379e+00  1.01682e+00
1.0336525e+00  1.00757e+00
1.0336673e+00  1.01086e+00
1.0336820e+00  1.02830e+00
1.0336966e+00  1.01752e+00
1.0337113e+00  9.93528e-01
1.0337261e+00  9.91536e-01
1.0337407e+00  1.01214e+00
1.0337554e+00  1.03555e+00
1.0337702e+00  1.02498e+00
1.0337848e+00  1.01920e+00
1.0337995e+00  1.02909e+00
1.0338143e+00  1.04166e+00
1.0338289e+00  1.00214e+00
1.0338436e+00  1.01554e+00
1.0338584e+00  9.94060e-01
1.0338731e+00  1.00000e+00
1.0338877e+00  9.91806e-01
1.0339024e+00  9.88717e-01
1.0339172e+00  1.00366e+00
1.0339318e+00  1.01855e+00
1.0339465e+00  1.02850e+00
1.0339613e+00  1.02925e+00
1.0339759e+00  1.01836e+00
1.0339906e+00  1.03459e+00
1.0340054e+00  1.01011e+00
1.0340200e+00  1.01771e+00
1.0340347e+00  1.03415e+00
1.0340495e+00  1.00223e+00
1.0340641e+00  1.02054e+00
1.0340788e+00  1.01432e+00
1.0340936e+00  1.00036e+00
1.0341083e+00  1.00534e+00
1.0341229e+00  1.00387e+00
1.0341377e+00  1.00579e+00
1.0341524e+00  9.77183e-01
1.0341670e+00  9.67131e-01
1.0341817e+00  9.64979e-01
1.0341965e+00  1.00836e+00
1.0342111e+00  1.00736e+00
1.0342258e+00  1.00280e+00
1.0342406e+00  9.85423e-01
1.0342552e+00  9.79907e-01
1.0342699e+00  9.77163e-01
1.0342847e+00  9.97674e-01
1.0342993e+00  9.98305e-01
1.0343140e+00  1.00601e+00
1.0343288e+00  1.00542e+00
1.0343435e+00  9.99476e-01
1.0343581e+00  1.00169e+00
1.0343728e+00  9.68802e-01
1.0343876e+00  9.50177e-01
1.0344022e+00  9.57103e-01
1.0344169e+00  9.33277e-01
1.0344317e+00  9.34326e-01
1.0344463e+00  9.23885e-01
1.0344610e+00  9.24771e-01
1.0344758e+00  9.41361e-01
1.0344904e+00  9.58190e-01
1.0345051e+00  9.99368e-01
1.0345199e+00  9.17933e-01
1.0345345e+00  9.30642e-01
1.0345492e+00  9.67911e-01
1.0345640e+00  9.53905e-01
1.0345787e+00  9.75176e-01
1.0345933e+00  9.57696e-01
1.0346081e+00  9.91665e-01
1.0346228e+00  9.76523e-01
1.0346374e+00  9.70923e-01
1.0346521e+00  9.84569e-01
1.0346669e+00  1.00821e+00
1.0346815e+00  9.97554e-01
1.0346962e+00  1.01960e+00
1.0347110e+00  9.98254e-01
1.0347256e+00  9.95876e-01
1.0347403e+00  9.67273e-01
1.0347551e+00  9.36466e-01
1.0347697e+00  9.71944e-01
1.0347844e+00  9.84789e-01
1.0347992e+00  9.62468e-01
1.0348139e+00  9.46695e-01
1.0348285e+00  9.56957e-01
1.0348432e+00  9.84078e-01
1.0348580e+00  9.74492e-01
1.0348726e+00  9.92618e-01
1.0348873e+00  9.87792e-01
1.0349021e+00  9.97063e-01
1.0349167e+00  1.01152e+00
1.0349314e+00  9.88833e-01
1.0349462e+00  1.00375e+00
1.0349608e+00  9.95209e-01
1.0349755e+00  1.03078e+00
1.0349903e+00  1.02488e+00
1.0350049e+00  1.03627e+00
1.0350196e+00  1.02643e+00
1.0350344e+00  9.95085e-01
1.0350491e+00  1.05310e+00
1.0350637e+00  1.02133e+00
1.0350785e+00  1.02398e+00
1.0350932e+00  9.90169e-01
1.0351078e+00  1.00208e+00
1.0351225e+00  1.01487e+00
1.0351373e+00  1.00234e+00
1.0351519e+00  9.92166e-01
1.0351666e+00  9.84606e-01
1.0351814e+00  9.98106e-01
1.0351960e+00  1.03005e+00
1.0352107e+00  9.85825e-01
1.0352255e+00  1.00980e+00
1.0352401e+00  1.00548e+00
1.0352548e+00  9.85179e-01
1.0352696e+00  9.93956e-01
1.0352843e+00  1.01636e+00
1.0352989e+00  1.01319e+00
1.0353136e+00  9.80908e-01
1.0353284e+00  9.96518e-01
1.0353430e+00  1.00146e+00
1.0353577e+00  1.01655e+00
1.0353725e+00  1.03132e+00
1.0353871e+00  1.02451e+00
1.0354018e+00  1.02412e+00
1.0354166e+00  1.01457e+00
1.0354313e+00  1.00184e+00
1.0354460e+00  9.91909e-01
1.0354608e+00  9.90519e-01
1.0354754e+00  1.02320e+00
1.0354901e+00  9.91586e-01
1.0355049e+00  1.01750e+00
1.0355196e+00  1.00777e+00
1.0355342e+00  1.03152e+00
1.0355490e+00  1.01538e+00
1.0355637e+00  1.00624e+00
1.0355783e+00  1.01557e+00
1.0355930e+00  1.05772e+00
1.0356078e+00  1.05477e+00
1.0356224e+00  1.03302e+00
1.0356371e+00  1.02578e+00
1.0356519e+00  1.01126e+00
1.0356665e+00  1.00000e+00
1.0356812e+00  9.91696e-01
1.0356960e+00  1.01818e+00
1.0357106e+00  1.05783e+00
1.0357253e+00  1.02653e+00
1.0357401e+00  1.03073e+00
1.0357548e+00  1.04241e+00
1.0357694e+00  1.01709e+00
1.0357841e+00  1.01704e+00
1.0357989e+00  1.02801e+00
1.0358135e+00  1.03332e+00
1.0358282e+00  1.00693e+00
1.0358430e+00  1.00381e+00
1.0358576e+00  9.97887e-01
1.0358723e+00  9.94841e-01
1.0358871e+00  1.04420e+00
1.0359017e+00  1.04149e+00
1.0359164e+00  1.03755e+00
1.0359312e+00  1.01315e+00
1.0359458e+00  1.06055e+00
1.0359605e+00  1.01565e+00
1.0359753e+00  1.03436e+00
1.0359900e+00  1.02579e+00
1.0360046e+00  1.06308e+00
1.0360194e+00  1.03714e+00
1.0360341e+00  1.03366e+00
1.0360487e+00  1.05340e+00
1.0360634e+00  1.07655e+00
1.0360782e+00  1.04360e+00
1.0360928e+00  1.01026e+00
1.0361075e+00  1.02515e+00
1.0361223e+00  1.07389e+00
1.0361369e+00  1.07958e+00
1.0361516e+00  1.04588e+00
1.0361664e+00  1.03338e+00
1.0361810e+00  1.01828e+00
1.0361957e+00  1.03518e+00
1.0362105e+00  9.97945e-01
1.0362252e+00  1.02834e+00
1.0362398e+00  1.03336e+00
1.0362545e+00  1.02924e+00
1.0362693e+00  1.02911e+00
1.0362839e+00  1.00904e+00
1.0362986e+00  1.02340e+00
1.0363134e+00  1.06936e+00
1.0363280e+00  1.05263e+00
1.0363427e+00  1.01992e+00
1.0363575e+00  1.01429e+00
1.0363721e+00  1.03563e+00
1.0363868e+00  1.04317e+00
1.0364016e+00  1.05289e+00
1.0364162e+00  1.03371e+00
1.0364309e+00  1.03156e+00
1.0364457e+00  1.02774e+00
1.0364604e+00  1.03497e+00
1.0364750e+00  1.01563e+00
1.0364898e+00  1.02179e+00
1.0365045e+00  1.06190e+00
1.0365191e+00  1.04246e+00
1.0365338e+00  1.03933e+00
1.0365486e+00  1.03894e+00
1.0365632e+00  1.05001e+00
1.0365779e+00  1.04388e+00
1.0365927e+00  1.05495e+00
1.0366073e+00  1.02214e+00
1.0366220e+00  1.03301e+00
1.0366368e+00  1.04318e+00
1.0366514e+00  1.05070e+00
1.0366661e+00  1.05604e+00
1.0366809e+00  1.02011e+00
1.0366956e+00  1.02572e+00
1.0367102e+00  1.04918e+00
1.0367250e+00  1.00007e+00
1.0367397e+00  1.02469e+00
1.0367543e+00  1.07034e+00
1.0367690e+00  1.05725e+00
1.0367838e+00  1.03146e+00
1.0367984e+00  1.00113e+00
1.0368131e+00  9.94278e-01
1.0368279e+00  1.00596e+00
1.0368425e+00  9.99831e-01
1.0368572e+00  1.02814e+00
1.0368720e+00  1.00506e+00
1.0368866e+00  1.02528e+00
1.0369013e+00  1.03773e+00
1.0369161e+00  1.05328e+00
1.0369308e+00  1.03639e+00
1.0369454e+00  1.04856e+00
1.0369602e+00  1.01230e+00
1.0369749e+00  1.03649e+00
1.0369895e+00  1.01083e+00
1.0370042e+00  9.83129e-01
1.0370190e+00  1.01656e+00
1.0370336e+00  1.03692e+00
1.0370483e+00  1.00274e+00
1.0370631e+00  9.87784e-01
1.0370777e+00  1.00212e+00
1.0370924e+00  9.89823e-01
1.0371072e+00  1.00249e+00
1.0371218e+00  9.98550e-01
1.0371365e+00  9.83779e-01
1.0371513e+00  9.94037e-01
1.0371660e+00  1.01882e+00
1.0371806e+00  1.05346e+00
1.0371954e+00  1.05607e+00
1.0372101e+00  1.01446e+00
1.0372247e+00  9.71872e-01
1.0372394e+00  9.90739e-01
1.0372542e+00  1.05050e+00
1.0372688e+00  1.03373e+00
1.0372835e+00  1.00518e+00
1.0372983e+00  1.04289e+00
1.0373129e+00  9.96342e-01
1.0373276e+00  9.75455e-01
1.0373424e+00  1.00138e+00
1.0373570e+00  9.94644e-01
1.0373717e+00  1.05219e+00
1.0373866e+00  1.06695e+00
1.0374013e+00  1.06826e+00
