Normalization-constant  7.30521e+02
lambda         flux
1.0091810e+00  9.51916e-01
1.0091955e+00  9.42684e-01
1.0092101e+00  9.97930e-01
1.0092246e+00  1.05871e+00
1.0092391e+00  1.03523e+00
1.0092536e+00  1.08138e+00
1.0092681e+00  1.02098e+00
1.0092827e+00  9.82998e-01
1.0092972e+00  1.02172e+00
1.0093118e+00  1.00776e+00
1.0093263e+00  1.01693e+00
1.0093409e+00  1.02885e+00
1.0093554e+00  1.01861e+00
1.0093698e+00  1.05193e+00
1.0093844e+00  9.99656e-01
1.0093989e+00  9.38922e-01
1.0094135e+00  9.02798e-01
1.0094280e+00  1.02277e+00
1.0094426e+00  1.12157e+00
1.0094571e+00  1.07931e+00
1.0094716e+00  1.00635e+00
1.0094862e+00  9.57870e-01
1.0095006e+00  1.08384e+00
1.0095151e+00  1.03572e+00
1.0095297e+00  9.59988e-01
1.0095442e+00  1.01111e+00
1.0095588e+00  1.01622e+00
1.0095733e+00  1.01901e+00
1.0095879e+00  1.01135e+00
1.0096024e+00  9.93815e-01
1.0096170e+00  9.62173e-01
1.0096314e+00  1.00386e+00
1.0096459e+00  1.03733e+00
1.0096605e+00  9.72153e-01
1.0096750e+00  1.08826e+00
1.0096896e+00  1.05296e+00
1.0097041e+00  9.50742e-01
1.0097186e+00  9.87775e-01
1.0097332e+00  9.65202e-01
1.0097477e+00  1.00436e+00
1.0097622e+00  1.03682e+00
1.0097767e+00  1.01516e+00
1.0097912e+00  9.64325e-01
1.0098058e+00  9.73492e-01
1.0098203e+00  1.06739e+00
1.0098349e+00  1.03825e+00
1.0098494e+00  9.40510e-01
1.0098640e+00  9.73021e-01
1.0098784e+00  1.02175e+00
1.0098929e+00  1.00248e+00
1.0099075e+00  1.03801e+00
1.0099220e+00  9.94031e-01
1.0099366e+00  1.00427e+00
1.0099511e+00  9.66532e-01
1.0099656e+00  9.38143e-01
1.0099802e+00  1.04192e+00
1.0099947e+00  1.02877e+00
1.0100093e+00  9.73974e-01
1.0100238e+00  9.62445e-01
1.0100383e+00  1.02080e+00
1.0100529e+00  9.99922e-01
1.0100674e+00  9.29188e-01
1.0100820e+00  9.26286e-01
1.0100965e+00  9.90558e-01
1.0101111e+00  1.03657e+00
1.0101256e+00  1.02745e+00
1.0101400e+00  1.04641e+00
1.0101546e+00  1.03992e+00
1.0101691e+00  9.58870e-01
1.0101837e+00  9.88095e-01
1.0101982e+00  1.07832e+00
1.0102127e+00  1.07149e+00
1.0102273e+00  1.03055e+00
1.0102418e+00  1.09182e+00
1.0102564e+00  1.06260e+00
1.0102708e+00  1.01519e+00
1.0102853e+00  9.90782e-01
1.0102999e+00  1.03843e+00
1.0103144e+00  1.10354e+00
1.0103290e+00  9.78258e-01
1.0103435e+00  1.01227e+00
1.0103581e+00  1.06127e+00
1.0103726e+00  9.52925e-01
1.0103871e+00  9.56782e-01
1.0104016e+00  1.03249e+00
1.0104161e+00  1.00762e+00
1.0104307e+00  9.57240e-01
1.0104452e+00  1.01995e+00
1.0104597e+00  1.02748e+00
1.0104743e+00  1.05244e+00
1.0104888e+00  1.08148e+00
1.0105034e+00  9.94821e-01
1.0105178e+00  9.97163e-01
1.0105323e+00  1.04768e+00
1.0105469e+00  1.07007e+00
1.0105614e+00  1.00507e+00
1.0105760e+00  9.72620e-01
1.0105905e+00  9.46783e-01
1.0106051e+00  1.01355e+00
1.0106196e+00  1.05840e+00
1.0106341e+00  9.80144e-01
1.0106486e+00  1.01147e+00
1.0106631e+00  1.00526e+00
1.0106777e+00  9.96479e-01
1.0106922e+00  9.85818e-01
1.0107067e+00  9.56308e-01
1.0107213e+00  9.41175e-01
1.0107358e+00  9.99563e-01
1.0107504e+00  9.66987e-01
1.0107649e+00  1.03013e+00
1.0107793e+00  9.73563e-01
1.0107939e+00  1.01963e+00
1.0108084e+00  1.02108e+00
1.0108230e+00  1.05490e+00
1.0108375e+00  1.03372e+00
1.0108521e+00  1.04897e+00
1.0108666e+00  1.05180e+00
1.0108811e+00  1.05460e+00
1.0108957e+00  9.71413e-01
1.0109101e+00  1.00477e+00
1.0109247e+00  1.04767e+00
1.0109392e+00  1.02640e+00
1.0109537e+00  1.04799e+00
1.0109683e+00  1.05063e+00
1.0109828e+00  9.79765e-01
1.0109974e+00  9.88846e-01
1.0110119e+00  1.02739e+00
1.0110265e+00  9.65174e-01
1.0110409e+00  1.02187e+00
1.0110554e+00  9.55533e-01
1.0110700e+00  9.48879e-01
1.0110845e+00  1.00021e+00
1.0110991e+00  1.06274e+00
1.0111136e+00  1.04999e+00
1.0111282e+00  9.69614e-01
1.0111427e+00  9.60731e-01
1.0111572e+00  9.97696e-01
1.0111717e+00  1.03122e+00
1.0111862e+00  1.04259e+00
1.0112007e+00  9.81076e-01
1.0112153e+00  9.64024e-01
1.0112298e+00  9.79123e-01
1.0112444e+00  9.63463e-01
1.0112589e+00  9.95993e-01
1.0112735e+00  9.95439e-01
1.0112879e+00  9.51761e-01
1.0113024e+00  9.88521e-01
1.0113170e+00  1.02833e+00
1.0113315e+00  9.91650e-01
1.0113461e+00  9.29094e-01
1.0113606e+00  9.80895e-01
1.0113752e+00  9.70885e-01
1.0113897e+00  1.01935e+00
1.0114042e+00  9.82105e-01
1.0114187e+00  9.64831e-01
1.0114332e+00  9.68757e-01
1.0114478e+00  9.75728e-01
1.0114623e+00  9.63406e-01
1.0114768e+00  9.29079e-01
1.0114914e+00  1.02189e+00
1.0115059e+00  9.95012e-01
1.0115205e+00  1.05091e+00
1.0115350e+00  1.01607e+00
1.0115494e+00  1.00340e+00
1.0115640e+00  1.04597e+00
1.0115785e+00  1.02216e+00
1.0115931e+00  9.81706e-01
1.0116076e+00  1.01053e+00
1.0116222e+00  1.02576e+00
1.0116367e+00  9.97010e-01
1.0116512e+00  9.98690e-01
1.0116658e+00  9.73460e-01
1.0116802e+00  9.60146e-01
1.0116948e+00  9.63703e-01
1.0117093e+00  1.00195e+00
1.0117238e+00  9.77155e-01
1.0117384e+00  9.94713e-01
1.0117529e+00  1.00593e+00
1.0117675e+00  9.51422e-01
1.0117820e+00  1.00256e+00
1.0117966e+00  1.03165e+00
1.0118110e+00  9.86109e-01
1.0118255e+00  1.01134e+00
1.0118401e+00  1.01195e+00
1.0118546e+00  1.02254e+00
1.0118692e+00  1.05698e+00
1.0118837e+00  9.66707e-01
1.0118982e+00  9.65617e-01
1.0119128e+00  9.74756e-01
1.0119272e+00  9.47706e-01
1.0119418e+00  9.73657e-01
1.0119563e+00  1.03032e+00
1.0119709e+00  9.90294e-01
1.0119855e+00  9.82597e-01
1.0120000e+00  9.92971e-01
1.0120146e+00  1.04003e+00
1.0120291e+00  1.00027e+00
1.0120437e+00  9.69583e-01
1.0120581e+00  1.02661e+00
1.0120726e+00  9.86150e-01
1.0120872e+00  9.92589e-01
1.0121017e+00  1.01690e+00
1.0121163e+00  9.63094e-01
1.0121308e+00  9.51232e-01
1.0121453e+00  9.86456e-01
1.0121599e+00  1.00262e+00
1.0121744e+00  1.00308e+00
1.0121889e+00  1.05673e+00
1.0122034e+00  1.07952e+00
1.0122179e+00  1.04815e+00
1.0122325e+00  9.84332e-01
1.0122470e+00  1.05080e+00
1.0122616e+00  1.09501e+00
1.0122761e+00  1.03840e+00
1.0122907e+00  9.90850e-01
1.0123052e+00  9.78494e-01
1.0123196e+00  1.05153e+00
1.0123342e+00  1.01852e+00
1.0123487e+00  9.77123e-01
1.0123633e+00  9.12456e-01
1.0123778e+00  1.02408e+00
1.0123923e+00  1.04636e+00
1.0124069e+00  9.89107e-01
1.0124214e+00  1.01376e+00
1.0124360e+00  1.03281e+00
1.0124504e+00  1.02132e+00
1.0124649e+00  1.00602e+00
1.0124795e+00  9.69851e-01
1.0124940e+00  9.43467e-01
1.0125086e+00  9.92553e-01
1.0125231e+00  9.83672e-01
1.0125377e+00  1.02223e+00
1.0125522e+00  9.48322e-01
1.0125666e+00  9.82965e-01
1.0125812e+00  9.74112e-01
1.0125957e+00  9.83853e-01
1.0126103e+00  9.55830e-01
1.0126248e+00  1.01486e+00
1.0126393e+00  1.05167e+00
1.0126539e+00  1.02232e+00
1.0126684e+00  1.05153e+00
1.0126830e+00  1.03730e+00
1.0126974e+00  1.02110e+00
1.0127119e+00  1.04979e+00
1.0127265e+00  1.04691e+00
1.0127410e+00  1.04427e+00
1.0127556e+00  1.01123e+00
1.0127701e+00  9.85961e-01
1.0127847e+00  9.95606e-01
1.0127992e+00  1.01102e+00
1.0128138e+00  1.00361e+00
1.0128282e+00  1.04595e+00
1.0128427e+00  1.02265e+00
1.0128573e+00  1.03580e+00
1.0128718e+00  1.00189e+00
1.0128863e+00  1.00654e+00
1.0129009e+00  1.00602e+00
1.0129154e+00  1.00295e+00
1.0129300e+00  9.99666e-01
1.0129445e+00  1.01549e+00
1.0129589e+00  9.59656e-01
1.0129735e+00  9.40620e-01
1.0129880e+00  1.01698e+00
1.0130026e+00  1.00644e+00
1.0130171e+00  1.00485e+00
1.0130317e+00  1.02439e+00
1.0130462e+00  1.04629e+00
1.0130608e+00  1.01249e+00
1.0130753e+00  1.00557e+00
1.0130897e+00  1.01428e+00
1.0131043e+00  9.93988e-01
1.0131188e+00  9.95663e-01
1.0131334e+00  9.90574e-01
1.0131479e+00  1.04321e+00
1.0131624e+00  1.03460e+00
1.0131770e+00  1.07977e+00
1.0131915e+00  1.06627e+00
1.0132059e+00  1.05159e+00
1.0132205e+00  1.03039e+00
1.0132350e+00  9.90691e-01
1.0132496e+00  1.00345e+00
1.0132641e+00  9.89366e-01
1.0132787e+00  1.02278e+00
1.0132932e+00  1.03638e+00
1.0133078e+00  1.02252e+00
1.0133223e+00  9.80461e-01
1.0133367e+00  9.91811e-01
1.0133513e+00  9.89545e-01
1.0133658e+00  1.03936e+00
1.0133804e+00  1.02670e+00
1.0133949e+00  1.04807e+00
1.0134094e+00  1.01345e+00
1.0134240e+00  1.02379e+00
1.0134385e+00  1.01913e+00
1.0134531e+00  1.03482e+00
1.0134675e+00  9.91169e-01
1.0134820e+00  9.66179e-01
1.0134966e+00  1.02575e+00
1.0135111e+00  9.80164e-01
1.0135257e+00  9.67028e-01
1.0135402e+00  9.68310e-01
1.0135548e+00  1.00999e+00
1.0135693e+00  9.90633e-01
1.0135838e+00  9.59334e-01
1.0135983e+00  1.03789e+00
1.0136128e+00  1.02836e+00
1.0136274e+00  1.02700e+00
1.0136419e+00  9.90163e-01
1.0136564e+00  9.68097e-01
1.0136710e+00  1.00786e+00
1.0136855e+00  9.45882e-01
1.0137001e+00  9.09936e-01
1.0137146e+00  1.00000e+00
1.0137290e+00  9.66669e-01
1.0137436e+00  9.70719e-01
1.0137581e+00  9.98875e-01
1.0137727e+00  1.01944e+00
1.0137872e+00  1.01450e+00
1.0138018e+00  1.02447e+00
1.0138163e+00  9.83256e-01
1.0138308e+00  9.79339e-01
1.0138453e+00  1.01906e+00
1.0138598e+00  9.91861e-01
1.0138744e+00  9.24938e-01
1.0138889e+00  9.68160e-01
1.0139034e+00  9.84703e-01
1.0139180e+00  9.92936e-01
1.0139326e+00  9.81337e-01
1.0139472e+00  1.00017e+00
1.0139617e+00  9.76454e-01
1.0139761e+00  9.89124e-01
1.0139907e+00  9.97442e-01
1.0140052e+00  9.60181e-01
1.0140198e+00  9.76332e-01
1.0140343e+00  9.98998e-01
1.0140489e+00  9.83719e-01
1.0140634e+00  9.55651e-01
1.0140779e+00  9.50465e-01
1.0140925e+00  9.32496e-01
1.0141069e+00  9.58943e-01
1.0141215e+00  9.79680e-01
1.0141360e+00  9.81054e-01
1.0141505e+00  9.71482e-01
1.0141651e+00  9.63246e-01
1.0141796e+00  9.58155e-01
1.0141942e+00  9.52404e-01
1.0142087e+00  9.76804e-01
1.0142233e+00  9.65167e-01
1.0142377e+00  9.81274e-01
1.0142522e+00  9.79628e-01
1.0142668e+00  9.88267e-01
1.0142813e+00  1.01392e+00
1.0142959e+00  9.90075e-01
1.0143104e+00  9.75025e-01
1.0143249e+00  1.00279e+00
1.0143395e+00  9.58525e-01
1.0143540e+00  9.84712e-01
1.0143685e+00  9.41080e-01
1.0143830e+00  9.47819e-01
1.0143975e+00  9.78205e-01
1.0144121e+00  9.97443e-01
1.0144266e+00  9.94295e-01
1.0144412e+00  9.65389e-01
1.0144557e+00  9.62059e-01
1.0144703e+00  9.80203e-01
1.0144848e+00  9.88283e-01
1.0144992e+00  9.59232e-01
1.0145138e+00  9.62256e-01
1.0145283e+00  9.58256e-01
1.0145429e+00  9.52162e-01
1.0145574e+00  9.71478e-01
1.0145719e+00  9.42470e-01
1.0145865e+00  9.13725e-01
1.0146010e+00  9.08993e-01
1.0146155e+00  9.06539e-01
1.0146300e+00  9.41782e-01
1.0146445e+00  9.46746e-01
1.0146591e+00  9.44290e-01
1.0146736e+00  9.58421e-01
1.0146882e+00  9.77966e-01
1.0147027e+00  1.00729e+00
1.0147173e+00  9.85808e-01
1.0147318e+00  9.44175e-01
1.0147462e+00  9.83122e-01
1.0147608e+00  1.00362e+00
1.0147753e+00  9.99401e-01
1.0147899e+00  9.89826e-01
1.0148044e+00  9.55923e-01
1.0148190e+00  9.41372e-01
1.0148335e+00  1.01024e+00
1.0148480e+00  9.87934e-01
1.0148626e+00  9.45343e-01
1.0148770e+00  9.64779e-01
1.0148915e+00  9.74316e-01
1.0149061e+00  9.69437e-01
1.0149206e+00  1.00949e+00
1.0149352e+00  9.67455e-01
1.0149497e+00  9.93039e-01
1.0149643e+00  9.48475e-01
1.0149788e+00  9.51556e-01
1.0149934e+00  9.35255e-01
1.0150078e+00  9.60177e-01
1.0150223e+00  9.71249e-01
1.0150369e+00  9.28507e-01
1.0150514e+00  9.53311e-01
1.0150660e+00  9.23809e-01
1.0150805e+00  9.47460e-01
1.0150950e+00  1.00676e+00
1.0151096e+00  9.84168e-01
1.0151241e+00  9.67498e-01
1.0151386e+00  9.54539e-01
1.0151531e+00  1.00771e+00
1.0151676e+00  1.02700e+00
1.0151822e+00  9.83987e-01
1.0151967e+00  9.93710e-01
1.0152113e+00  9.86190e-01
1.0152258e+00  1.01068e+00
1.0152404e+00  1.00768e+00
1.0152548e+00  1.00897e+00
1.0152693e+00  1.04981e+00
1.0152839e+00  1.01125e+00
1.0152984e+00  9.84055e-01
1.0153130e+00  9.99152e-01
1.0153275e+00  1.01431e+00
1.0153420e+00  1.01623e+00
1.0153566e+00  9.76831e-01
1.0153711e+00  1.00970e+00
1.0153856e+00  9.87296e-01
1.0154001e+00  9.74786e-01
1.0154146e+00  1.00517e+00
1.0154292e+00  9.82830e-01
1.0154437e+00  9.53170e-01
1.0154583e+00  1.00007e+00
1.0154728e+00  1.02182e+00
1.0154874e+00  1.03848e+00
1.0155019e+00  9.95878e-01
1.0155163e+00  1.00920e+00
1.0155309e+00  9.97656e-01
1.0155454e+00  9.23227e-01
1.0155600e+00  9.69020e-01
1.0155745e+00  9.63491e-01
1.0155890e+00  1.00081e+00
1.0156036e+00  9.84147e-01
1.0156181e+00  9.84747e-01
1.0156327e+00  9.58675e-01
1.0156471e+00  9.95761e-01
1.0156616e+00  9.82104e-01
1.0156762e+00  9.60710e-01
1.0156907e+00  9.95659e-01
1.0157053e+00  9.85916e-01
1.0157198e+00  9.79431e-01
1.0157344e+00  9.68105e-01
1.0157489e+00  9.76754e-01
1.0157634e+00  9.93511e-01
1.0157779e+00  1.01636e+00
1.0157924e+00  9.95143e-01
1.0158070e+00  1.00287e+00
1.0158215e+00  9.96396e-01
1.0158360e+00  9.76249e-01
1.0158506e+00  9.59289e-01
1.0158651e+00  9.61800e-01
1.0158798e+00  9.62128e-01
1.0158942e+00  9.28651e-01
1.0159087e+00  1.00759e+00
1.0159233e+00  1.01308e+00
1.0159378e+00  9.75361e-01
1.0159524e+00  9.76732e-01
1.0159669e+00  9.90597e-01
1.0159815e+00  9.95965e-01
1.0159960e+00  9.70846e-01
1.0160105e+00  9.89426e-01
1.0160250e+00  1.02642e+00
1.0160395e+00  1.02659e+00
1.0160541e+00  1.00320e+00
1.0160686e+00  1.00202e+00
1.0160831e+00  9.78090e-01
1.0160977e+00  1.02654e+00
1.0161122e+00  9.98967e-01
1.0161268e+00  1.00650e+00
1.0161413e+00  1.02938e+00
1.0161557e+00  1.05050e+00
1.0161703e+00  9.99534e-01
1.0161848e+00  1.01398e+00
1.0161994e+00  1.01015e+00
1.0162139e+00  1.01989e+00
1.0162285e+00  1.03406e+00
1.0162430e+00  1.01948e+00
1.0162575e+00  1.04984e+00
1.0162721e+00  1.05165e+00
1.0162865e+00  9.59350e-01
1.0163011e+00  1.01905e+00
1.0163156e+00  1.03215e+00
1.0163301e+00  1.01685e+00
1.0163447e+00  9.78055e-01
1.0163592e+00  1.00124e+00
1.0163738e+00  1.03229e+00
1.0163883e+00  1.01086e+00
1.0164029e+00  9.68286e-01
1.0164173e+00  9.81658e-01
1.0164318e+00  1.04833e+00
1.0164464e+00  1.00745e+00
1.0164609e+00  1.01101e+00
1.0164755e+00  9.97355e-01
1.0164900e+00  9.82873e-01
1.0165046e+00  9.91346e-01
1.0165191e+00  1.01174e+00
1.0165336e+00  9.87581e-01
1.0165481e+00  9.85075e-01
1.0165626e+00  9.83105e-01
1.0165771e+00  9.92323e-01
1.0165917e+00  9.91274e-01
1.0166062e+00  9.95144e-01
1.0166208e+00  9.98475e-01
1.0166353e+00  9.98350e-01
1.0166499e+00  1.00921e+00
1.0166643e+00  9.85191e-01
1.0166788e+00  9.79004e-01
1.0166934e+00  1.00359e+00
1.0167079e+00  9.93097e-01
1.0167225e+00  9.60641e-01
1.0167370e+00  1.00903e+00
1.0167516e+00  9.92915e-01
1.0167661e+00  1.00032e+00
1.0167806e+00  9.83077e-01
1.0167951e+00  9.58970e-01
1.0168096e+00  9.84339e-01
1.0168242e+00  9.89380e-01
1.0168387e+00  9.59457e-01
1.0168532e+00  9.78262e-01
1.0168678e+00  1.00033e+00
1.0168823e+00  9.66511e-01
1.0168969e+00  9.77957e-01
1.0169114e+00  9.93639e-01
1.0169258e+00  9.97360e-01
1.0169404e+00  1.00385e+00
1.0169549e+00  9.92914e-01
1.0169695e+00  9.76319e-01
1.0169840e+00  1.00157e+00
1.0169986e+00  9.77360e-01
1.0170131e+00  9.90750e-01
1.0170276e+00  9.81439e-01
1.0170422e+00  9.75598e-01
1.0170566e+00  9.86409e-01
1.0170712e+00  9.87963e-01
1.0170857e+00  1.00192e+00
1.0171002e+00  9.79369e-01
1.0171148e+00  9.60249e-01
1.0171293e+00  9.81414e-01
1.0171439e+00  9.69699e-01
1.0171584e+00  9.77122e-01
1.0171730e+00  9.64313e-01
1.0171874e+00  9.57855e-01
1.0172019e+00  9.78664e-01
1.0172165e+00  9.84611e-01
1.0172310e+00  9.78370e-01
1.0172456e+00  9.82666e-01
1.0172601e+00  9.86326e-01
1.0172746e+00  1.02924e+00
1.0172892e+00  9.97395e-01
1.0173036e+00  9.77450e-01
1.0173182e+00  9.71272e-01
1.0173327e+00  9.93968e-01
1.0173472e+00  9.93006e-01
1.0173618e+00  9.75855e-01
1.0173763e+00  9.93361e-01
1.0173909e+00  1.01249e+00
1.0174054e+00  1.00485e+00
1.0174200e+00  1.00035e+00
1.0174344e+00  9.72896e-01
1.0174489e+00  9.88296e-01
1.0174635e+00  9.78006e-01
1.0174780e+00  9.95070e-01
1.0174926e+00  9.89754e-01
1.0175071e+00  1.00866e+00
1.0175216e+00  1.03201e+00
1.0175362e+00  1.03329e+00
1.0175507e+00  1.01733e+00
1.0175652e+00  1.02068e+00
1.0175797e+00  9.98010e-01
1.0175942e+00  9.98459e-01
1.0176088e+00  1.01253e+00
1.0176233e+00  1.03669e+00
1.0176379e+00  1.03067e+00
1.0176524e+00  1.00216e+00
1.0176670e+00  9.79210e-01
1.0176815e+00  9.95430e-01
1.0176959e+00  1.01516e+00
1.0177105e+00  1.00981e+00
1.0177250e+00  1.01474e+00
1.0177396e+00  9.94996e-01
1.0177541e+00  1.03047e+00
1.0177686e+00  9.97904e-01
1.0177832e+00  1.00841e+00
1.0177977e+00  1.03191e+00
1.0178123e+00  9.98858e-01
1.0178267e+00  1.00875e+00
1.0178413e+00  9.98278e-01
1.0178559e+00  1.00238e+00
1.0178704e+00  9.93933e-01
1.0178850e+00  1.03943e+00
1.0178995e+00  1.02797e+00
1.0179141e+00  1.01720e+00
1.0179286e+00  1.02378e+00
1.0179430e+00  1.00265e+00
1.0179576e+00  1.01852e+00
1.0179721e+00  9.92574e-01
1.0179867e+00  9.92301e-01
1.0180012e+00  9.99378e-01
1.0180157e+00  9.97380e-01
1.0180303e+00  9.95790e-01
1.0180448e+00  9.79474e-01
1.0180594e+00  9.92056e-01
1.0180738e+00  9.98786e-01
1.0180883e+00  1.00460e+00
1.0181029e+00  1.01670e+00
1.0181174e+00  1.01677e+00
1.0181320e+00  1.00927e+00
1.0181465e+00  9.99111e-01
1.0181611e+00  9.98172e-01
1.0181756e+00  9.93907e-01
1.0181902e+00  1.00203e+00
1.0182046e+00  1.02657e+00
1.0182191e+00  1.00883e+00
1.0182337e+00  9.89901e-01
1.0182482e+00  9.77003e-01
1.0182627e+00  1.00355e+00
1.0182773e+00  1.01334e+00
1.0182918e+00  9.99667e-01
1.0183064e+00  9.97445e-01
1.0183209e+00  9.91790e-01
1.0183353e+00  9.47720e-01
1.0183499e+00  9.83748e-01
1.0183644e+00  1.00205e+00
1.0183790e+00  9.99596e-01
1.0183935e+00  9.86156e-01
1.0184081e+00  1.02532e+00
1.0184226e+00  1.02498e+00
1.0184372e+00  9.88133e-01
1.0184517e+00  1.00644e+00
1.0184661e+00  9.96708e-01
1.0184807e+00  9.97520e-01
1.0184952e+00  9.97373e-01
1.0185098e+00  9.86767e-01
1.0185243e+00  9.75747e-01
1.0185388e+00  9.93476e-01
1.0185534e+00  1.01972e+00
1.0185679e+00  1.00973e+00
1.0185823e+00  1.00343e+00
1.0185969e+00  9.81384e-01
1.0186114e+00  9.90494e-01
1.0186260e+00  1.00018e+00
1.0186405e+00  9.81967e-01
1.0186551e+00  1.00282e+00
1.0186696e+00  1.01716e+00
1.0186842e+00  1.00693e+00
1.0186987e+00  9.98155e-01
1.0187131e+00  1.01647e+00
1.0187277e+00  1.02411e+00
1.0187422e+00  9.99431e-01
1.0187568e+00  9.86785e-01
1.0187713e+00  9.82291e-01
1.0187858e+00  9.83142e-01
1.0188004e+00  1.01725e+00
1.0188149e+00  1.00239e+00
1.0188295e+00  1.00656e+00
1.0188439e+00  9.97301e-01
1.0188584e+00  1.01138e+00
1.0188730e+00  1.01842e+00
1.0188875e+00  1.02122e+00
1.0189021e+00  9.80994e-01
1.0189166e+00  9.84151e-01
1.0189312e+00  9.84731e-01
1.0189457e+00  9.94163e-01
1.0189602e+00  9.95701e-01
1.0189747e+00  1.03861e+00
1.0189892e+00  1.02350e+00
1.0190038e+00  1.00238e+00
1.0190183e+00  9.95082e-01
1.0190328e+00  9.88490e-01
1.0190474e+00  9.83618e-01
1.0190619e+00  9.50181e-01
1.0190765e+00  9.91861e-01
1.0190910e+00  1.00450e+00
1.0191054e+00  9.90606e-01
1.0191200e+00  9.93478e-01
1.0191345e+00  9.91226e-01
1.0191491e+00  1.02836e+00
1.0191636e+00  1.03804e+00
1.0191782e+00  1.00388e+00
1.0191927e+00  9.86514e-01
1.0192072e+00  9.80443e-01
1.0192217e+00  9.93241e-01
1.0192362e+00  1.01086e+00
1.0192508e+00  1.00427e+00
1.0192653e+00  9.78321e-01
1.0192798e+00  9.84457e-01
1.0192944e+00  9.71818e-01
1.0193089e+00  1.00280e+00
1.0193235e+00  9.90996e-01
1.0193380e+00  9.81154e-01
1.0193524e+00  9.99865e-01
1.0193670e+00  9.89464e-01
1.0193815e+00  1.02646e+00
1.0193961e+00  1.02018e+00
1.0194106e+00  1.02584e+00
1.0194252e+00  1.01338e+00
1.0194397e+00  9.80500e-01
1.0194542e+00  9.92110e-01
1.0194688e+00  1.00401e+00
1.0194832e+00  1.00990e+00
1.0194978e+00  9.86413e-01
1.0195123e+00  1.00393e+00
1.0195268e+00  1.01107e+00
1.0195414e+00  1.00971e+00
1.0195559e+00  1.00501e+00
1.0195705e+00  1.02441e+00
1.0195850e+00  9.62520e-01
1.0195996e+00  9.72522e-01
1.0196140e+00  1.00908e+00
1.0196285e+00  9.81015e-01
1.0196431e+00  9.64014e-01
1.0196576e+00  9.86586e-01
1.0196722e+00  9.85069e-01
1.0196867e+00  9.99027e-01
1.0197012e+00  1.01447e+00
1.0197158e+00  1.01451e+00
1.0197303e+00  9.95660e-01
1.0197448e+00  9.97389e-01
1.0197593e+00  9.78795e-01
1.0197738e+00  9.67763e-01
1.0197885e+00  9.97498e-01
1.0198030e+00  1.00060e+00
1.0198176e+00  9.95823e-01
1.0198321e+00  9.98192e-01
1.0198467e+00  1.00796e+00
1.0198612e+00  9.83402e-01
1.0198756e+00  9.87928e-01
1.0198902e+00  9.92480e-01
1.0199047e+00  9.96760e-01
1.0199193e+00  1.00375e+00
1.0199338e+00  1.01459e+00
1.0199483e+00  9.82183e-01
1.0199629e+00  9.86430e-01
1.0199774e+00  1.01276e+00
1.0199919e+00  1.00998e+00
1.0200064e+00  1.04325e+00
1.0200209e+00  9.97822e-01
1.0200355e+00  9.98466e-01
1.0200500e+00  9.82247e-01
1.0200646e+00  1.00534e+00
1.0200791e+00  9.96194e-01
1.0200937e+00  1.01259e+00
1.0201082e+00  1.04211e+00
1.0201226e+00  9.73735e-01
1.0201372e+00  1.00414e+00
1.0201517e+00  1.03668e+00
1.0201663e+00  1.01441e+00
1.0201808e+00  1.01048e+00
1.0201954e+00  1.02174e+00
1.0202099e+00  1.05231e+00
1.0202244e+00  9.83755e-01
1.0202390e+00  9.88186e-01
1.0202534e+00  1.00679e+00
1.0202679e+00  1.00270e+00
1.0202825e+00  1.03280e+00
1.0202970e+00  1.02025e+00
1.0203116e+00  1.01626e+00
1.0203261e+00  1.03456e+00
1.0203407e+00  1.00346e+00
1.0203552e+00  1.01423e+00
1.0203698e+00  1.00163e+00
1.0203842e+00  9.91071e-01
1.0203987e+00  1.00322e+00
1.0204133e+00  1.01059e+00
1.0204278e+00  1.01421e+00
1.0204424e+00  9.90974e-01
1.0204569e+00  9.85034e-01
1.0204714e+00  1.00355e+00
1.0204860e+00  1.01020e+00
1.0205005e+00  1.03116e+00
1.0205150e+00  9.97595e-01
1.0205295e+00  9.99948e-01
1.0205440e+00  1.01844e+00
1.0205586e+00  1.03777e+00
1.0205731e+00  1.01283e+00
1.0205877e+00  9.95969e-01
1.0206022e+00  1.00414e+00
1.0206168e+00  9.97288e-01
1.0206312e+00  9.71617e-01
1.0206457e+00  9.98744e-01
1.0206603e+00  9.94315e-01
1.0206748e+00  1.00065e+00
1.0206894e+00  1.01331e+00
1.0207039e+00  1.00601e+00
1.0207184e+00  1.05706e+00
1.0207330e+00  1.05809e+00
1.0207475e+00  1.05113e+00
1.0207620e+00  1.03471e+00
1.0207765e+00  1.00339e+00
1.0207910e+00  1.01897e+00
1.0208056e+00  1.02402e+00
1.0208201e+00  1.05372e+00
1.0208347e+00  1.03225e+00
1.0208492e+00  1.03792e+00
1.0208638e+00  1.04494e+00
1.0208783e+00  1.03402e+00
1.0208927e+00  1.00939e+00
1.0209073e+00  1.02366e+00
1.0209218e+00  1.05071e+00
1.0209364e+00  1.04131e+00
1.0209509e+00  1.05142e+00
1.0209654e+00  1.04684e+00
1.0209800e+00  1.04208e+00
1.0209945e+00  1.02458e+00
1.0210091e+00  1.01400e+00
1.0210235e+00  1.02497e+00
1.0210380e+00  1.04906e+00
1.0210526e+00  9.88701e-01
1.0210671e+00  1.01902e+00
1.0210817e+00  1.03878e+00
1.0210962e+00  1.02262e+00
1.0211108e+00  1.02282e+00
1.0211253e+00  1.00133e+00
1.0211398e+00  1.05338e+00
1.0211543e+00  1.03633e+00
1.0211688e+00  1.01171e+00
1.0211834e+00  1.04086e+00
1.0211979e+00  1.02951e+00
1.0212124e+00  1.04191e+00
1.0212270e+00  1.03346e+00
1.0212415e+00  1.02585e+00
1.0212561e+00  1.05164e+00
1.0212705e+00  1.02717e+00
1.0212850e+00  1.00927e+00
1.0212996e+00  9.96394e-01
1.0213141e+00  9.95669e-01
1.0213287e+00  1.00465e+00
1.0213432e+00  9.93700e-01
1.0213578e+00  1.01442e+00
1.0213723e+00  1.02064e+00
1.0213868e+00  9.86760e-01
1.0214013e+00  1.00114e+00
1.0214158e+00  9.98390e-01
1.0214304e+00  1.00170e+00
1.0214449e+00  9.92136e-01
1.0214594e+00  9.90223e-01
1.0214740e+00  9.88789e-01
1.0214885e+00  9.75363e-01
1.0215031e+00  9.86778e-01
1.0215176e+00  9.62685e-01
1.0215320e+00  9.73427e-01
1.0215466e+00  1.02361e+00
1.0215611e+00  9.99702e-01
1.0215757e+00  1.00860e+00
1.0215902e+00  1.01736e+00
1.0216048e+00  1.01380e+00
1.0216193e+00  9.73378e-01
1.0216338e+00  1.00400e+00
1.0216484e+00  9.93248e-01
1.0216628e+00  1.00905e+00
1.0216774e+00  9.78047e-01
1.0216919e+00  9.71915e-01
1.0217064e+00  9.88294e-01
1.0217210e+00  1.00059e+00
1.0217355e+00  9.82978e-01
1.0217502e+00  9.60706e-01
1.0217647e+00  9.86836e-01
1.0217793e+00  9.78503e-01
1.0217937e+00  1.00235e+00
1.0218082e+00  9.76808e-01
1.0218228e+00  9.49435e-01
1.0218373e+00  9.64412e-01
1.0218519e+00  9.91206e-01
1.0218664e+00  1.01470e+00
1.0218810e+00  9.87835e-01
1.0218955e+00  9.81081e-01
1.0219099e+00  9.81460e-01
1.0219245e+00  9.97332e-01
1.0219390e+00  9.88110e-01
1.0219535e+00  9.91473e-01
1.0219681e+00  9.92373e-01
1.0219826e+00  9.83164e-01
1.0219972e+00  1.00523e+00
1.0220117e+00  9.79226e-01
1.0220263e+00  9.81756e-01
1.0220407e+00  9.81643e-01
1.0220552e+00  9.72689e-01
1.0220698e+00  9.84273e-01
1.0220843e+00  9.64361e-01
1.0220989e+00  9.63426e-01
1.0221134e+00  9.76900e-01
1.0221280e+00  9.78044e-01
1.0221425e+00  9.76481e-01
1.0221570e+00  1.00599e+00
1.0221715e+00  9.94809e-01
1.0221860e+00  1.00160e+00
1.0222006e+00  9.96586e-01
1.0222151e+00  1.00380e+00
1.0222296e+00  9.97884e-01
1.0222442e+00  1.01480e+00
1.0222587e+00  9.68972e-01
1.0222733e+00  9.98216e-01
1.0222878e+00  9.98500e-01
1.0223022e+00  1.02241e+00
1.0223168e+00  9.76342e-01
1.0223313e+00  1.01086e+00
1.0223459e+00  1.00727e+00
1.0223604e+00  9.85635e-01
1.0223750e+00  9.71408e-01
1.0223895e+00  1.01177e+00
1.0224040e+00  9.98822e-01
1.0224186e+00  1.02074e+00
1.0224330e+00  1.02629e+00
1.0224476e+00  1.01483e+00
1.0224621e+00  1.00939e+00
1.0224766e+00  1.02283e+00
1.0224912e+00  1.05036e+00
1.0225057e+00  1.03556e+00
1.0225203e+00  1.04890e+00
1.0225348e+00  1.03065e+00
1.0225492e+00  1.04300e+00
1.0225638e+00  1.00689e+00
1.0225783e+00  1.03101e+00
1.0225929e+00  1.03752e+00
1.0226074e+00  1.03690e+00
1.0226220e+00  1.01932e+00
1.0226365e+00  1.02226e+00
1.0226510e+00  1.04210e+00
1.0226656e+00  1.02918e+00
1.0226800e+00  1.00061e+00
1.0226946e+00  1.02499e+00
1.0227091e+00  1.01685e+00
1.0227236e+00  1.01211e+00
1.0227382e+00  1.02579e+00
1.0227527e+00  1.02891e+00
1.0227673e+00  1.03404e+00
1.0227818e+00  1.03448e+00
1.0227964e+00  1.07700e+00
1.0228108e+00  1.02690e+00
1.0228253e+00  1.02236e+00
1.0228399e+00  1.02503e+00
1.0228544e+00  1.01787e+00
1.0228690e+00  1.01174e+00
1.0228835e+00  9.64749e-01
1.0228980e+00  1.02056e+00
1.0229126e+00  1.01130e+00
1.0229271e+00  1.04859e+00
1.0229416e+00  1.02702e+00
1.0229561e+00  1.01038e+00
1.0229706e+00  1.01778e+00
1.0229852e+00  1.00083e+00
1.0229997e+00  1.02178e+00
1.0230143e+00  1.01024e+00
1.0230288e+00  1.01070e+00
1.0230434e+00  9.94132e-01
1.0230579e+00  9.74537e-01
1.0230723e+00  1.01097e+00
1.0230869e+00  1.04022e+00
1.0231014e+00  9.72994e-01
1.0231160e+00  9.78748e-01
1.0231305e+00  9.68739e-01
1.0231450e+00  1.00402e+00
1.0231596e+00  1.02278e+00
1.0231741e+00  9.94644e-01
1.0231887e+00  9.89082e-01
1.0232031e+00  1.02701e+00
1.0232176e+00  1.06153e+00
1.0232322e+00  1.05583e+00
1.0232467e+00  1.05484e+00
1.0232613e+00  1.08198e+00
1.0232758e+00  1.02819e+00
1.0232904e+00  1.00988e+00
1.0233049e+00  9.84037e-01
1.0233193e+00  1.01924e+00
1.0233339e+00  1.04990e+00
1.0233484e+00  1.04097e+00
1.0233630e+00  1.02883e+00
1.0233775e+00  1.00208e+00
1.0233920e+00  9.85956e-01
1.0234066e+00  9.92051e-01
1.0234211e+00  1.03066e+00
1.0234357e+00  1.03299e+00
1.0234501e+00  1.00507e+00
1.0234646e+00  1.00596e+00
1.0234792e+00  1.04434e+00
1.0234937e+00  1.02412e+00
1.0235083e+00  9.70700e-01
1.0235228e+00  9.70498e-01
1.0235374e+00  1.03241e+00
1.0235519e+00  1.03612e+00
1.0235665e+00  1.02228e+00
1.0235809e+00  9.91757e-01
1.0235954e+00  9.98679e-01
1.0236100e+00  1.00574e+00
1.0236245e+00  1.01489e+00
1.0236391e+00  1.03500e+00
1.0236536e+00  1.06091e+00
1.0236681e+00  1.02125e+00
1.0236827e+00  9.79175e-01
1.0236973e+00  1.02963e+00
