#Normalization-constant  6.60334e+02
#lambda         flux
1.0656538e+00  1.04190e+00
1.0656692e+00  1.01794e+00
1.0656846e+00  9.89671e-01
1.0657000e+00  9.62522e-01
1.0657152e+00  1.02404e+00
1.0657306e+00  9.99373e-01
1.0657460e+00  1.01480e+00
1.0657613e+00  1.01875e+00
1.0657767e+00  9.24641e-01
1.0657920e+00  9.22506e-01
1.0658074e+00  1.01031e+00
1.0658227e+00  1.00523e+00
1.0658381e+00  1.01544e+00
1.0658534e+00  9.59591e-01
1.0658688e+00  9.37018e-01
1.0658841e+00  9.51147e-01
1.0658995e+00  9.75180e-01
1.0659148e+00  9.43976e-01
1.0659301e+00  1.01408e+00
1.0659455e+00  1.00895e+00
1.0659609e+00  9.43764e-01
1.0659762e+00  9.50242e-01
1.0659915e+00  1.03808e+00
1.0660069e+00  9.52181e-01
1.0660223e+00  9.61423e-01
1.0660377e+00  9.45035e-01
1.0660529e+00  9.93198e-01
1.0660683e+00  9.52087e-01
1.0660837e+00  9.18017e-01
1.0660991e+00  9.82358e-01
1.0661143e+00  9.42523e-01
1.0661297e+00  9.18835e-01
1.0661451e+00  9.19439e-01
1.0661605e+00  9.50320e-01
1.0661757e+00  9.13166e-01
1.0661911e+00  8.91144e-01
1.0662065e+00  8.58919e-01
1.0662219e+00  8.61486e-01
1.0662371e+00  8.91590e-01
1.0662525e+00  9.20102e-01
1.0662679e+00  8.61344e-01
1.0662832e+00  9.22091e-01
1.0662986e+00  8.43361e-01
1.0663139e+00  8.57596e-01
1.0663293e+00  8.62996e-01
1.0663446e+00  9.27540e-01
1.0663600e+00  9.32159e-01
1.0663753e+00  9.41823e-01
1.0663907e+00  9.44729e-01
1.0664060e+00  9.12110e-01
1.0664214e+00  8.63762e-01
1.0664367e+00  8.99755e-01
1.0664520e+00  8.45519e-01
1.0664674e+00  8.73717e-01
1.0664828e+00  8.98076e-01
1.0664981e+00  9.37030e-01
1.0665134e+00  9.47002e-01
1.0665288e+00  9.20679e-01
1.0665442e+00  8.88727e-01
1.0665596e+00  8.73266e-01
1.0665748e+00  8.98662e-01
1.0665902e+00  8.73070e-01
1.0666056e+00  9.52010e-01
1.0666210e+00  9.27343e-01
1.0666362e+00  9.32961e-01
1.0666516e+00  9.80842e-01
1.0666670e+00  9.73663e-01
1.0666824e+00  9.52308e-01
1.0666976e+00  9.58991e-01
1.0667130e+00  9.49738e-01
1.0667285e+00  1.05406e+00
1.0667439e+00  1.01583e+00
1.0667591e+00  1.02349e+00
1.0667745e+00  9.72499e-01
1.0667899e+00  9.72436e-01
1.0668052e+00  1.00376e+00
1.0668206e+00  9.96752e-01
1.0668359e+00  9.73164e-01
1.0668513e+00  1.00669e+00
1.0668666e+00  9.88067e-01
1.0668820e+00  1.03683e+00
1.0668973e+00  9.78647e-01
1.0669127e+00  9.80506e-01
1.0669280e+00  9.88941e-01
1.0669434e+00  9.50183e-01
1.0669587e+00  9.82332e-01
1.0669740e+00  9.22859e-01
1.0669894e+00  9.89834e-01
1.0670048e+00  1.01379e+00
1.0670201e+00  9.51606e-01
1.0670354e+00  9.72512e-01
1.0670508e+00  9.96746e-01
1.0670662e+00  1.02414e+00
1.0670816e+00  1.01128e+00
1.0670968e+00  9.62867e-01
1.0671122e+00  1.00519e+00
1.0671276e+00  1.01685e+00
1.0671430e+00  9.82627e-01
1.0671582e+00  9.81609e-01
1.0671736e+00  1.03669e+00
1.0671890e+00  9.65135e-01
1.0672044e+00  1.03170e+00
1.0672196e+00  1.02762e+00
1.0672350e+00  9.91548e-01
1.0672504e+00  9.98328e-01
1.0672658e+00  1.04059e+00
1.0672810e+00  9.81648e-01
1.0672964e+00  9.86271e-01
1.0673118e+00  1.02772e+00
1.0673271e+00  1.01100e+00
1.0673425e+00  9.55856e-01
1.0673578e+00  9.66230e-01
1.0673732e+00  9.78584e-01
1.0673885e+00  9.76004e-01
1.0674039e+00  9.70776e-01
1.0674192e+00  9.86383e-01
1.0674346e+00  9.80679e-01
1.0674499e+00  1.02058e+00
1.0674653e+00  1.01010e+00
1.0674806e+00  1.02960e+00
1.0674959e+00  9.92435e-01
1.0675113e+00  1.02251e+00
1.0675267e+00  1.01241e+00
1.0675420e+00  9.94580e-01
1.0675573e+00  9.78877e-01
1.0675727e+00  9.92801e-01
1.0675881e+00  1.00115e+00
1.0676035e+00  1.02202e+00
1.0676187e+00  1.00195e+00
1.0676341e+00  1.00105e+00
1.0676495e+00  9.74236e-01
1.0676649e+00  1.04884e+00
1.0676801e+00  1.01237e+00
1.0676955e+00  9.91683e-01
1.0677109e+00  1.05115e+00
1.0677263e+00  1.03489e+00
1.0677415e+00  1.03060e+00
1.0677569e+00  1.00915e+00
1.0677723e+00  9.60550e-01
1.0677876e+00  9.87788e-01
1.0678030e+00  1.02998e+00
1.0678183e+00  9.98357e-01
1.0678337e+00  9.69955e-01
1.0678490e+00  9.75112e-01
1.0678644e+00  9.63378e-01
1.0678797e+00  9.68166e-01
1.0678951e+00  9.80610e-01
1.0679104e+00  9.75821e-01
1.0679258e+00  1.02169e+00
1.0679411e+00  1.00902e+00
1.0679564e+00  9.62258e-01
1.0679718e+00  9.93180e-01
1.0679872e+00  1.05883e+00
1.0680025e+00  9.94109e-01
1.0680178e+00  1.02523e+00
1.0680332e+00  1.01974e+00
1.0680486e+00  9.71034e-01
1.0680640e+00  9.85227e-01
1.0680792e+00  9.73012e-01
1.0680946e+00  9.56247e-01
1.0681100e+00  9.42800e-01
1.0681254e+00  9.56545e-01
1.0681406e+00  9.93487e-01
1.0681560e+00  9.69508e-01
1.0681714e+00  9.55590e-01
1.0681868e+00  9.90787e-01
1.0682020e+00  1.02758e+00
1.0682174e+00  9.11402e-01
1.0682328e+00  9.56834e-01
1.0682482e+00  9.60119e-01
1.0682634e+00  9.34202e-01
1.0682788e+00  9.88806e-01
1.0682942e+00  9.17442e-01
1.0683095e+00  9.10143e-01
1.0683249e+00  9.11519e-01
1.0683402e+00  8.68441e-01
1.0683556e+00  9.14394e-01
1.0683709e+00  9.27731e-01
1.0683863e+00  8.90097e-01
1.0684016e+00  9.00580e-01
1.0684170e+00  9.13834e-01
1.0684323e+00  8.81594e-01
1.0684477e+00  9.04070e-01
1.0684630e+00  8.86352e-01
1.0684783e+00  8.72620e-01
1.0684937e+00  8.88227e-01
1.0685091e+00  8.68847e-01
1.0685244e+00  8.78723e-01
1.0685397e+00  8.83998e-01
1.0685551e+00  8.35412e-01
1.0685705e+00  8.52887e-01
1.0685859e+00  8.59313e-01
1.0686011e+00  8.85604e-01
1.0686165e+00  8.70292e-01
1.0686319e+00  8.35188e-01
1.0686473e+00  8.47388e-01
1.0686625e+00  8.26165e-01
1.0686780e+00  8.15277e-01
1.0686934e+00  8.46494e-01
1.0687088e+00  8.47647e-01
1.0687240e+00  8.60730e-01
1.0687394e+00  8.56509e-01
1.0687548e+00  8.59477e-01
1.0687702e+00  8.47190e-01
1.0687854e+00  8.48513e-01
1.0688008e+00  8.65806e-01
1.0688162e+00  8.89494e-01
1.0688315e+00  9.01852e-01
1.0688469e+00  8.74844e-01
1.0688622e+00  8.84066e-01
1.0688776e+00  9.36139e-01
1.0688929e+00  9.25224e-01
1.0689083e+00  9.04822e-01
1.0689236e+00  9.09284e-01
1.0689390e+00  8.91657e-01
1.0689543e+00  8.80572e-01
1.0689697e+00  8.99592e-01
1.0689850e+00  9.19708e-01
1.0690003e+00  8.82075e-01
1.0690157e+00  8.68646e-01
1.0690311e+00  8.65614e-01
1.0690464e+00  8.67974e-01
1.0690617e+00  8.67790e-01
1.0690771e+00  8.80055e-01
1.0690925e+00  8.96079e-01
1.0691079e+00  8.91107e-01
1.0691231e+00  8.60152e-01
1.0691385e+00  8.47006e-01
1.0691539e+00  8.65951e-01
1.0691693e+00  8.66152e-01
1.0691845e+00  8.68922e-01
1.0691999e+00  8.59590e-01
1.0692153e+00  8.49447e-01
1.0692307e+00  8.64771e-01
1.0692459e+00  8.60253e-01
1.0692613e+00  8.84235e-01
1.0692767e+00  8.63735e-01
1.0692921e+00  8.57889e-01
1.0693073e+00  8.96540e-01
1.0693227e+00  8.65235e-01
1.0693381e+00  8.55064e-01
1.0693534e+00  8.63484e-01
1.0693688e+00  8.59887e-01
1.0693841e+00  8.70065e-01
1.0693995e+00  8.94157e-01
1.0694148e+00  8.99733e-01
1.0694302e+00  8.65360e-01
1.0694455e+00  8.43946e-01
1.0694609e+00  8.32343e-01
1.0694762e+00  8.19337e-01
1.0694916e+00  8.57558e-01
1.0695069e+00  8.79730e-01
1.0695222e+00  8.76196e-01
1.0695376e+00  8.78282e-01
1.0695530e+00  8.62902e-01
1.0695683e+00  8.43085e-01
1.0695836e+00  8.19816e-01
1.0695990e+00  8.54169e-01
1.0696144e+00  7.87015e-01
1.0696298e+00  8.45683e-01
1.0696450e+00  9.07612e-01
1.0696604e+00  9.15367e-01
1.0696758e+00  9.36406e-01
1.0696912e+00  9.01388e-01
1.0697064e+00  9.32255e-01
1.0697218e+00  9.68589e-01
1.0697372e+00  9.78081e-01
1.0697526e+00  9.76123e-01
1.0697678e+00  9.75410e-01
1.0697832e+00  1.00509e+00
1.0697986e+00  9.73082e-01
1.0698139e+00  9.69383e-01
1.0698293e+00  9.68474e-01
1.0698446e+00  9.50052e-01
1.0698600e+00  9.83244e-01
1.0698753e+00  9.36876e-01
1.0698907e+00  9.68659e-01
1.0699060e+00  9.74501e-01
1.0699214e+00  9.64978e-01
1.0699367e+00  9.51446e-01
1.0699521e+00  9.51990e-01
1.0699674e+00  9.55636e-01
1.0699828e+00  9.78720e-01
1.0699981e+00  9.67602e-01
1.0700135e+00  9.90190e-01
1.0700288e+00  9.93994e-01
1.0700441e+00  9.65037e-01
1.0700595e+00  9.95551e-01
1.0700749e+00  9.84748e-01
1.0700903e+00  9.86724e-01
1.0701055e+00  9.91044e-01
1.0701209e+00  1.00420e+00
1.0701363e+00  1.00691e+00
1.0701517e+00  9.90804e-01
1.0701669e+00  1.00122e+00
1.0701823e+00  9.99355e-01
1.0701977e+00  1.00280e+00
1.0702131e+00  9.87100e-01
1.0702283e+00  9.71820e-01
1.0702437e+00  9.92571e-01
1.0702591e+00  1.00472e+00
1.0702745e+00  1.02766e+00
1.0702897e+00  1.01133e+00
1.0703051e+00  1.00511e+00
1.0703205e+00  1.00352e+00
1.0703358e+00  1.01018e+00
1.0703512e+00  1.00877e+00
1.0703665e+00  1.00512e+00
1.0703819e+00  1.00631e+00
1.0703972e+00  9.93844e-01
1.0704126e+00  1.01929e+00
1.0704279e+00  1.02411e+00
1.0704433e+00  1.00375e+00
1.0704586e+00  1.01902e+00
1.0704740e+00  1.00853e+00
1.0704893e+00  1.03921e+00
1.0705046e+00  1.00645e+00
1.0705200e+00  9.95409e-01
1.0705354e+00  1.00173e+00
1.0705507e+00  1.02641e+00
1.0705660e+00  1.00935e+00
1.0705814e+00  9.77088e-01
1.0705968e+00  9.83270e-01
1.0706122e+00  1.00581e+00
1.0706274e+00  9.86218e-01
1.0706429e+00  9.85052e-01
1.0706583e+00  9.85065e-01
1.0706737e+00  9.61779e-01
1.0706889e+00  9.87051e-01
1.0707043e+00  9.76106e-01
1.0707197e+00  9.26038e-01
1.0707351e+00  9.45801e-01
1.0707503e+00  9.48130e-01
1.0707657e+00  9.34541e-01
1.0707811e+00  9.56988e-01
1.0707965e+00  9.58045e-01
1.0708117e+00  9.63198e-01
1.0708271e+00  9.15228e-01
1.0708425e+00  9.49089e-01
1.0708578e+00  9.38319e-01
1.0708732e+00  9.35555e-01
1.0708885e+00  9.65254e-01
1.0709039e+00  9.96449e-01
1.0709192e+00  9.41794e-01
1.0709346e+00  9.47298e-01
1.0709499e+00  9.60482e-01
1.0709653e+00  9.76293e-01
1.0709806e+00  9.69985e-01
1.0709960e+00  1.06841e+00
1.0710113e+00  1.00949e+00
1.0710266e+00  9.72001e-01
1.0710420e+00  9.77925e-01
1.0710574e+00  9.65150e-01
1.0710727e+00  9.69536e-01
1.0710880e+00  9.49364e-01
1.0711034e+00  9.51137e-01
1.0711188e+00  9.65038e-01
1.0711342e+00  9.69239e-01
1.0711494e+00  9.29458e-01
1.0711648e+00  9.36389e-01
1.0711802e+00  9.58353e-01
1.0711956e+00  9.38027e-01
1.0712108e+00  9.54053e-01
1.0712262e+00  9.54656e-01
1.0712416e+00  9.23288e-01
1.0712570e+00  9.71564e-01
1.0712722e+00  9.75581e-01
1.0712876e+00  9.47866e-01
1.0713030e+00  9.76172e-01
1.0713184e+00  9.66863e-01
1.0713336e+00  9.65048e-01
1.0713490e+00  9.95311e-01
1.0713644e+00  1.00971e+00
1.0713797e+00  1.00593e+00
1.0713951e+00  9.65439e-01
1.0714104e+00  1.03144e+00
1.0714258e+00  1.01277e+00
1.0714411e+00  1.00425e+00
1.0714565e+00  9.95783e-01
1.0714718e+00  1.00664e+00
1.0714872e+00  1.01212e+00
1.0715025e+00  1.04459e+00
1.0715179e+00  1.02834e+00
1.0715332e+00  1.01891e+00
1.0715485e+00  1.02722e+00
1.0715639e+00  1.03713e+00
1.0715793e+00  1.01713e+00
1.0715946e+00  1.02913e+00
1.0716099e+00  1.00874e+00
1.0716253e+00  1.03731e+00
1.0716407e+00  1.03251e+00
1.0716561e+00  1.01075e+00
1.0716713e+00  9.99439e-01
1.0716867e+00  1.00347e+00
1.0717021e+00  9.65924e-01
1.0717175e+00  9.83556e-01
1.0717327e+00  1.01642e+00
1.0717481e+00  1.01879e+00
1.0717635e+00  1.02307e+00
1.0717789e+00  1.01387e+00
1.0717941e+00  1.01480e+00
1.0718095e+00  1.01111e+00
1.0718249e+00  1.03109e+00
1.0718402e+00  1.02773e+00
1.0718555e+00  1.00936e+00
1.0718709e+00  9.94714e-01
1.0718863e+00  1.00266e+00
1.0719016e+00  1.00533e+00
1.0719170e+00  1.00521e+00
1.0719323e+00  1.01913e+00
1.0719477e+00  9.90729e-01
1.0719630e+00  1.00337e+00
1.0719784e+00  1.04137e+00
1.0719937e+00  1.03903e+00
1.0720091e+00  1.04364e+00
1.0720244e+00  1.06577e+00
1.0720398e+00  1.00846e+00
1.0720551e+00  1.02329e+00
1.0720704e+00  1.02057e+00
1.0720858e+00  1.04927e+00
1.0721012e+00  1.02469e+00
1.0721166e+00  1.04379e+00
1.0721318e+00  1.02391e+00
1.0721472e+00  1.03171e+00
1.0721626e+00  1.04413e+00
1.0721780e+00  1.04109e+00
1.0721932e+00  1.04160e+00
1.0722086e+00  1.01833e+00
1.0722240e+00  9.94640e-01
1.0722394e+00  1.04207e+00
1.0722546e+00  1.01602e+00
1.0722700e+00  9.75313e-01
1.0722854e+00  9.97299e-01
1.0723008e+00  9.91390e-01
1.0723160e+00  9.97913e-01
1.0723314e+00  1.03729e+00
1.0723468e+00  1.02753e+00
1.0723621e+00  1.01368e+00
1.0723775e+00  9.88768e-01
1.0723928e+00  1.01639e+00
1.0724082e+00  1.00353e+00
1.0724235e+00  1.00078e+00
1.0724389e+00  1.01597e+00
1.0724542e+00  1.01772e+00
1.0724696e+00  1.04355e+00
1.0724849e+00  1.04446e+00
1.0725003e+00  1.01529e+00
1.0725156e+00  1.02682e+00
1.0725309e+00  9.93799e-01
1.0725463e+00  1.02021e+00
1.0725617e+00  1.00099e+00
1.0725770e+00  1.03239e+00
1.0725924e+00  9.92422e-01
1.0726078e+00  1.00998e+00
1.0726232e+00  1.00060e+00
1.0726386e+00  9.87654e-01
1.0726538e+00  9.62259e-01
1.0726692e+00  9.33007e-01
1.0726846e+00  9.61318e-01
1.0727000e+00  9.55539e-01
1.0727152e+00  9.28678e-01
1.0727306e+00  9.47836e-01
1.0727460e+00  9.34857e-01
1.0727614e+00  9.44583e-01
1.0727766e+00  9.45674e-01
1.0727920e+00  9.03172e-01
1.0728074e+00  9.17780e-01
1.0728228e+00  9.51780e-01
1.0728380e+00  9.32367e-01
1.0728534e+00  9.35192e-01
1.0728688e+00  9.18693e-01
1.0728841e+00  9.19788e-01
1.0728995e+00  9.09795e-01
1.0729148e+00  9.05385e-01
1.0729302e+00  8.74957e-01
1.0729455e+00  8.85119e-01
1.0729609e+00  9.17834e-01
1.0729762e+00  9.15064e-01
1.0729916e+00  9.13528e-01
1.0730069e+00  9.06384e-01
1.0730223e+00  9.04593e-01
1.0730376e+00  9.22941e-01
1.0730529e+00  9.38864e-01
1.0730683e+00  9.23080e-01
1.0730837e+00  9.14929e-01
1.0730990e+00  9.11873e-01
1.0731143e+00  9.23678e-01
1.0731297e+00  9.40084e-01
1.0731451e+00  9.65500e-01
1.0731605e+00  9.60874e-01
1.0731757e+00  9.50559e-01
1.0731911e+00  9.64758e-01
1.0732065e+00  9.49213e-01
1.0732219e+00  9.23329e-01
1.0732371e+00  9.54970e-01
1.0732525e+00  9.47973e-01
1.0732679e+00  9.59216e-01
1.0732833e+00  9.56245e-01
1.0732985e+00  9.54107e-01
1.0733139e+00  9.24219e-01
1.0733293e+00  9.11900e-01
1.0733447e+00  9.21349e-01
1.0733599e+00  9.53866e-01
1.0733753e+00  9.51323e-01
1.0733907e+00  9.29332e-01
1.0734060e+00  9.44289e-01
1.0734214e+00  9.36899e-01
1.0734367e+00  9.34034e-01
1.0734521e+00  9.26857e-01
1.0734674e+00  9.32682e-01
1.0734828e+00  9.73257e-01
1.0734981e+00  9.67921e-01
1.0735135e+00  9.84345e-01
1.0735288e+00  9.66764e-01
1.0735442e+00  9.69991e-01
1.0735595e+00  9.90432e-01
1.0735748e+00  9.75088e-01
1.0735902e+00  9.78918e-01
1.0736056e+00  9.89644e-01
1.0736209e+00  9.88517e-01
1.0736362e+00  1.00060e+00
1.0736516e+00  9.84559e-01
1.0736670e+00  9.81119e-01
1.0736824e+00  9.85974e-01
1.0736976e+00  9.92859e-01
1.0737130e+00  9.97886e-01
1.0737284e+00  9.95367e-01
1.0737438e+00  9.94292e-01
1.0737590e+00  9.98820e-01
1.0737744e+00  9.91026e-01
1.0737898e+00  1.00277e+00
1.0738052e+00  9.93153e-01
1.0738204e+00  9.98254e-01
1.0738358e+00  1.00533e+00
1.0738512e+00  1.00493e+00
1.0738666e+00  1.01512e+00
1.0738818e+00  1.03585e+00
1.0738972e+00  1.03561e+00
1.0739126e+00  1.02700e+00
1.0739279e+00  1.02693e+00
1.0739433e+00  1.02043e+00
1.0739586e+00  1.01980e+00
1.0739740e+00  1.00226e+00
1.0739893e+00  1.01033e+00
1.0740047e+00  1.01037e+00
1.0740200e+00  9.98225e-01
1.0740354e+00  1.03688e+00
1.0740507e+00  1.00673e+00
1.0740661e+00  1.01090e+00
1.0740814e+00  1.00479e+00
1.0740967e+00  1.01683e+00
1.0741121e+00  1.01724e+00
1.0741275e+00  1.01817e+00
1.0741428e+00  1.03041e+00
1.0741581e+00  1.02273e+00
1.0741735e+00  1.03814e+00
1.0741889e+00  1.03278e+00
1.0742043e+00  1.02314e+00
1.0742195e+00  1.00891e+00
1.0742349e+00  9.84895e-01
1.0742503e+00  1.00475e+00
1.0742657e+00  9.98850e-01
1.0742809e+00  1.04685e+00
1.0742963e+00  1.00092e+00
1.0743117e+00  1.00115e+00
1.0743271e+00  1.01090e+00
1.0743423e+00  1.01556e+00
1.0743577e+00  9.85496e-01
1.0743731e+00  1.01644e+00
1.0743884e+00  1.02901e+00
1.0744038e+00  1.03859e+00
1.0744191e+00  1.02583e+00
1.0744345e+00  1.00848e+00
1.0744498e+00  9.86985e-01
1.0744652e+00  1.02463e+00
1.0744805e+00  1.01530e+00
1.0744959e+00  1.01296e+00
1.0745112e+00  1.01227e+00
1.0745266e+00  1.03312e+00
1.0745420e+00  1.02950e+00
1.0745573e+00  1.01729e+00
1.0745727e+00  9.96669e-01
1.0745881e+00  9.92784e-01
1.0746034e+00  1.00849e+00
1.0746187e+00  1.00754e+00
1.0746341e+00  1.01258e+00
1.0746495e+00  1.03482e+00
1.0746649e+00  9.81382e-01
1.0746801e+00  1.00919e+00
1.0746955e+00  1.03748e+00
1.0747109e+00  1.02822e+00
1.0747263e+00  1.02212e+00
1.0747415e+00  9.92614e-01
1.0747569e+00  1.01963e+00
1.0747723e+00  1.02591e+00
1.0747877e+00  1.03581e+00
1.0748029e+00  1.03685e+00
1.0748183e+00  1.02741e+00
1.0748337e+00  1.00720e+00
1.0748491e+00  1.02534e+00
1.0748643e+00  1.00907e+00
1.0748797e+00  9.96461e-01
1.0748951e+00  9.96606e-01
1.0749104e+00  1.00695e+00
1.0749258e+00  9.84717e-01
1.0749411e+00  9.61888e-01
1.0749565e+00  9.57146e-01
1.0749718e+00  9.66752e-01
1.0749872e+00  9.69422e-01
1.0750025e+00  9.72293e-01
1.0750179e+00  9.57315e-01
1.0750332e+00  9.71879e-01
1.0750486e+00  9.51140e-01
1.0750639e+00  9.50444e-01
1.0750792e+00  9.43802e-01
1.0750946e+00  9.63155e-01
1.0751100e+00  1.00251e+00
1.0751253e+00  9.63344e-01
1.0751406e+00  9.70615e-01
1.0751560e+00  9.92568e-01
1.0751714e+00  1.00658e+00
1.0751868e+00  1.02233e+00
1.0752020e+00  9.86966e-01
1.0752174e+00  9.83528e-01
1.0752328e+00  9.79911e-01
1.0752482e+00  9.97109e-01
1.0752634e+00  9.65386e-01
1.0752788e+00  9.73346e-01
1.0752942e+00  9.66641e-01
1.0753096e+00  9.69678e-01
1.0753248e+00  9.62557e-01
1.0753402e+00  9.32722e-01
1.0753556e+00  9.40700e-01
1.0753710e+00  9.39549e-01
1.0753862e+00  9.40825e-01
1.0754016e+00  9.64394e-01
1.0754170e+00  9.62387e-01
1.0754323e+00  9.56205e-01
1.0754477e+00  9.53437e-01
1.0754630e+00  9.67602e-01
1.0754784e+00  9.97588e-01
1.0754937e+00  9.81596e-01
1.0755091e+00  9.92827e-01
1.0755244e+00  9.35320e-01
1.0755398e+00  1.00189e+00
1.0755551e+00  1.00283e+00
1.0755705e+00  1.01351e+00
1.0755858e+00  1.02049e+00
1.0756011e+00  1.02223e+00
1.0756165e+00  1.02889e+00
1.0756319e+00  1.00347e+00
1.0756472e+00  1.00813e+00
1.0756625e+00  9.98482e-01
1.0756779e+00  9.21241e-01
1.0756933e+00  9.92871e-01
1.0757087e+00  1.01145e+00
1.0757239e+00  1.01558e+00
1.0757393e+00  1.01131e+00
1.0757547e+00  1.00791e+00
1.0757701e+00  1.01136e+00
1.0757853e+00  1.00935e+00
1.0758007e+00  1.01676e+00
1.0758161e+00  1.02401e+00
1.0758315e+00  1.03532e+00
1.0758467e+00  1.01237e+00
1.0758621e+00  1.02525e+00
1.0758775e+00  1.01472e+00
1.0758929e+00  1.00464e+00
1.0759081e+00  1.01686e+00
1.0759235e+00  1.03606e+00
1.0759389e+00  1.01913e+00
1.0759542e+00  1.02746e+00
1.0759696e+00  1.02125e+00
1.0759849e+00  1.00464e+00
1.0760003e+00  1.02698e+00
1.0760156e+00  1.03070e+00
1.0760310e+00  1.02796e+00
1.0760463e+00  1.03365e+00
1.0760617e+00  1.00985e+00
1.0760770e+00  1.02895e+00
1.0760924e+00  1.04886e+00
1.0761077e+00  1.02635e+00
1.0761230e+00  1.05139e+00
1.0761384e+00  1.01234e+00
1.0761538e+00  1.01994e+00
1.0761692e+00  1.04428e+00
1.0761844e+00  1.00821e+00
1.0761998e+00  1.00867e+00
1.0762152e+00  1.01246e+00
1.0762306e+00  1.03173e+00
1.0762458e+00  1.03118e+00
1.0762612e+00  1.03047e+00
1.0762766e+00  1.03370e+00
1.0762920e+00  1.01467e+00
1.0763072e+00  1.01238e+00
1.0763226e+00  1.05272e+00
1.0763380e+00  1.04707e+00
1.0763534e+00  1.03566e+00
1.0763686e+00  1.01123e+00
1.0763840e+00  1.00681e+00
1.0763994e+00  1.03667e+00
1.0764147e+00  1.02242e+00
1.0764301e+00  1.03972e+00
1.0764454e+00  1.04031e+00
1.0764608e+00  1.01468e+00
1.0764761e+00  1.00221e+00
1.0764915e+00  1.04110e+00
1.0765069e+00  1.03653e+00
1.0765223e+00  1.03035e+00
1.0765376e+00  1.02001e+00
1.0765530e+00  1.04363e+00
1.0765683e+00  1.05377e+00
1.0765836e+00  1.03026e+00
1.0765990e+00  1.04909e+00
1.0766144e+00  1.03744e+00
1.0766297e+00  1.01748e+00
1.0766450e+00  1.05580e+00
1.0766604e+00  1.05350e+00
1.0766758e+00  1.05331e+00
1.0766912e+00  1.01848e+00
1.0767064e+00  1.03406e+00
1.0767218e+00  1.01796e+00
1.0767372e+00  1.04756e+00
1.0767526e+00  1.02618e+00
1.0767678e+00  1.02331e+00
1.0767832e+00  1.01712e+00
1.0767986e+00  1.00388e+00
1.0768140e+00  1.04264e+00
1.0768292e+00  1.08266e+00
1.0768446e+00  1.06487e+00
1.0768600e+00  1.04268e+00
1.0768754e+00  1.02742e+00
1.0768906e+00  1.02844e+00
1.0769060e+00  1.06829e+00
1.0769214e+00  1.03143e+00
1.0769367e+00  1.01449e+00
1.0769521e+00  1.03772e+00
1.0769674e+00  1.02535e+00
1.0769828e+00  1.02591e+00
1.0769981e+00  1.05786e+00
1.0770135e+00  1.03596e+00
1.0770288e+00  1.05803e+00
1.0770442e+00  1.06186e+00
1.0770595e+00  1.03100e+00
1.0770749e+00  1.02783e+00
1.0770902e+00  1.01165e+00
1.0771055e+00  1.02572e+00
1.0771209e+00  1.04733e+00
1.0771363e+00  1.03517e+00
1.0771516e+00  1.04879e+00
1.0771669e+00  1.05142e+00
1.0771823e+00  1.04259e+00
1.0771977e+00  1.05929e+00
1.0772131e+00  1.02948e+00
1.0772283e+00  1.04072e+00
1.0772437e+00  1.03517e+00
1.0772591e+00  1.00873e+00
1.0772745e+00  1.02474e+00
1.0772897e+00  1.00446e+00
1.0773051e+00  1.01498e+00
1.0773205e+00  1.02808e+00
1.0773359e+00  1.04236e+00
1.0773511e+00  1.02817e+00
1.0773665e+00  1.01839e+00
1.0773819e+00  1.00184e+00
1.0773973e+00  1.03449e+00
1.0774125e+00  1.02079e+00
1.0774279e+00  1.04451e+00
1.0774433e+00  1.03400e+00
1.0774586e+00  1.04771e+00
1.0774740e+00  1.04709e+00
1.0774893e+00  1.02540e+00
1.0775047e+00  9.67234e-01
1.0775200e+00  9.24301e-01
1.0775354e+00  9.93273e-01
1.0775507e+00  1.00337e+00
1.0775661e+00  1.00137e+00
1.0775814e+00  1.01130e+00
1.0775968e+00  9.83041e-01
1.0776121e+00  1.02070e+00
1.0776274e+00  9.92750e-01
1.0776428e+00  9.76830e-01
1.0776582e+00  9.90877e-01
1.0776735e+00  1.04656e+00
1.0776888e+00  1.04237e+00
1.0777042e+00  1.01959e+00
1.0777196e+00  1.01383e+00
1.0777350e+00  1.00534e+00
1.0777502e+00  1.02150e+00
1.0777656e+00  1.01118e+00
1.0777810e+00  1.02450e+00
1.0777964e+00  1.02489e+00
1.0778116e+00  9.99683e-01
1.0778270e+00  9.99239e-01
1.0778424e+00  1.02364e+00
1.0778578e+00  1.00000e+00
1.0778730e+00  1.01292e+00
1.0778884e+00  9.80241e-01
1.0779038e+00  9.81629e-01
1.0779192e+00  9.88451e-01
1.0779344e+00  9.87011e-01
1.0779498e+00  1.01480e+00
1.0779652e+00  1.03336e+00
1.0779805e+00  1.02911e+00
1.0779959e+00  1.05561e+00
1.0780112e+00  1.03727e+00
1.0780266e+00  1.07789e+00
1.0780419e+00  1.04680e+00
1.0780573e+00  1.04839e+00
1.0780726e+00  1.04458e+00
1.0780880e+00  1.03938e+00
1.0781033e+00  1.01084e+00
1.0781187e+00  1.02485e+00
1.0781340e+00  1.01620e+00
1.0781493e+00  1.02949e+00
1.0781647e+00  1.02969e+00
1.0781801e+00  1.02443e+00
1.0781954e+00  1.00600e+00
1.0782107e+00  1.02777e+00
1.0782261e+00  1.01273e+00
1.0782415e+00  1.01856e+00
1.0782569e+00  1.01817e+00
1.0782721e+00  1.00004e+00
1.0782875e+00  9.88198e-01
1.0783029e+00  9.80650e-01
1.0783183e+00  9.92409e-01
1.0783335e+00  9.92958e-01
1.0783489e+00  1.02844e+00
1.0783643e+00  1.02148e+00
1.0783797e+00  9.90113e-01
1.0783949e+00  1.01880e+00
1.0784103e+00  1.00574e+00
1.0784257e+00  9.69366e-01
1.0784410e+00  9.91380e-01
1.0784565e+00  9.95655e-01
1.0784718e+00  9.63037e-01
1.0784872e+00  9.65184e-01
1.0785025e+00  1.00028e+00
1.0785179e+00  1.00010e+00
1.0785332e+00  9.94417e-01
1.0785486e+00  9.96787e-01
1.0785639e+00  9.92391e-01
1.0785793e+00  9.93504e-01
1.0785946e+00  9.92336e-01
1.0786099e+00  9.97958e-01
1.0786253e+00  9.94029e-01
1.0786407e+00  9.63343e-01
1.0786560e+00  9.78590e-01
1.0786713e+00  9.68392e-01
1.0786867e+00  9.78772e-01
1.0787021e+00  9.08221e-01
1.0787175e+00  8.97603e-01
1.0787327e+00  8.88874e-01
1.0787481e+00  9.29208e-01
1.0787635e+00  9.30484e-01
1.0787789e+00  9.36380e-01
1.0787941e+00  9.51668e-01
1.0788095e+00  9.86045e-01
1.0788249e+00  9.94192e-01
1.0788403e+00  9.66199e-01
1.0788555e+00  9.84688e-01
1.0788709e+00  1.00542e+00
1.0788863e+00  9.97403e-01
1.0789017e+00  9.97532e-01
1.0789169e+00  9.79086e-01
1.0789323e+00  9.82442e-01
1.0789477e+00  9.78710e-01
1.0789630e+00  9.64641e-01
1.0789784e+00  9.75178e-01
1.0789937e+00  1.01210e+00
1.0790091e+00  9.70076e-01
1.0790244e+00  1.00348e+00
1.0790398e+00  9.83915e-01
1.0790551e+00  1.00135e+00
1.0790705e+00  1.01884e+00
1.0790858e+00  9.90207e-01
1.0791012e+00  9.59243e-01
1.0791165e+00  9.64601e-01
1.0791318e+00  9.99861e-01
1.0791472e+00  9.66695e-01
1.0791626e+00  9.52804e-01
1.0791779e+00  9.59722e-01
1.0791932e+00  1.00881e+00
1.0792086e+00  1.02667e+00
1.0792240e+00  1.02861e+00
1.0792394e+00  1.01682e+00
1.0792546e+00  9.89913e-01
1.0792700e+00  9.95966e-01
1.0792854e+00  1.02294e+00
1.0793008e+00  1.00295e+00
1.0793160e+00  1.02625e+00
1.0793314e+00  1.02045e+00
1.0793468e+00  1.03114e+00
1.0793622e+00  1.01588e+00
1.0793774e+00  1.00021e+00
1.0793928e+00  1.03870e+00
1.0794082e+00  1.01701e+00
1.0794236e+00  1.02693e+00
1.0794388e+00  1.03758e+00
1.0794542e+00  1.02640e+00
1.0794696e+00  1.08090e+00
1.0794849e+00  1.04177e+00
1.0795003e+00  1.04137e+00
1.0795156e+00  1.05324e+00
1.0795310e+00  9.93250e-01
1.0795463e+00  9.86233e-01
1.0795617e+00  9.96416e-01
1.0795770e+00  9.99540e-01
1.0795924e+00  1.01004e+00
1.0796077e+00  1.03212e+00
1.0796231e+00  1.05368e+00
1.0796384e+00  1.09786e+00
1.0796537e+00  1.05698e+00
1.0796691e+00  1.02899e+00
1.0796845e+00  1.02250e+00
1.0796998e+00  1.01470e+00
1.0797151e+00  1.02317e+00
1.0797305e+00  1.00671e+00
1.0797459e+00  1.04362e+00
1.0797613e+00  1.05781e+00
1.0797765e+00  1.04489e+00
1.0797919e+00  1.01145e+00
1.0798073e+00  1.03164e+00
1.0798227e+00  1.04644e+00
1.0798379e+00  1.04186e+00
1.0798533e+00  1.03804e+00
1.0798687e+00  1.03262e+00
1.0798841e+00  1.01809e+00
1.0798993e+00  1.04358e+00
1.0799147e+00  1.04279e+00
1.0799301e+00  1.06694e+00
1.0799455e+00  1.05935e+00
1.0799607e+00  1.04769e+00
1.0799761e+00  1.02206e+00
1.0799915e+00  1.04738e+00
1.0800068e+00  1.04206e+00
1.0800222e+00  1.02057e+00
1.0800375e+00  1.03281e+00
1.0800529e+00  1.01101e+00
1.0800682e+00  1.05143e+00
1.0800836e+00  1.03999e+00
1.0800989e+00  1.00172e+00
1.0801143e+00  9.97101e-01
1.0801296e+00  1.02101e+00
1.0801450e+00  1.03094e+00
1.0801603e+00  1.02387e+00
1.0801756e+00  1.00631e+00
1.0801910e+00  1.01784e+00
1.0802064e+00  9.58013e-01
1.0802218e+00  1.03099e+00
1.0802370e+00  1.01512e+00
1.0802524e+00  9.86082e-01
1.0802678e+00  1.02975e+00
1.0802832e+00  1.01857e+00
1.0802984e+00  1.04969e+00
1.0803138e+00  1.02823e+00
1.0803292e+00  9.85594e-01
1.0803446e+00  1.02648e+00
1.0803598e+00  9.90826e-01
1.0803752e+00  1.03722e+00
1.0803906e+00  1.04461e+00
1.0804060e+00  1.04025e+00
1.0804213e+00  1.04629e+00
1.0804367e+00  1.04402e+00
1.0804521e+00  1.03452e+00
1.0804674e+00  1.05444e+00
1.0804828e+00  1.05014e+00
1.0804981e+00  1.05894e+00
1.0805135e+00  1.06474e+00
1.0805288e+00  1.04467e+00
1.0805442e+00  1.07656e+00
1.0805595e+00  1.06760e+00
1.0805749e+00  1.06417e+00
1.0805902e+00  1.06636e+00
1.0806056e+00  1.07809e+00
1.0806209e+00  1.04676e+00
1.0806362e+00  1.03494e+00
1.0806516e+00  1.03441e+00
1.0806670e+00  1.01183e+00
1.0806823e+00  1.07051e+00
1.0806976e+00  1.04517e+00
1.0807130e+00  1.02169e+00
1.0807284e+00  1.07056e+00
1.0807438e+00  1.08570e+00
1.0807590e+00  1.01703e+00
1.0807744e+00  1.05597e+00
1.0807898e+00  1.00362e+00
1.0808052e+00  1.01301e+00
1.0808204e+00  1.03748e+00
1.0808358e+00  1.03536e+00
1.0808512e+00  1.03846e+00
1.0808666e+00  1.03622e+00
1.0808818e+00  1.02612e+00
1.0808972e+00  1.04668e+00
1.0809126e+00  1.05568e+00
1.0809280e+00  1.05212e+00
1.0809432e+00  1.05106e+00
1.0809586e+00  1.07430e+00
1.0809740e+00  1.07442e+00
1.0809893e+00  1.04296e+00
