#Normalization-constant  3.85227e+03
#lambda         flux
1.0805272e+00  9.92998e-01
1.0805428e+00  1.02077e+00
1.0805584e+00  9.97369e-01
1.0805739e+00  9.99443e-01
1.0805896e+00  9.56193e-01
1.0806050e+00  9.78169e-01
1.0806207e+00  9.93611e-01
1.0806363e+00  9.90573e-01
1.0806518e+00  9.92598e-01
1.0806674e+00  9.63521e-01
1.0806829e+00  9.64985e-01
1.0806985e+00  9.93407e-01
1.0807141e+00  1.00494e+00
1.0807296e+00  1.01239e+00
1.0807452e+00  1.02970e+00
1.0807607e+00  1.00086e+00
1.0807764e+00  9.99696e-01
1.0807920e+00  9.76192e-01
1.0808075e+00  9.89726e-01
1.0808231e+00  9.95792e-01
1.0808387e+00  9.88684e-01
1.0808542e+00  1.00128e+00
1.0808698e+00  9.89600e-01
1.0808853e+00  9.87604e-01
1.0809009e+00  9.84352e-01
1.0809165e+00  9.95432e-01
1.0809320e+00  9.79250e-01
1.0809477e+00  9.81197e-01
1.0809632e+00  9.91839e-01
1.0809788e+00  1.00375e+00
1.0809944e+00  9.71771e-01
1.0810099e+00  9.81090e-01
1.0810255e+00  9.85841e-01
1.0810410e+00  9.72427e-01
1.0810566e+00  1.01042e+00
1.0810722e+00  9.99171e-01
1.0810877e+00  9.93592e-01
1.0811033e+00  9.83797e-01
1.0811190e+00  9.83738e-01
1.0811345e+00  9.89785e-01
1.0811501e+00  9.77137e-01
1.0811656e+00  9.78490e-01
1.0811812e+00  9.73508e-01
1.0811968e+00  9.81820e-01
1.0812123e+00  9.72239e-01
1.0812279e+00  9.80915e-01
1.0812434e+00  9.65993e-01
1.0812590e+00  9.58766e-01
1.0812746e+00  9.65310e-01
1.0812901e+00  9.64424e-01
1.0813058e+00  9.92881e-01
1.0813213e+00  9.94896e-01
1.0813369e+00  9.92024e-01
1.0813525e+00  9.75618e-01
1.0813680e+00  9.71163e-01
1.0813836e+00  9.78169e-01
1.0813992e+00  9.75277e-01
1.0814147e+00  9.86046e-01
1.0814303e+00  9.84089e-01
1.0814458e+00  1.00133e+00
1.0814614e+00  9.95042e-01
1.0814771e+00  9.85130e-01
1.0814926e+00  9.36050e-01
1.0815082e+00  9.19235e-01
1.0815237e+00  9.68402e-01
1.0815393e+00  9.63155e-01
1.0815549e+00  9.61375e-01
1.0815704e+00  9.88246e-01
1.0815860e+00  1.04572e+00
1.0816015e+00  1.01479e+00
1.0816171e+00  9.57302e-01
1.0816328e+00  9.62670e-01
1.0816482e+00  9.57273e-01
1.0816639e+00  9.75735e-01
1.0816794e+00  1.00883e+00
1.0816950e+00  9.99511e-01
1.0817106e+00  1.00271e+00
1.0817261e+00  1.01105e+00
1.0817417e+00  9.69280e-01
1.0817573e+00  9.64931e-01
1.0817728e+00  9.89113e-01
1.0817884e+00  9.88655e-01
1.0818039e+00  9.89395e-01
1.0818196e+00  9.93601e-01
1.0818352e+00  9.65336e-01
1.0818507e+00  9.64183e-01
1.0818663e+00  9.58748e-01
1.0818818e+00  9.60711e-01
1.0818974e+00  9.54989e-01
1.0819130e+00  9.74011e-01
1.0819285e+00  9.73817e-01
1.0819441e+00  9.39607e-01
1.0819596e+00  9.64467e-01
1.0819752e+00  9.73591e-01
1.0819909e+00  9.56401e-01
1.0820064e+00  9.45613e-01
1.0820220e+00  9.51374e-01
1.0820376e+00  9.51664e-01
1.0820531e+00  9.43939e-01
1.0820687e+00  9.50422e-01
1.0820842e+00  9.42937e-01
1.0820998e+00  9.23362e-01
1.0821154e+00  9.16988e-01
1.0821309e+00  9.16349e-01
1.0821465e+00  8.77926e-01
1.0821620e+00  8.68406e-01
1.0821777e+00  8.63867e-01
1.0821933e+00  8.56339e-01
1.0822088e+00  8.59784e-01
1.0822244e+00  8.43037e-01
1.0822399e+00  8.80945e-01
1.0822555e+00  8.69877e-01
1.0822711e+00  8.61253e-01
1.0822866e+00  8.64263e-01
1.0823022e+00  8.57921e-01
1.0823178e+00  8.46553e-01
1.0823333e+00  8.58916e-01
1.0823490e+00  8.55132e-01
1.0823645e+00  8.66865e-01
1.0823801e+00  8.57359e-01
1.0823957e+00  8.54000e-01
1.0824112e+00  8.59736e-01
1.0824268e+00  8.58262e-01
1.0824423e+00  8.50621e-01
1.0824579e+00  8.67244e-01
1.0824735e+00  8.41297e-01
1.0824890e+00  8.29664e-01
1.0825046e+00  8.26804e-01
1.0825201e+00  8.36997e-01
1.0825358e+00  8.27524e-01
1.0825514e+00  8.37911e-01
1.0825669e+00  8.35477e-01
1.0825825e+00  8.48756e-01
1.0825981e+00  8.47992e-01
1.0826136e+00  8.21222e-01
1.0826292e+00  8.48145e-01
1.0826447e+00  8.31692e-01
1.0826603e+00  8.49068e-01
1.0826760e+00  8.63368e-01
1.0826914e+00  8.52067e-01
1.0827071e+00  8.53391e-01
1.0827226e+00  8.38323e-01
1.0827382e+00  8.49902e-01
1.0827538e+00  8.40290e-01
1.0827693e+00  8.39817e-01
1.0827849e+00  8.40903e-01
1.0828004e+00  8.42616e-01
1.0828160e+00  8.32315e-01
1.0828316e+00  8.30561e-01
1.0828471e+00  8.27586e-01
1.0828628e+00  8.21711e-01
1.0828784e+00  8.43376e-01
1.0828939e+00  8.52142e-01
1.0829095e+00  8.65925e-01
1.0829250e+00  8.59118e-01
1.0829406e+00  8.61959e-01
1.0829562e+00  8.53271e-01
1.0829717e+00  8.67081e-01
1.0829873e+00  8.75161e-01
1.0830028e+00  8.78723e-01
1.0830184e+00  8.89606e-01
1.0830341e+00  8.91500e-01
1.0830496e+00  9.01353e-01
1.0830652e+00  9.01424e-01
1.0830807e+00  8.94672e-01
1.0830963e+00  9.03085e-01
1.0831119e+00  9.07778e-01
1.0831274e+00  9.11450e-01
1.0831430e+00  8.99141e-01
1.0831586e+00  8.98406e-01
1.0831741e+00  8.87908e-01
1.0831897e+00  9.03982e-01
1.0832052e+00  9.00582e-01
1.0832209e+00  9.02740e-01
1.0832365e+00  9.10572e-01
1.0832520e+00  9.02308e-01
1.0832676e+00  9.12048e-01
1.0832831e+00  9.13350e-01
1.0832987e+00  9.13788e-01
1.0833143e+00  9.31661e-01
1.0833298e+00  9.35318e-01
1.0833454e+00  9.33430e-01
1.0833609e+00  9.30517e-01
1.0833765e+00  9.55335e-01
1.0833922e+00  9.60655e-01
1.0834077e+00  9.66809e-01
1.0834233e+00  9.57951e-01
1.0834388e+00  9.55986e-01
1.0834544e+00  9.57281e-01
1.0834700e+00  9.51952e-01
1.0834855e+00  9.58181e-01
1.0835011e+00  9.39339e-01
1.0835167e+00  9.30033e-01
1.0835322e+00  9.37493e-01
1.0835478e+00  9.31468e-01
1.0835633e+00  9.38428e-01
1.0835790e+00  9.46346e-01
1.0835946e+00  9.40788e-01
1.0836101e+00  9.42181e-01
1.0836257e+00  9.45822e-01
1.0836412e+00  9.54112e-01
1.0836568e+00  9.71218e-01
1.0836724e+00  9.83913e-01
1.0836879e+00  9.89200e-01
1.0837035e+00  9.91420e-01
1.0837190e+00  9.89483e-01
1.0837347e+00  9.91820e-01
1.0837503e+00  1.00449e+00
1.0837658e+00  1.00870e+00
1.0837814e+00  1.00138e+00
1.0837970e+00  1.00581e+00
1.0838125e+00  1.01234e+00
1.0838281e+00  1.00879e+00
1.0838436e+00  1.01115e+00
1.0838592e+00  9.98791e-01
1.0838748e+00  1.01138e+00
1.0838903e+00  9.97282e-01
1.0839060e+00  1.00106e+00
1.0839215e+00  9.98353e-01
1.0839371e+00  9.90554e-01
1.0839527e+00  9.88188e-01
1.0839682e+00  1.00285e+00
1.0839838e+00  9.98635e-01
1.0839993e+00  1.00167e+00
1.0840149e+00  1.01210e+00
1.0840305e+00  1.01362e+00
1.0840460e+00  1.02195e+00
1.0840616e+00  1.01622e+00
1.0840773e+00  1.01431e+00
1.0840928e+00  1.00736e+00
1.0841084e+00  1.01403e+00
1.0841239e+00  1.01706e+00
1.0841395e+00  1.01309e+00
1.0841551e+00  1.00333e+00
1.0841706e+00  1.02382e+00
1.0841862e+00  1.01923e+00
1.0842017e+00  1.01458e+00
1.0842173e+00  1.01756e+00
1.0842329e+00  1.00983e+00
1.0842484e+00  1.01066e+00
1.0842641e+00  1.00641e+00
1.0842796e+00  1.01368e+00
1.0842952e+00  1.01539e+00
1.0843108e+00  1.01698e+00
1.0843263e+00  1.02978e+00
1.0843419e+00  1.03036e+00
1.0843575e+00  1.03468e+00
1.0843730e+00  1.01626e+00
1.0843886e+00  1.00074e+00
1.0844041e+00  9.98859e-01
1.0844197e+00  9.99677e-01
1.0844354e+00  9.98528e-01
1.0844509e+00  9.99716e-01
1.0844665e+00  9.99667e-01
1.0844820e+00  9.97428e-01
1.0844976e+00  1.00663e+00
1.0845132e+00  1.00681e+00
1.0845287e+00  9.98100e-01
1.0845443e+00  9.93991e-01
1.0845598e+00  1.01123e+00
1.0845754e+00  9.96746e-01
1.0845910e+00  9.98655e-01
1.0846065e+00  1.00075e+00
1.0846222e+00  9.97165e-01
1.0846378e+00  9.98499e-01
1.0846533e+00  1.00152e+00
1.0846689e+00  1.01437e+00
1.0846844e+00  1.01200e+00
1.0847000e+00  1.01414e+00
1.0847156e+00  1.00185e+00
1.0847311e+00  9.92267e-01
1.0847467e+00  9.99326e-01
1.0847622e+00  9.91411e-01
1.0847779e+00  9.85471e-01
1.0847935e+00  9.87292e-01
1.0848090e+00  9.85179e-01
1.0848246e+00  9.78636e-01
1.0848401e+00  9.93329e-01
1.0848557e+00  9.97525e-01
1.0848713e+00  9.91342e-01
1.0848868e+00  9.86581e-01
1.0849024e+00  9.92102e-01
1.0849179e+00  9.89619e-01
1.0849335e+00  9.80798e-01
1.0849492e+00  9.91654e-01
1.0849647e+00  9.83047e-01
1.0849803e+00  9.91469e-01
1.0849959e+00  9.99268e-01
1.0850114e+00  1.01169e+00
1.0850270e+00  1.01395e+00
1.0850425e+00  1.01547e+00
1.0850581e+00  1.02158e+00
1.0850737e+00  1.01233e+00
1.0850892e+00  1.00825e+00
1.0851048e+00  1.00405e+00
1.0851203e+00  1.00044e+00
1.0851360e+00  1.00980e+00
1.0851516e+00  9.92433e-01
1.0851671e+00  1.00720e+00
1.0851827e+00  1.01545e+00
1.0851982e+00  1.02105e+00
1.0852138e+00  1.00818e+00
1.0852294e+00  1.00326e+00
1.0852449e+00  9.97048e-01
1.0852605e+00  9.90164e-01
1.0852761e+00  9.91966e-01
1.0852916e+00  9.97584e-01
1.0853073e+00  9.91080e-01
1.0853228e+00  1.00140e+00
1.0853384e+00  1.01572e+00
1.0853540e+00  1.00194e+00
1.0853695e+00  1.00755e+00
1.0853851e+00  1.01337e+00
1.0854006e+00  1.01184e+00
1.0854162e+00  9.99599e-01
1.0854318e+00  1.00749e+00
1.0854473e+00  1.00658e+00
1.0854629e+00  1.00441e+00
1.0854784e+00  1.01553e+00
1.0854941e+00  1.00429e+00
1.0855097e+00  1.02396e+00
1.0855252e+00  1.02736e+00
1.0855408e+00  1.02832e+00
1.0855564e+00  1.02418e+00
1.0855719e+00  1.03507e+00
1.0855875e+00  1.03722e+00
1.0856030e+00  1.01074e+00
1.0856186e+00  1.01624e+00
1.0856343e+00  1.02305e+00
1.0856497e+00  1.02718e+00
1.0856654e+00  1.02004e+00
1.0856809e+00  1.01598e+00
1.0856965e+00  1.03250e+00
1.0857121e+00  1.00883e+00
1.0857276e+00  1.00028e+00
1.0857432e+00  1.00889e+00
1.0857587e+00  1.01190e+00
1.0857743e+00  1.03136e+00
1.0857899e+00  1.00901e+00
1.0858054e+00  1.02684e+00
1.0858211e+00  1.00894e+00
1.0858367e+00  1.01400e+00
1.0858522e+00  1.02008e+00
1.0858678e+00  1.00083e+00
1.0858833e+00  1.00858e+00
1.0858989e+00  1.01532e+00
1.0859145e+00  1.00446e+00
1.0859300e+00  9.91712e-01
1.0859456e+00  1.00709e+00
1.0859611e+00  1.00703e+00
1.0859767e+00  1.02092e+00
1.0859924e+00  1.02772e+00
1.0860079e+00  1.03992e+00
1.0860235e+00  1.03590e+00
1.0860390e+00  1.00187e+00
1.0860546e+00  1.01504e+00
1.0860702e+00  1.01970e+00
1.0860857e+00  1.01054e+00
1.0861013e+00  1.02131e+00
1.0861169e+00  1.02954e+00
1.0861324e+00  1.03522e+00
1.0861480e+00  1.02879e+00
1.0861635e+00  1.03021e+00
1.0861792e+00  1.03071e+00
1.0861948e+00  1.03240e+00
1.0862103e+00  1.04556e+00
1.0862259e+00  1.03214e+00
1.0862414e+00  1.02940e+00
1.0862570e+00  1.02797e+00
1.0862726e+00  1.03302e+00
1.0862881e+00  1.03943e+00
1.0863037e+00  9.94984e-01
1.0863192e+00  1.00448e+00
1.0863348e+00  1.02369e+00
1.0863505e+00  1.02150e+00
1.0863660e+00  1.01896e+00
1.0863816e+00  1.01647e+00
1.0863972e+00  1.00868e+00
1.0864127e+00  1.00945e+00
1.0864283e+00  1.04598e+00
1.0864438e+00  1.06074e+00
1.0864594e+00  1.05758e+00
1.0864750e+00  1.06368e+00
1.0864905e+00  1.04711e+00
1.0865061e+00  1.02944e+00
1.0865216e+00  1.00995e+00
1.0865373e+00  1.01279e+00
1.0865529e+00  1.01107e+00
1.0865684e+00  9.99872e-01
1.0865840e+00  1.00891e+00
1.0865995e+00  9.94176e-01
1.0866151e+00  1.00894e+00
1.0866307e+00  9.99570e-01
1.0866462e+00  9.80876e-01
1.0866618e+00  1.00264e+00
1.0866775e+00  1.00613e+00
1.0866929e+00  1.01048e+00
1.0867086e+00  1.00189e+00
1.0867241e+00  1.01820e+00
1.0867397e+00  1.00922e+00
1.0867553e+00  1.00745e+00
1.0867708e+00  1.00340e+00
1.0867864e+00  9.94935e-01
1.0868019e+00  1.00394e+00
1.0868175e+00  9.98440e-01
1.0868331e+00  9.91265e-01
1.0868486e+00  9.88714e-01
1.0868643e+00  9.84537e-01
1.0868797e+00  9.94594e-01
1.0868954e+00  9.77925e-01
1.0869110e+00  9.89142e-01
1.0869265e+00  9.82687e-01
1.0869421e+00  9.80106e-01
1.0869576e+00  9.74673e-01
1.0869732e+00  9.65172e-01
1.0869888e+00  9.72758e-01
1.0870043e+00  9.64399e-01
1.0870199e+00  9.61408e-01
1.0870356e+00  9.63786e-01
1.0870511e+00  9.75540e-01
1.0870667e+00  9.74118e-01
1.0870822e+00  9.76153e-01
1.0870978e+00  9.74741e-01
1.0871134e+00  9.63717e-01
1.0871289e+00  9.67538e-01
1.0871445e+00  9.55398e-01
1.0871600e+00  9.53060e-01
1.0871756e+00  9.64837e-01
1.0871912e+00  9.68727e-01
1.0872067e+00  9.62231e-01
1.0872224e+00  9.54075e-01
1.0872379e+00  9.53189e-01
1.0872535e+00  9.48069e-01
1.0872691e+00  9.41067e-01
1.0872846e+00  9.50038e-01
1.0873002e+00  9.57316e-01
1.0873158e+00  9.60146e-01
1.0873313e+00  9.49359e-01
1.0873469e+00  9.52777e-01
1.0873624e+00  9.43301e-01
1.0873780e+00  9.32666e-01
1.0873937e+00  9.40842e-01
1.0874092e+00  9.38437e-01
1.0874248e+00  9.29988e-01
1.0874403e+00  9.40551e-01
1.0874559e+00  9.43407e-01
1.0874715e+00  9.52683e-01
1.0874870e+00  9.54472e-01
1.0875026e+00  9.66111e-01
1.0875181e+00  9.63807e-01
1.0875337e+00  9.64194e-01
1.0875493e+00  9.75287e-01
1.0875648e+00  9.72937e-01
1.0875805e+00  9.84799e-01
1.0875961e+00  9.86455e-01
1.0876116e+00  9.83797e-01
1.0876272e+00  9.86318e-01
1.0876427e+00  9.89892e-01
1.0876583e+00  9.92082e-01
1.0876739e+00  9.89161e-01
1.0876894e+00  9.88334e-01
1.0877050e+00  9.88207e-01
1.0877205e+00  9.81839e-01
1.0877361e+00  9.79503e-01
1.0877518e+00  9.80437e-01
1.0877673e+00  9.93533e-01
1.0877829e+00  9.90651e-01
1.0877984e+00  9.98995e-01
1.0878140e+00  1.00566e+00
1.0878296e+00  9.96717e-01
1.0878451e+00  1.00199e+00
1.0878607e+00  1.00265e+00
1.0878763e+00  1.00567e+00
1.0878918e+00  1.00047e+00
1.0879075e+00  1.00214e+00
1.0879229e+00  9.94254e-01
1.0879386e+00  9.93192e-01
1.0879542e+00  1.00202e+00
1.0879697e+00  9.96571e-01
1.0879853e+00  1.01121e+00
1.0880008e+00  1.00083e+00
1.0880164e+00  1.00655e+00
1.0880320e+00  1.00413e+00
1.0880475e+00  1.00533e+00
1.0880631e+00  1.00965e+00
1.0880786e+00  9.93066e-01
1.0880943e+00  1.01665e+00
1.0881099e+00  1.01702e+00
1.0881254e+00  9.86864e-01
1.0881410e+00  9.95997e-01
1.0881566e+00  9.89785e-01
1.0881721e+00  9.94507e-01
1.0881877e+00  9.84303e-01
1.0882032e+00  1.00134e+00
1.0882188e+00  9.85033e-01
1.0882344e+00  9.78091e-01
1.0882499e+00  9.85238e-01
1.0882656e+00  9.82696e-01
1.0882811e+00  9.92102e-01
1.0882967e+00  9.86163e-01
1.0883123e+00  9.79814e-01
1.0883278e+00  9.84585e-01
1.0883434e+00  9.59522e-01
1.0883589e+00  9.57619e-01
1.0883745e+00  9.80515e-01
1.0883901e+00  9.75774e-01
1.0884056e+00  9.75647e-01
1.0884212e+00  9.69558e-01
1.0884367e+00  9.73326e-01
1.0884524e+00  9.70061e-01
1.0884680e+00  9.76348e-01
1.0884835e+00  9.80321e-01
1.0884991e+00  9.73661e-01
1.0885147e+00  9.75228e-01
1.0885302e+00  9.71025e-01
1.0885458e+00  9.67963e-01
1.0885613e+00  9.58608e-01
1.0885769e+00  9.64373e-01
1.0885925e+00  9.66959e-01
1.0886080e+00  9.59623e-01
1.0886237e+00  9.66296e-01
1.0886392e+00  9.57083e-01
1.0886548e+00  9.60475e-01
1.0886704e+00  9.65878e-01
1.0886859e+00  9.67826e-01
1.0887015e+00  9.67083e-01
1.0887170e+00  9.63837e-01
1.0887326e+00  9.62406e-01
1.0887482e+00  9.64364e-01
1.0887637e+00  9.74021e-01
1.0887793e+00  9.73233e-01
1.0887950e+00  9.69930e-01
1.0888105e+00  9.72458e-01
1.0888261e+00  9.69505e-01
1.0888416e+00  9.67502e-01
1.0888572e+00  9.58640e-01
1.0888728e+00  9.65317e-01
1.0888883e+00  9.61185e-01
1.0889039e+00  9.66786e-01
1.0889194e+00  9.65278e-01
1.0889350e+00  9.63765e-01
1.0889507e+00  9.73337e-01
1.0889661e+00  9.72811e-01
1.0889818e+00  9.70519e-01
1.0889973e+00  9.74313e-01
1.0890129e+00  9.75141e-01
1.0890285e+00  9.84050e-01
1.0890440e+00  9.79639e-01
1.0890596e+00  9.88587e-01
1.0890752e+00  9.87428e-01
1.0890907e+00  9.99745e-01
1.0891063e+00  1.01889e+00
1.0891218e+00  9.94312e-01
1.0891375e+00  1.00108e+00
1.0891531e+00  1.00143e+00
1.0891686e+00  1.00216e+00
1.0891842e+00  9.89200e-01
1.0891997e+00  9.79746e-01
1.0892153e+00  9.81937e-01
1.0892309e+00  9.86114e-01
1.0892464e+00  9.90525e-01
1.0892620e+00  9.92930e-01
1.0892775e+00  9.99200e-01
1.0892931e+00  1.00348e+00
1.0893088e+00  1.00206e+00
1.0893243e+00  1.00168e+00
1.0893399e+00  9.96026e-01
1.0893555e+00  9.89687e-01
1.0893710e+00  9.95734e-01
1.0893866e+00  9.92949e-01
1.0894021e+00  9.95831e-01
1.0894177e+00  9.97807e-01
1.0894333e+00  9.90349e-01
1.0894488e+00  9.93962e-01
1.0894644e+00  9.98752e-01
1.0894799e+00  9.92511e-01
1.0894956e+00  9.99268e-01
1.0895112e+00  9.88665e-01
1.0895267e+00  9.74907e-01
1.0895423e+00  9.70834e-01
1.0895578e+00  9.74518e-01
1.0895734e+00  9.73492e-01
1.0895890e+00  9.78948e-01
1.0896045e+00  9.75530e-01
1.0896201e+00  9.79035e-01
1.0896357e+00  9.76007e-01
1.0896512e+00  9.72635e-01
1.0896669e+00  9.69459e-01
1.0896824e+00  9.67737e-01
1.0896980e+00  9.66421e-01
1.0897136e+00  9.73487e-01
1.0897291e+00  9.70386e-01
1.0897447e+00  9.74683e-01
1.0897602e+00  9.73933e-01
1.0897758e+00  9.69677e-01
1.0897914e+00  9.77994e-01
1.0898069e+00  9.73943e-01
1.0898225e+00  9.80583e-01
1.0898380e+00  9.73340e-01
1.0898537e+00  9.54686e-01
1.0898693e+00  9.60156e-01
1.0898848e+00  9.71673e-01
1.0899004e+00  9.65549e-01
1.0899160e+00  9.72755e-01
1.0899315e+00  9.74148e-01
1.0899471e+00  9.70269e-01
1.0899626e+00  9.69197e-01
1.0899782e+00  9.74956e-01
1.0899939e+00  9.72616e-01
1.0900094e+00  9.78071e-01
1.0900250e+00  9.75404e-01
1.0900405e+00  9.83553e-01
1.0900561e+00  9.88441e-01
1.0900717e+00  9.79503e-01
1.0900872e+00  9.76592e-01
1.0901028e+00  9.83699e-01
1.0901183e+00  9.69599e-01
1.0901339e+00  9.87438e-01
1.0901495e+00  9.81450e-01
1.0901650e+00  9.75696e-01
1.0901807e+00  9.78500e-01
1.0901963e+00  9.86854e-01
1.0902118e+00  9.89502e-01
1.0902274e+00  9.95373e-01
1.0902429e+00  1.00152e+00
1.0902585e+00  9.95617e-01
1.0902741e+00  9.97145e-01
1.0902896e+00  1.00319e+00
1.0903052e+00  1.00141e+00
1.0903207e+00  1.00298e+00
1.0903363e+00  1.00034e+00
1.0903520e+00  1.00032e+00
1.0903675e+00  1.00497e+00
1.0903831e+00  1.00135e+00
1.0903986e+00  9.78918e-01
1.0904142e+00  9.86825e-01
1.0904298e+00  9.93037e-01
1.0904453e+00  1.00408e+00
1.0904609e+00  1.00899e+00
1.0904764e+00  1.00487e+00
1.0904920e+00  9.97661e-01
1.0905076e+00  9.98733e-01
1.0905230e+00  9.92238e-01
1.0905387e+00  9.92910e-01
1.0905543e+00  9.87156e-01
1.0905698e+00  9.78704e-01
1.0905854e+00  9.89307e-01
1.0906009e+00  9.92793e-01
1.0906165e+00  9.95179e-01
1.0906321e+00  9.95578e-01
1.0906476e+00  9.91411e-01
1.0906632e+00  9.88256e-01
1.0906787e+00  9.82073e-01
1.0906943e+00  9.89259e-01
1.0907100e+00  9.88811e-01
1.0907255e+00  9.94770e-01
1.0907411e+00  9.91654e-01
1.0907566e+00  9.94604e-01
1.0907722e+00  1.00481e+00
1.0907878e+00  9.99560e-01
1.0908033e+00  1.00385e+00
1.0908189e+00  9.89278e-01
1.0908345e+00  9.94001e-01
1.0908500e+00  9.97467e-01
1.0908656e+00  9.91537e-01
1.0908811e+00  9.86513e-01
1.0908968e+00  9.84021e-01
1.0909124e+00  9.90797e-01
1.0909279e+00  9.99472e-01
1.0909435e+00  9.95149e-01
1.0909590e+00  1.00216e+00
1.0909746e+00  9.97973e-01
1.0909902e+00  9.95354e-01
1.0910057e+00  1.00677e+00
1.0910213e+00  9.97029e-01
1.0910368e+00  9.91450e-01
1.0910525e+00  9.90164e-01
1.0910681e+00  9.90057e-01
1.0910836e+00  9.91897e-01
1.0910992e+00  1.00141e+00
1.0911148e+00  1.00023e+00
1.0911303e+00  1.01855e+00
1.0911459e+00  1.01287e+00
1.0911614e+00  1.00779e+00
1.0911770e+00  1.00375e+00
1.0911926e+00  1.00576e+00
1.0912081e+00  1.00127e+00
1.0912238e+00  1.00651e+00
1.0912393e+00  1.00017e+00
1.0912549e+00  1.00443e+00
1.0912705e+00  1.00776e+00
1.0912860e+00  1.01013e+00
1.0913016e+00  1.00846e+00
1.0913171e+00  1.00728e+00
1.0913327e+00  1.00078e+00
1.0913483e+00  9.95451e-01
1.0913638e+00  9.84614e-01
1.0913794e+00  9.81187e-01
1.0913951e+00  9.77692e-01
1.0914106e+00  9.78675e-01
1.0914262e+00  9.80028e-01
1.0914417e+00  9.73001e-01
1.0914573e+00  9.61808e-01
1.0914729e+00  9.51865e-01
1.0914884e+00  9.45863e-01
1.0915040e+00  9.28696e-01
1.0915195e+00  9.22752e-01
1.0915351e+00  9.22149e-01
1.0915507e+00  9.14284e-01
1.0915662e+00  9.19051e-01
1.0915819e+00  9.26838e-01
1.0915974e+00  9.36446e-01
1.0916130e+00  9.37856e-01
1.0916286e+00  9.32852e-01
1.0916441e+00  9.44097e-01
1.0916597e+00  9.45769e-01
1.0916753e+00  9.34898e-01
1.0916908e+00  9.37994e-01
1.0917064e+00  9.35914e-01
1.0917219e+00  9.35271e-01
1.0917375e+00  9.36069e-01
1.0917532e+00  9.40474e-01
1.0917687e+00  9.44354e-01
1.0917843e+00  9.41492e-01
1.0917998e+00  9.36711e-01
1.0918154e+00  9.37107e-01
1.0918310e+00  9.21912e-01
1.0918465e+00  9.17588e-01
1.0918621e+00  9.20688e-01
1.0918776e+00  9.24276e-01
1.0918932e+00  9.24584e-01
1.0919089e+00  9.24985e-01
1.0919243e+00  9.24975e-01
1.0919400e+00  9.31816e-01
1.0919556e+00  9.30531e-01
1.0919711e+00  9.38056e-01
1.0919867e+00  9.43919e-01
1.0920022e+00  9.46989e-01
1.0920178e+00  9.59484e-01
1.0920334e+00  9.59406e-01
1.0920489e+00  9.68572e-01
1.0920645e+00  9.70834e-01
1.0920800e+00  9.83417e-01
1.0920957e+00  9.89298e-01
1.0921113e+00  9.91430e-01
1.0921268e+00  9.93660e-01
1.0921424e+00  9.92189e-01
1.0921579e+00  9.97428e-01
1.0921735e+00  9.95870e-01
1.0921891e+00  9.84673e-01
1.0922046e+00  9.95013e-01
1.0922202e+00  9.96201e-01
1.0922358e+00  9.98187e-01
1.0922513e+00  9.87234e-01
1.0922670e+00  9.80175e-01
1.0922825e+00  9.84527e-01
1.0922981e+00  9.87672e-01
1.0923137e+00  9.88246e-01
1.0923292e+00  9.85481e-01
1.0923448e+00  9.91810e-01
1.0923603e+00  9.97330e-01
1.0923759e+00  1.00385e+00
1.0923915e+00  9.99326e-01
1.0924070e+00  9.96366e-01
1.0924226e+00  9.98528e-01
1.0924381e+00  9.93056e-01
1.0924538e+00  9.95997e-01
1.0924694e+00  9.84897e-01
1.0924849e+00  9.80009e-01
1.0925005e+00  9.82054e-01
1.0925160e+00  9.82628e-01
1.0925316e+00  9.74391e-01
1.0925472e+00  9.71165e-01
1.0925627e+00  9.64784e-01
1.0925783e+00  9.15833e-01
1.0925939e+00  8.85450e-01
1.0926094e+00  9.16165e-01
1.0926251e+00  9.34859e-01
1.0926406e+00  9.34675e-01
1.0926562e+00  9.42460e-01
1.0926718e+00  9.49901e-01
1.0926873e+00  9.44073e-01
1.0927029e+00  9.32943e-01
1.0927184e+00  9.47091e-01
1.0927340e+00  9.46883e-01
1.0927496e+00  9.32348e-01
1.0927651e+00  9.09189e-01
1.0927807e+00  9.18188e-01
1.0927962e+00  9.35380e-01
1.0928119e+00  9.40674e-01
1.0928275e+00  9.28094e-01
1.0928430e+00  9.12480e-01
1.0928586e+00  9.38313e-01
1.0928742e+00  9.48947e-01
1.0928897e+00  9.45045e-01
1.0929053e+00  9.39765e-01
1.0929208e+00  9.30981e-01
1.0929364e+00  9.25563e-01
1.0929521e+00  8.97258e-01
1.0929675e+00  8.94989e-01
1.0929832e+00  9.12847e-01
1.0929987e+00  9.06405e-01
1.0930143e+00  9.02088e-01
1.0930299e+00  9.03648e-01
1.0930454e+00  9.09009e-01
1.0930610e+00  9.14180e-01
1.0930765e+00  9.12797e-01
1.0930921e+00  9.18742e-01
1.0931077e+00  9.21437e-01
1.0931232e+00  9.28211e-01
1.0931389e+00  9.12870e-01
1.0931545e+00  9.08291e-01
1.0931700e+00  9.01965e-01
1.0931856e+00  8.99136e-01
1.0932011e+00  8.93040e-01
1.0932167e+00  9.00710e-01
1.0932323e+00  9.03117e-01
1.0932478e+00  8.91150e-01
1.0932634e+00  8.90576e-01
1.0932789e+00  8.99080e-01
1.0932945e+00  8.92401e-01
1.0933102e+00  8.96005e-01
1.0933257e+00  8.68041e-01
1.0933413e+00  8.69775e-01
1.0933568e+00  8.65705e-01
1.0933724e+00  8.53882e-01
1.0933880e+00  8.44259e-01
1.0934035e+00  8.49628e-01
1.0934191e+00  8.70384e-01
1.0934347e+00  8.85984e-01
1.0934502e+00  8.82636e-01
1.0934658e+00  8.83600e-01
1.0934813e+00  8.68591e-01
1.0934970e+00  8.58405e-01
1.0935126e+00  8.52552e-01
1.0935281e+00  8.64455e-01
1.0935437e+00  8.65722e-01
1.0935592e+00  8.60739e-01
1.0935748e+00  8.58348e-01
1.0935904e+00  8.60280e-01
1.0936059e+00  8.71903e-01
1.0936215e+00  8.62009e-01
1.0936370e+00  8.53552e-01
1.0936526e+00  8.44614e-01
1.0936683e+00  8.53777e-01
1.0936838e+00  8.46779e-01
1.0936994e+00  8.38567e-01
1.0937150e+00  8.74516e-01
1.0937305e+00  8.58167e-01
1.0937461e+00  8.58857e-01
1.0937616e+00  8.66289e-01
1.0937772e+00  8.58743e-01
1.0937928e+00  8.49648e-01
1.0938083e+00  8.40481e-01
1.0938239e+00  8.30805e-01
1.0938394e+00  8.37623e-01
1.0938551e+00  8.36124e-01
1.0938707e+00  8.36503e-01
1.0938862e+00  8.39783e-01
1.0939018e+00  8.56044e-01
1.0939173e+00  8.52298e-01
1.0939329e+00  8.58148e-01
1.0939485e+00  8.62905e-01
1.0939640e+00  8.59138e-01
1.0939796e+00  8.67259e-01
1.0939951e+00  8.69865e-01
1.0940107e+00  8.67152e-01
1.0940264e+00  8.64360e-01
1.0940419e+00  8.64180e-01
1.0940575e+00  8.70905e-01
1.0940731e+00  8.75147e-01
1.0940886e+00  8.83640e-01
1.0941042e+00  8.89488e-01
1.0941197e+00  9.01399e-01
1.0941353e+00  8.97594e-01
1.0941509e+00  8.79350e-01
1.0941664e+00  8.89797e-01
1.0941821e+00  8.85798e-01
1.0941975e+00  8.81410e-01
1.0942132e+00  9.22249e-01
1.0942288e+00  8.96787e-01
1.0942443e+00  9.01108e-01
1.0942599e+00  8.98223e-01
1.0942754e+00  9.06118e-01
1.0942910e+00  9.09926e-01
1.0943066e+00  9.10490e-01
1.0943221e+00  9.18016e-01
1.0943377e+00  9.16991e-01
1.0943534e+00  9.16799e-01
1.0943689e+00  9.17727e-01
1.0943845e+00  9.18396e-01
1.0944000e+00  9.12684e-01
1.0944156e+00  9.14975e-01
1.0944312e+00  9.25267e-01
1.0944467e+00  9.36378e-01
1.0944623e+00  9.36369e-01
1.0944778e+00  9.44171e-01
1.0944934e+00  9.40890e-01
1.0945090e+00  9.39335e-01
1.0945245e+00  9.33186e-01
1.0945402e+00  9.34873e-01
1.0945557e+00  9.38785e-01
1.0945713e+00  9.45266e-01
1.0945869e+00  9.50315e-01
1.0946024e+00  9.52555e-01
1.0946180e+00  9.51149e-01
1.0946336e+00  9.50627e-01
1.0946491e+00  9.59280e-01
1.0946647e+00  9.53079e-01
1.0946802e+00  9.65710e-01
1.0946958e+00  9.51795e-01
1.0947115e+00  9.46831e-01
1.0947270e+00  9.47314e-01
1.0947426e+00  9.46163e-01
1.0947581e+00  9.51239e-01
1.0947737e+00  9.59699e-01
1.0947893e+00  9.62812e-01
1.0948048e+00  9.63459e-01
1.0948204e+00  9.62687e-01
1.0948359e+00  9.53561e-01
1.0948515e+00  9.52065e-01
1.0948671e+00  9.56311e-01
1.0948826e+00  9.48449e-01
1.0948983e+00  9.46833e-01
1.0949139e+00  9.30960e-01
1.0949294e+00  9.06844e-01
1.0949450e+00  9.07402e-01
1.0949605e+00  9.37129e-01
1.0949761e+00  9.51153e-01
1.0949917e+00  9.63999e-01
1.0950072e+00  9.67531e-01
1.0950228e+00  9.62649e-01
1.0950383e+00  9.54497e-01
1.0950539e+00  9.69149e-01
1.0950696e+00  9.70691e-01
1.0950851e+00  9.70753e-01
1.0951007e+00  9.72127e-01
1.0951162e+00  9.60919e-01
1.0951318e+00  9.58982e-01
1.0951474e+00  9.67281e-01
1.0951629e+00  9.85987e-01
1.0951785e+00  9.74118e-01
1.0951941e+00  9.72402e-01
1.0952096e+00  9.68532e-01
1.0952253e+00  9.57469e-01
1.0952408e+00  9.48508e-01
1.0952564e+00  9.46817e-01
1.0952720e+00  9.69624e-01
1.0952875e+00  9.57470e-01
1.0953031e+00  9.45406e-01
1.0953186e+00  9.57817e-01
1.0953342e+00  9.66606e-01
1.0953498e+00  9.65801e-01
1.0953653e+00  9.68548e-01
1.0953809e+00  9.71750e-01
1.0953964e+00  9.68818e-01
1.0954121e+00  9.70206e-01
1.0954277e+00  9.69728e-01
1.0954432e+00  9.78656e-01
1.0954588e+00  9.82764e-01
1.0954744e+00  9.76845e-01
1.0954899e+00  9.70047e-01
1.0955055e+00  9.63370e-01
1.0955210e+00  9.70499e-01
1.0955366e+00  9.64099e-01
1.0955522e+00  9.58530e-01
1.0955677e+00  9.59020e-01
1.0955834e+00  9.59225e-01
1.0955989e+00  9.57198e-01
1.0956145e+00  9.58972e-01
1.0956301e+00  9.56249e-01
1.0956456e+00  9.57489e-01
1.0956612e+00  9.58666e-01
1.0956767e+00  9.56628e-01
1.0956923e+00  9.45560e-01
1.0957079e+00  9.23751e-01
1.0957234e+00  9.13036e-01
1.0957390e+00  9.09580e-01
1.0957547e+00  9.06999e-01
1.0957702e+00  9.19245e-01
1.0957858e+00  9.25296e-01
1.0958013e+00  9.32795e-01
1.0958169e+00  9.31041e-01
1.0958325e+00  9.20777e-01
1.0958480e+00  9.18461e-01
1.0958636e+00  9.25333e-01
1.0958791e+00  9.23374e-01
1.0958947e+00  9.23186e-01
1.0959103e+00  9.07938e-01
1.0959258e+00  9.09544e-01
1.0959415e+00  9.36707e-01
1.0959570e+00  9.37068e-01
1.0959726e+00  9.48054e-01
1.0959882e+00  9.37088e-01
1.0960037e+00  9.25436e-01
1.0960193e+00  9.17507e-01
1.0960348e+00  9.27255e-01
1.0960504e+00  9.33380e-01
1.0960660e+00  9.40957e-01
1.0960815e+00  9.31087e-01
