#Normalization-constant  1.21649e+04
#lambda         flux
1.0805757e+00  1.02908e+00
1.0805913e+00  1.00206e+00
1.0806069e+00  1.01797e+00
1.0806224e+00  1.00963e+00
1.0806380e+00  1.00296e+00
1.0806536e+00  1.00767e+00
1.0806693e+00  1.01775e+00
1.0806848e+00  1.02076e+00
1.0807004e+00  1.01559e+00
1.0807160e+00  1.01704e+00
1.0807315e+00  1.01056e+00
1.0807471e+00  1.01344e+00
1.0807627e+00  1.01034e+00
1.0807782e+00  1.02291e+00
1.0807938e+00  1.03136e+00
1.0808094e+00  1.02734e+00
1.0808249e+00  1.03000e+00
1.0808406e+00  1.02498e+00
1.0808562e+00  1.03223e+00
1.0808718e+00  1.02319e+00
1.0808873e+00  1.01493e+00
1.0809029e+00  1.02597e+00
1.0809185e+00  1.02029e+00
1.0809340e+00  1.02690e+00
1.0809496e+00  1.02681e+00
1.0809653e+00  1.02510e+00
1.0809808e+00  1.03116e+00
1.0809964e+00  1.02067e+00
1.0810120e+00  1.04416e+00
1.0810275e+00  1.03469e+00
1.0810431e+00  1.03358e+00
1.0810587e+00  1.02088e+00
1.0810743e+00  1.02744e+00
1.0810898e+00  1.00423e+00
1.0811054e+00  9.78857e-01
1.0811211e+00  9.74188e-01
1.0811366e+00  9.91284e-01
1.0811522e+00  9.69957e-01
1.0811678e+00  9.55745e-01
1.0811833e+00  9.60943e-01
1.0811989e+00  9.53488e-01
1.0812145e+00  9.58474e-01
1.0812301e+00  9.67921e-01
1.0812456e+00  9.74879e-01
1.0812612e+00  9.66227e-01
1.0812769e+00  9.73807e-01
1.0812924e+00  9.69607e-01
1.0813080e+00  9.71908e-01
1.0813236e+00  9.76453e-01
1.0813391e+00  9.69774e-01
1.0813547e+00  9.72980e-01
1.0813703e+00  9.82084e-01
1.0813858e+00  9.86641e-01
1.0814014e+00  9.92510e-01
1.0814171e+00  9.78226e-01
1.0814327e+00  9.81105e-01
1.0814482e+00  9.89061e-01
1.0814638e+00  9.73541e-01
1.0814794e+00  9.78528e-01
1.0814949e+00  9.84527e-01
1.0815105e+00  9.77353e-01
1.0815261e+00  9.80383e-01
1.0815416e+00  9.62967e-01
1.0815572e+00  9.72744e-01
1.0815729e+00  9.73759e-01
1.0815884e+00  9.81977e-01
1.0816040e+00  9.89429e-01
1.0816196e+00  9.93988e-01
1.0816352e+00  1.00930e+00
1.0816507e+00  1.02046e+00
1.0816663e+00  1.02233e+00
1.0816819e+00  1.02966e+00
1.0816974e+00  1.03188e+00
1.0817131e+00  1.02592e+00
1.0817287e+00  1.02624e+00
1.0817442e+00  1.02776e+00
1.0817598e+00  1.02983e+00
1.0817754e+00  1.02688e+00
1.0817910e+00  1.02625e+00
1.0818065e+00  1.00697e+00
1.0818221e+00  1.01227e+00
1.0818377e+00  1.01425e+00
1.0818532e+00  1.01163e+00
1.0818689e+00  1.01643e+00
1.0818845e+00  1.01901e+00
1.0819000e+00  1.01078e+00
1.0819156e+00  1.01627e+00
1.0819312e+00  1.01550e+00
1.0819467e+00  1.02727e+00
1.0819623e+00  1.01950e+00
1.0819779e+00  1.02328e+00
1.0819936e+00  1.00678e+00
1.0820090e+00  1.01232e+00
1.0820247e+00  1.00805e+00
1.0820403e+00  9.72228e-01
1.0820558e+00  9.85692e-01
1.0820714e+00  1.03144e+00
1.0820870e+00  1.03359e+00
1.0821025e+00  1.04219e+00
1.0821181e+00  1.03094e+00
1.0821337e+00  1.02214e+00
1.0821493e+00  1.02662e+00
1.0821650e+00  1.02196e+00
1.0821806e+00  1.02285e+00
1.0821962e+00  1.01854e+00
1.0822117e+00  1.00710e+00
1.0822273e+00  9.99444e-01
1.0822429e+00  1.00586e+00
1.0822584e+00  1.01058e+00
1.0822740e+00  1.01514e+00
1.0822896e+00  1.02891e+00
1.0823051e+00  1.03297e+00
1.0823208e+00  1.03641e+00
1.0823364e+00  1.04708e+00
1.0823520e+00  1.04937e+00
1.0823675e+00  1.05985e+00
1.0823831e+00  1.07016e+00
1.0823987e+00  1.07393e+00
1.0824142e+00  1.05007e+00
1.0824298e+00  1.06414e+00
1.0824455e+00  1.05622e+00
1.0824610e+00  1.05411e+00
1.0824766e+00  1.06003e+00
1.0824922e+00  1.05881e+00
1.0825077e+00  1.05460e+00
1.0825233e+00  1.05439e+00
1.0825389e+00  1.06021e+00
1.0825545e+00  1.05327e+00
1.0825700e+00  1.05009e+00
1.0825856e+00  1.04464e+00
1.0826013e+00  1.04315e+00
1.0826168e+00  1.03874e+00
1.0826324e+00  1.02368e+00
1.0826480e+00  1.01429e+00
1.0826635e+00  1.00725e+00
1.0826791e+00  1.00318e+00
1.0826947e+00  9.97096e-01
1.0827102e+00  9.81908e-01
1.0827258e+00  9.73550e-01
1.0827415e+00  9.56942e-01
1.0827571e+00  9.37302e-01
1.0827726e+00  9.17191e-01
1.0827882e+00  9.12485e-01
1.0828038e+00  9.10744e-01
1.0828193e+00  8.99559e-01
1.0828349e+00  9.00838e-01
1.0828505e+00  8.92285e-01
1.0828660e+00  8.83150e-01
1.0828816e+00  8.84536e-01
1.0828973e+00  8.92857e-01
1.0829129e+00  8.96328e-01
1.0829284e+00  9.01657e-01
1.0829440e+00  8.36277e-01
1.0829596e+00  9.12388e-01
1.0829751e+00  9.18276e-01
1.0829907e+00  9.19606e-01
1.0830063e+00  9.17122e-01
1.0830218e+00  9.12939e-01
1.0830374e+00  9.11066e-01
1.0830531e+00  8.96091e-01
1.0830686e+00  8.89133e-01
1.0830842e+00  8.84322e-01
1.0830998e+00  8.73578e-01
1.0831154e+00  8.62518e-01
1.0831309e+00  8.59995e-01
1.0831465e+00  8.63588e-01
1.0831621e+00  8.66323e-01
1.0831776e+00  8.68861e-01
1.0831933e+00  8.72397e-01
1.0832089e+00  8.82098e-01
1.0832244e+00  8.87605e-01
1.0832400e+00  8.86256e-01
1.0832556e+00  8.94699e-01
1.0832712e+00  9.09106e-01
1.0832867e+00  9.16301e-01
1.0833023e+00  9.23737e-01
1.0833179e+00  9.32508e-01
1.0833334e+00  9.40428e-01
1.0833491e+00  9.44250e-01
1.0833647e+00  9.54846e-01
1.0833802e+00  9.55393e-01
1.0833958e+00  9.53431e-01
1.0834114e+00  9.58688e-01
1.0834269e+00  9.71577e-01
1.0834425e+00  9.61009e-01
1.0834581e+00  9.74297e-01
1.0834738e+00  9.69690e-01
1.0834893e+00  9.81741e-01
1.0835049e+00  9.86219e-01
1.0835205e+00  9.70573e-01
1.0835360e+00  9.82846e-01
1.0835516e+00  9.73930e-01
1.0835672e+00  9.63751e-01
1.0835827e+00  9.86629e-01
1.0835983e+00  9.93360e-01
1.0836139e+00  1.00925e+00
1.0836294e+00  1.01901e+00
1.0836451e+00  1.02246e+00
1.0836607e+00  1.02952e+00
1.0836763e+00  1.03038e+00
1.0836918e+00  1.03225e+00
1.0837074e+00  1.03501e+00
1.0837230e+00  1.03454e+00
1.0837385e+00  1.02886e+00
1.0837541e+00  1.02709e+00
1.0837698e+00  1.02472e+00
1.0837852e+00  1.01459e+00
1.0838009e+00  9.99970e-01
1.0838165e+00  1.01833e+00
1.0838321e+00  1.02040e+00
1.0838476e+00  1.02898e+00
1.0838632e+00  1.02974e+00
1.0838788e+00  1.03032e+00
1.0838943e+00  1.02674e+00
1.0839099e+00  1.02766e+00
1.0839256e+00  1.02673e+00
1.0839411e+00  1.02283e+00
1.0839567e+00  1.02890e+00
1.0839723e+00  1.02711e+00
1.0839878e+00  1.02735e+00
1.0840034e+00  1.03375e+00
1.0840190e+00  1.03755e+00
1.0840346e+00  1.04122e+00
1.0840501e+00  1.04553e+00
1.0840657e+00  1.05510e+00
1.0840814e+00  1.06007e+00
1.0840969e+00  1.05452e+00
1.0841125e+00  1.04857e+00
1.0841281e+00  1.04733e+00
1.0841436e+00  1.04974e+00
1.0841592e+00  1.04785e+00
1.0841748e+00  1.03351e+00
1.0841903e+00  1.03775e+00
1.0842059e+00  1.04230e+00
1.0842216e+00  1.04091e+00
1.0842372e+00  1.05330e+00
1.0842527e+00  1.05461e+00
1.0842683e+00  1.04738e+00
1.0842839e+00  1.06429e+00
1.0842994e+00  1.04078e+00
1.0843150e+00  1.04208e+00
1.0843306e+00  1.03658e+00
1.0843461e+00  1.02662e+00
1.0843617e+00  1.02977e+00
1.0843774e+00  1.02154e+00
1.0843930e+00  1.01535e+00
1.0844085e+00  1.00858e+00
1.0844241e+00  1.00662e+00
1.0844397e+00  9.96755e-01
1.0844552e+00  1.00009e+00
1.0844708e+00  1.00826e+00
1.0844864e+00  1.01296e+00
1.0845019e+00  1.02473e+00
1.0845176e+00  1.02469e+00
1.0845332e+00  1.02280e+00
1.0845487e+00  1.01516e+00
1.0845643e+00  1.01307e+00
1.0845799e+00  1.01289e+00
1.0845955e+00  1.01434e+00
1.0846110e+00  1.01514e+00
1.0846266e+00  1.01929e+00
1.0846422e+00  1.02374e+00
1.0846577e+00  1.01486e+00
1.0846734e+00  1.01428e+00
1.0846890e+00  1.02701e+00
1.0847045e+00  1.03020e+00
1.0847201e+00  1.02711e+00
1.0847357e+00  1.02244e+00
1.0847512e+00  1.01259e+00
1.0847668e+00  1.01150e+00
1.0847825e+00  1.01104e+00
1.0847982e+00  9.97925e-01
1.0848136e+00  9.94923e-01
1.0848293e+00  9.88113e-01
1.0848449e+00  9.77210e-01
1.0848604e+00  9.82469e-01
1.0848760e+00  9.92007e-01
1.0848916e+00  1.00900e+00
1.0849071e+00  1.02417e+00
1.0849227e+00  1.03202e+00
1.0849383e+00  1.04528e+00
1.0849540e+00  1.03819e+00
1.0849695e+00  1.03648e+00
1.0849851e+00  1.02975e+00
1.0850007e+00  1.02505e+00
1.0850162e+00  1.02184e+00
1.0850318e+00  1.02514e+00
1.0850474e+00  1.01870e+00
1.0850629e+00  1.02938e+00
1.0850785e+00  1.04050e+00
1.0850941e+00  1.03771e+00
1.0851096e+00  1.04297e+00
1.0851253e+00  1.04557e+00
1.0851409e+00  1.04789e+00
1.0851565e+00  1.04147e+00
1.0851720e+00  1.03871e+00
1.0851876e+00  1.03409e+00
1.0852032e+00  1.02960e+00
1.0852187e+00  1.03533e+00
1.0852343e+00  1.03618e+00
1.0852500e+00  1.03845e+00
1.0852655e+00  1.02961e+00
1.0852811e+00  1.03476e+00
1.0852967e+00  1.03541e+00
1.0853122e+00  1.04350e+00
1.0853278e+00  1.04447e+00
1.0853434e+00  1.04776e+00
1.0853590e+00  1.04571e+00
1.0853745e+00  1.05167e+00
1.0853901e+00  1.02018e+00
1.0854058e+00  9.60470e-01
1.0854213e+00  1.04068e+00
1.0854369e+00  1.03455e+00
1.0854525e+00  1.03120e+00
1.0854680e+00  1.02865e+00
1.0854836e+00  1.03951e+00
1.0854992e+00  1.04422e+00
1.0855148e+00  1.04797e+00
1.0855303e+00  1.05098e+00
1.0855460e+00  1.05298e+00
1.0855616e+00  1.06026e+00
1.0855771e+00  1.05805e+00
1.0855927e+00  1.05601e+00
1.0856083e+00  1.05188e+00
1.0856238e+00  1.05153e+00
1.0856394e+00  1.04874e+00
1.0856550e+00  1.04185e+00
1.0856705e+00  1.03175e+00
1.0856861e+00  1.02735e+00
1.0857018e+00  1.03110e+00
1.0857174e+00  1.03650e+00
1.0857329e+00  1.04522e+00
1.0857485e+00  1.04959e+00
1.0857641e+00  1.05317e+00
1.0857796e+00  1.05926e+00
1.0857952e+00  1.05785e+00
1.0858108e+00  1.05581e+00
1.0858263e+00  1.05710e+00
1.0858419e+00  1.05034e+00
1.0858576e+00  1.04658e+00
1.0858731e+00  1.04268e+00
1.0858887e+00  1.03999e+00
1.0859043e+00  1.03920e+00
1.0859199e+00  1.03489e+00
1.0859354e+00  1.03950e+00
1.0859510e+00  1.03970e+00
1.0859666e+00  1.04347e+00
1.0859821e+00  1.04429e+00
1.0859978e+00  1.04344e+00
1.0860134e+00  1.04533e+00
1.0860289e+00  1.04537e+00
1.0860445e+00  1.05380e+00
1.0860601e+00  1.04687e+00
1.0860757e+00  1.03466e+00
1.0860912e+00  1.03468e+00
1.0861068e+00  1.03844e+00
1.0861224e+00  1.04052e+00
1.0861379e+00  1.03651e+00
1.0861536e+00  1.04013e+00
1.0861692e+00  1.04243e+00
1.0861847e+00  1.04673e+00
1.0862003e+00  1.04842e+00
1.0862159e+00  1.05528e+00
1.0862314e+00  1.05174e+00
1.0862470e+00  1.05362e+00
1.0862626e+00  1.05558e+00
1.0862783e+00  1.04823e+00
1.0862938e+00  1.05321e+00
1.0863094e+00  1.05470e+00
1.0863250e+00  1.04284e+00
1.0863405e+00  1.02611e+00
1.0863561e+00  1.00182e+00
1.0863717e+00  1.01479e+00
1.0863872e+00  1.02216e+00
1.0864028e+00  1.03083e+00
1.0864184e+00  1.03639e+00
1.0864339e+00  1.03986e+00
1.0864496e+00  1.03649e+00
1.0864652e+00  1.03784e+00
1.0864808e+00  1.03347e+00
1.0864963e+00  1.03062e+00
1.0865119e+00  1.01552e+00
1.0865275e+00  1.01965e+00
1.0865430e+00  1.01849e+00
1.0865586e+00  1.01799e+00
1.0865743e+00  1.02358e+00
1.0865897e+00  1.02784e+00
1.0866054e+00  1.03187e+00
1.0866210e+00  1.04000e+00
1.0866366e+00  1.04398e+00
1.0866521e+00  1.03909e+00
1.0866677e+00  1.03772e+00
1.0866833e+00  1.02969e+00
1.0866988e+00  1.03161e+00
1.0867144e+00  1.01347e+00
1.0867301e+00  1.02148e+00
1.0867456e+00  1.01995e+00
1.0867612e+00  1.01952e+00
1.0867768e+00  1.01975e+00
1.0867923e+00  1.01449e+00
1.0868079e+00  1.02202e+00
1.0868235e+00  1.02561e+00
1.0868391e+00  1.03383e+00
1.0868546e+00  1.03228e+00
1.0868702e+00  1.03775e+00
1.0868859e+00  1.01440e+00
1.0869014e+00  1.02140e+00
1.0869170e+00  1.01415e+00
1.0869326e+00  9.96264e-01
1.0869481e+00  9.84067e-01
1.0869637e+00  9.64722e-01
1.0869793e+00  9.60203e-01
1.0869948e+00  9.53976e-01
1.0870104e+00  9.52524e-01
1.0870261e+00  9.45880e-01
1.0870417e+00  9.45454e-01
1.0870572e+00  9.45971e-01
1.0870728e+00  9.48429e-01
1.0870884e+00  9.49654e-01
1.0871039e+00  9.50123e-01
1.0871195e+00  9.50301e-01
1.0871351e+00  9.51910e-01
1.0871506e+00  9.42429e-01
1.0871662e+00  9.43988e-01
1.0871819e+00  9.40874e-01
1.0871975e+00  9.46808e-01
1.0872130e+00  9.49759e-01
1.0872286e+00  9.53641e-01
1.0872442e+00  9.51133e-01
1.0872597e+00  9.55906e-01
1.0872753e+00  9.44975e-01
1.0872909e+00  9.44336e-01
1.0873064e+00  9.38733e-01
1.0873221e+00  9.24113e-01
1.0873377e+00  9.27743e-01
1.0873532e+00  9.19660e-01
1.0873688e+00  9.13530e-01
1.0873844e+00  9.12406e-01
1.0874000e+00  9.01967e-01
1.0874156e+00  9.39812e-01
1.0874312e+00  9.44338e-01
1.0874468e+00  9.46904e-01
1.0874623e+00  9.62676e-01
1.0874780e+00  9.76888e-01
1.0874936e+00  9.83100e-01
1.0875091e+00  9.85698e-01
1.0875247e+00  9.88626e-01
1.0875403e+00  1.00104e+00
1.0875558e+00  1.01296e+00
1.0875714e+00  1.01111e+00
1.0875870e+00  1.00325e+00
1.0876026e+00  1.00208e+00
1.0876181e+00  1.00451e+00
1.0876338e+00  1.00760e+00
1.0876494e+00  1.00963e+00
1.0876649e+00  1.00430e+00
1.0876805e+00  1.01108e+00
1.0876961e+00  1.01619e+00
1.0877116e+00  1.02004e+00
1.0877272e+00  1.02093e+00
1.0877428e+00  1.01464e+00
1.0877585e+00  1.01612e+00
1.0877740e+00  1.01276e+00
1.0877896e+00  1.01864e+00
1.0878052e+00  1.02338e+00
1.0878207e+00  1.01855e+00
1.0878363e+00  1.01388e+00
1.0878519e+00  1.01933e+00
1.0878674e+00  1.02124e+00
1.0878830e+00  1.03116e+00
1.0878986e+00  1.02993e+00
1.0879141e+00  1.02860e+00
1.0879298e+00  1.02540e+00
1.0879454e+00  1.03611e+00
1.0879610e+00  1.03552e+00
1.0879765e+00  1.02746e+00
1.0879921e+00  1.02355e+00
1.0880077e+00  1.02248e+00
1.0880232e+00  1.02648e+00
1.0880388e+00  1.02423e+00
1.0880545e+00  1.03062e+00
1.0880700e+00  1.02943e+00
1.0880856e+00  1.03456e+00
1.0881012e+00  1.03243e+00
1.0881167e+00  1.03520e+00
1.0881323e+00  1.03055e+00
1.0881479e+00  1.03112e+00
1.0881635e+00  1.02815e+00
1.0881790e+00  1.02796e+00
1.0881946e+00  1.02689e+00
1.0882103e+00  1.02224e+00
1.0882258e+00  1.00697e+00
1.0882414e+00  1.00397e+00
1.0882570e+00  1.00135e+00
1.0882725e+00  1.00656e+00
1.0882881e+00  1.00241e+00
1.0883037e+00  1.00667e+00
1.0883193e+00  9.99826e-01
1.0883348e+00  1.00461e+00
1.0883504e+00  1.01109e+00
1.0883661e+00  1.00344e+00
1.0883816e+00  1.01146e+00
1.0883972e+00  1.01655e+00
1.0884128e+00  1.00204e+00
1.0884283e+00  1.00110e+00
1.0884439e+00  9.95943e-01
1.0884595e+00  9.82092e-01
1.0884750e+00  9.81714e-01
1.0884906e+00  9.79569e-01
1.0885063e+00  9.74571e-01
1.0885219e+00  9.69241e-01
1.0885374e+00  9.74130e-01
1.0885530e+00  9.64537e-01
1.0885686e+00  9.59031e-01
1.0885841e+00  9.60481e-01
1.0885997e+00  9.63689e-01
1.0886153e+00  9.65301e-01
1.0886308e+00  9.58858e-01
1.0886464e+00  9.63762e-01
1.0886621e+00  9.73627e-01
1.0886776e+00  9.69065e-01
1.0886932e+00  9.75537e-01
1.0887088e+00  9.64717e-01
1.0887244e+00  9.63199e-01
1.0887399e+00  9.73370e-01
1.0887555e+00  9.73636e-01
1.0887711e+00  9.85164e-01
1.0887866e+00  9.83858e-01
1.0888023e+00  9.86574e-01
1.0888179e+00  9.93678e-01
1.0888334e+00  1.00001e+00
1.0888490e+00  9.97440e-01
1.0888646e+00  9.93781e-01
1.0888802e+00  9.97105e-01
1.0888957e+00  9.96111e-01
1.0889113e+00  9.84564e-01
1.0889269e+00  9.82081e-01
1.0889424e+00  9.79698e-01
1.0889581e+00  9.81166e-01
1.0889737e+00  9.93681e-01
1.0889892e+00  9.96295e-01
1.0890048e+00  9.99550e-01
1.0890204e+00  1.00831e+00
1.0890359e+00  1.01746e+00
1.0890515e+00  1.02215e+00
1.0890671e+00  1.02010e+00
1.0890828e+00  1.01365e+00
1.0890982e+00  1.01164e+00
1.0891139e+00  1.01131e+00
1.0891295e+00  1.00104e+00
1.0891450e+00  1.00267e+00
1.0891606e+00  1.01408e+00
1.0891762e+00  1.01012e+00
1.0891917e+00  1.01170e+00
1.0892073e+00  1.01999e+00
1.0892229e+00  1.01493e+00
1.0892386e+00  1.01927e+00
1.0892541e+00  1.01055e+00
1.0892697e+00  1.01973e+00
1.0892853e+00  1.01807e+00
1.0893008e+00  1.02067e+00
1.0893164e+00  1.01898e+00
1.0893320e+00  1.02560e+00
1.0893475e+00  1.02126e+00
1.0893631e+00  1.01357e+00
1.0893787e+00  1.01872e+00
1.0893942e+00  1.01855e+00
1.0894099e+00  1.02506e+00
1.0894255e+00  1.01895e+00
1.0894411e+00  1.02090e+00
1.0894566e+00  1.01784e+00
1.0894722e+00  1.01385e+00
1.0894878e+00  1.01080e+00
1.0895033e+00  1.01605e+00
1.0895189e+00  1.00059e+00
1.0895346e+00  1.00908e+00
1.0895501e+00  1.01037e+00
1.0895657e+00  9.95574e-01
1.0895813e+00  9.94315e-01
1.0895968e+00  9.90009e-01
1.0896124e+00  9.89480e-01
1.0896280e+00  9.92004e-01
1.0896436e+00  9.88569e-01
1.0896591e+00  9.95273e-01
1.0896747e+00  9.95625e-01
1.0896904e+00  9.96366e-01
1.0897059e+00  9.97573e-01
1.0897215e+00  1.00000e+00
1.0897371e+00  1.00041e+00
1.0897526e+00  1.00005e+00
1.0897682e+00  9.92943e-01
1.0897838e+00  9.91275e-01
1.0897993e+00  9.98433e-01
1.0898149e+00  9.98427e-01
1.0898306e+00  9.98851e-01
1.0898462e+00  1.00278e+00
1.0898617e+00  1.00536e+00
1.0898773e+00  1.00401e+00
1.0898929e+00  1.00555e+00
1.0899084e+00  1.00724e+00
1.0899240e+00  1.01163e+00
1.0899396e+00  1.01185e+00
1.0899551e+00  1.01581e+00
1.0899707e+00  1.00839e+00
1.0899864e+00  9.89184e-01
1.0900020e+00  9.85629e-01
1.0900175e+00  9.84359e-01
1.0900331e+00  9.89342e-01
1.0900488e+00  9.88893e-01
1.0900643e+00  9.92256e-01
1.0900799e+00  9.95926e-01
1.0900955e+00  1.00288e+00
1.0901110e+00  1.01213e+00
1.0901266e+00  1.01327e+00
1.0901423e+00  1.02239e+00
1.0901578e+00  1.02303e+00
1.0901734e+00  1.02177e+00
1.0901890e+00  1.01984e+00
1.0902046e+00  1.01402e+00
1.0902201e+00  1.00657e+00
1.0902357e+00  1.00579e+00
1.0902513e+00  1.01174e+00
1.0902668e+00  1.01685e+00
1.0902825e+00  1.02692e+00
1.0902981e+00  1.03049e+00
1.0903136e+00  1.03534e+00
1.0903292e+00  1.04738e+00
1.0903448e+00  1.04659e+00
1.0903604e+00  1.04260e+00
1.0903759e+00  1.03872e+00
1.0903915e+00  1.02197e+00
1.0904071e+00  1.00717e+00
1.0904226e+00  1.02610e+00
1.0904383e+00  9.98873e-01
1.0904539e+00  9.90766e-01
1.0904694e+00  1.01632e+00
1.0904850e+00  1.02502e+00
1.0905006e+00  1.03739e+00
1.0905161e+00  1.04692e+00
1.0905317e+00  1.04563e+00
1.0905473e+00  1.05937e+00
1.0905630e+00  1.04992e+00
1.0905785e+00  1.03622e+00
1.0905941e+00  1.02720e+00
1.0906097e+00  1.01050e+00
1.0906252e+00  9.98862e-01
1.0906408e+00  9.95887e-01
1.0906564e+00  9.92215e-01
1.0906719e+00  9.90602e-01
1.0906875e+00  1.00257e+00
1.0907031e+00  1.00052e+00
1.0907186e+00  1.00368e+00
1.0907343e+00  1.01288e+00
1.0907499e+00  1.01157e+00
1.0907655e+00  1.02141e+00
1.0907810e+00  1.02273e+00
1.0907966e+00  1.02638e+00
1.0908122e+00  1.02677e+00
1.0908277e+00  1.02063e+00
1.0908433e+00  1.00657e+00
1.0908590e+00  9.94024e-01
1.0908744e+00  9.88778e-01
1.0908901e+00  9.98573e-01
1.0909057e+00  9.98737e-01
1.0909213e+00  9.99371e-01
1.0909368e+00  1.00286e+00
1.0909524e+00  1.01008e+00
1.0909680e+00  1.01388e+00
1.0909835e+00  1.01566e+00
1.0909991e+00  1.01733e+00
1.0910148e+00  1.01904e+00
1.0910303e+00  1.01790e+00
1.0910459e+00  1.02114e+00
1.0910615e+00  1.02356e+00
1.0910770e+00  1.02528e+00
1.0910926e+00  1.02037e+00
1.0911082e+00  1.02048e+00
1.0911238e+00  1.02369e+00
1.0911393e+00  1.02441e+00
1.0911549e+00  1.03091e+00
1.0911706e+00  1.04039e+00
1.0911861e+00  1.04568e+00
1.0912017e+00  1.04333e+00
1.0912173e+00  1.04192e+00
1.0912328e+00  1.04243e+00
1.0912484e+00  1.03319e+00
1.0912640e+00  1.02778e+00
1.0912795e+00  1.01766e+00
1.0912951e+00  1.01601e+00
1.0913108e+00  1.01238e+00
1.0913264e+00  1.00726e+00
1.0913419e+00  1.01314e+00
1.0913575e+00  1.01648e+00
1.0913731e+00  1.01699e+00
1.0913886e+00  1.01423e+00
1.0914042e+00  1.00136e+00
1.0914198e+00  9.93918e-01
1.0914353e+00  9.90330e-01
1.0914509e+00  9.80941e-01
1.0914666e+00  9.64778e-01
1.0914822e+00  9.51060e-01
1.0914977e+00  9.23335e-01
1.0915133e+00  9.02581e-01
1.0915289e+00  8.81528e-01
1.0915444e+00  8.63334e-01
1.0915600e+00  8.56779e-01
1.0915756e+00  8.20452e-01
1.0915911e+00  8.43309e-01
1.0916068e+00  8.53303e-01
1.0916224e+00  8.71282e-01
1.0916379e+00  8.62722e-01
1.0916535e+00  8.76390e-01
1.0916691e+00  8.72200e-01
1.0916847e+00  8.69237e-01
1.0917002e+00  8.62231e-01
1.0917158e+00  8.52499e-01
1.0917314e+00  8.55507e-01
1.0917469e+00  8.71260e-01
1.0917626e+00  8.89062e-01
1.0917782e+00  8.91782e-01
1.0917937e+00  9.01995e-01
1.0918093e+00  9.01241e-01
1.0918249e+00  9.06686e-01
1.0918404e+00  9.05941e-01
1.0918560e+00  9.02323e-01
1.0918716e+00  8.92923e-01
1.0918873e+00  8.87365e-01
1.0919027e+00  8.89605e-01
1.0919184e+00  8.96856e-01
1.0919340e+00  9.06607e-01
1.0919495e+00  9.11741e-01
1.0919651e+00  9.18988e-01
1.0919807e+00  9.29903e-01
1.0919962e+00  9.47281e-01
1.0920118e+00  9.67248e-01
1.0920274e+00  9.81934e-01
1.0920431e+00  9.94235e-01
1.0920586e+00  1.00791e+00
1.0920742e+00  1.01045e+00
1.0920898e+00  1.01030e+00
1.0921053e+00  1.00990e+00
1.0921209e+00  1.00725e+00
1.0921365e+00  1.00286e+00
1.0921520e+00  9.99566e-01
1.0921676e+00  1.00053e+00
1.0921832e+00  9.99495e-01
1.0921987e+00  1.00522e+00
1.0922144e+00  1.01421e+00
1.0922300e+00  1.01807e+00
1.0922456e+00  1.01163e+00
1.0922611e+00  1.02112e+00
1.0922767e+00  1.02507e+00
1.0922923e+00  1.01266e+00
1.0923078e+00  1.01991e+00
1.0923234e+00  1.01912e+00
1.0923391e+00  1.01634e+00
1.0923546e+00  1.01422e+00
1.0923702e+00  9.99339e-01
1.0923858e+00  9.94237e-01
1.0924013e+00  9.95448e-01
1.0924169e+00  1.00794e+00
1.0924325e+00  1.01570e+00
1.0924481e+00  1.00904e+00
1.0924636e+00  1.02278e+00
1.0924792e+00  1.01749e+00
1.0924949e+00  1.01630e+00
1.0925104e+00  1.01423e+00
1.0925260e+00  1.01664e+00
1.0925416e+00  1.00303e+00
1.0925571e+00  9.87578e-01
1.0925727e+00  9.73807e-01
1.0925883e+00  9.57231e-01
1.0926039e+00  9.37256e-01
1.0926194e+00  8.94545e-01
1.0926351e+00  8.61324e-01
1.0926507e+00  8.93351e-01
1.0926663e+00  9.36413e-01
1.0926819e+00  9.55276e-01
1.0926975e+00  9.61514e-01
1.0927130e+00  9.65202e-01
1.0927286e+00  9.64990e-01
1.0927442e+00  9.45901e-01
1.0927597e+00  9.21655e-01
1.0927753e+00  9.10148e-01
1.0927910e+00  9.01490e-01
1.0928066e+00  8.94063e-01
1.0928221e+00  9.02231e-01
1.0928377e+00  9.25021e-01
1.0928533e+00  9.28960e-01
1.0928688e+00  9.30806e-01
1.0928844e+00  9.25151e-01
1.0929000e+00  9.48053e-01
1.0929155e+00  9.47845e-01
1.0929311e+00  9.43257e-01
1.0929468e+00  9.53601e-01
1.0929623e+00  9.41922e-01
1.0929779e+00  9.37840e-01
1.0929935e+00  9.28491e-01
1.0930091e+00  9.16568e-01
1.0930246e+00  9.05701e-01
1.0930402e+00  9.07501e-01
1.0930558e+00  9.20591e-01
1.0930713e+00  9.16559e-01
1.0930870e+00  9.31909e-01
1.0931026e+00  9.51230e-01
1.0931181e+00  9.60864e-01
1.0931337e+00  9.73468e-01
1.0931493e+00  9.79513e-01
1.0931649e+00  9.71855e-01
1.0931804e+00  9.72115e-01
1.0931960e+00  9.56724e-01
1.0932116e+00  9.42618e-01
1.0932271e+00  9.32211e-01
1.0932428e+00  9.33163e-01
1.0932584e+00  9.31481e-01
1.0932739e+00  9.30435e-01
1.0932895e+00  9.42945e-01
1.0933051e+00  9.57415e-01
1.0933206e+00  9.65478e-01
1.0933362e+00  9.77233e-01
1.0933518e+00  9.87413e-01
1.0933675e+00  9.79067e-01
1.0933830e+00  9.61208e-01
1.0933986e+00  9.43854e-01
1.0934142e+00  9.28073e-01
1.0934297e+00  9.38543e-01
1.0934453e+00  9.45541e-01
1.0934609e+00  9.49979e-01
1.0934764e+00  9.45382e-01
1.0934920e+00  9.48170e-01
1.0935076e+00  9.57947e-01
1.0935231e+00  9.54575e-01
1.0935388e+00  9.53143e-01
1.0935544e+00  9.69921e-01
1.0935700e+00  9.70149e-01
1.0935855e+00  9.53242e-01
1.0936011e+00  9.48679e-01
1.0936167e+00  9.42107e-01
1.0936322e+00  9.21767e-01
1.0936478e+00  9.10615e-01
1.0936635e+00  9.04182e-01
1.0936789e+00  9.07384e-01
1.0936946e+00  9.06210e-01
1.0937102e+00  9.00281e-01
1.0937258e+00  8.94844e-01
1.0937413e+00  8.96882e-01
1.0937569e+00  8.91868e-01
1.0937725e+00  8.08157e-01
1.0937880e+00  7.23409e-01
1.0938036e+00  7.86842e-01
1.0938193e+00  8.40370e-01
1.0938348e+00  8.17401e-01
1.0938504e+00  7.85265e-01
1.0938660e+00  7.66469e-01
1.0938815e+00  7.61212e-01
1.0938971e+00  7.56270e-01
1.0939127e+00  7.45196e-01
1.0939283e+00  7.36502e-01
1.0939438e+00  7.42065e-01
1.0939594e+00  7.52430e-01
1.0939751e+00  7.61073e-01
1.0939906e+00  7.71128e-01
1.0940062e+00  7.73493e-01
1.0940218e+00  7.84962e-01
1.0940373e+00  7.88961e-01
1.0940529e+00  7.89314e-01
1.0940685e+00  8.00867e-01
1.0940840e+00  7.98988e-01
1.0940996e+00  8.00717e-01
1.0941153e+00  8.04310e-01
1.0941309e+00  8.10922e-01
1.0941464e+00  8.26342e-01
1.0941620e+00  8.28280e-01
1.0941776e+00  8.42142e-01
1.0941931e+00  8.49264e-01
1.0942087e+00  8.60080e-01
1.0942243e+00  8.67293e-01
1.0942398e+00  8.83480e-01
1.0942554e+00  8.91777e-01
1.0942711e+00  8.98129e-01
1.0942867e+00  9.03828e-01
1.0943022e+00  9.04355e-01
1.0943178e+00  9.04064e-01
1.0943334e+00  9.10074e-01
1.0943489e+00  9.13401e-01
1.0943645e+00  9.20044e-01
1.0943801e+00  9.31788e-01
1.0943956e+00  9.37788e-01
1.0944112e+00  9.41985e-01
1.0944269e+00  9.42950e-01
1.0944424e+00  9.45324e-01
1.0944580e+00  9.45588e-01
1.0944736e+00  9.41935e-01
1.0944892e+00  9.41482e-01
1.0945047e+00  9.48140e-01
1.0945203e+00  9.52789e-01
1.0945359e+00  9.49903e-01
1.0945514e+00  9.57575e-01
1.0945671e+00  9.58110e-01
1.0945827e+00  9.52352e-01
1.0945982e+00  9.61100e-01
1.0946138e+00  9.76497e-01
1.0946294e+00  9.84287e-01
1.0946449e+00  9.94612e-01
1.0946605e+00  9.98782e-01
1.0946761e+00  9.95023e-01
1.0946917e+00  9.96249e-01
1.0947072e+00  9.93021e-01
1.0947229e+00  9.87325e-01
1.0947385e+00  9.75713e-01
1.0947540e+00  9.65628e-01
1.0947696e+00  9.60327e-01
1.0947852e+00  9.57723e-01
1.0948007e+00  9.58182e-01
1.0948163e+00  9.65512e-01
1.0948319e+00  9.71450e-01
1.0948476e+00  9.56324e-01
1.0948631e+00  9.41595e-01
1.0948787e+00  9.67105e-01
1.0948943e+00  9.69717e-01
1.0949098e+00  9.66555e-01
1.0949254e+00  9.59548e-01
1.0949410e+00  9.43518e-01
1.0949565e+00  9.11238e-01
1.0949721e+00  8.86169e-01
1.0949877e+00  8.99183e-01
1.0950032e+00  9.40012e-01
1.0950189e+00  9.66807e-01
1.0950345e+00  9.78696e-01
1.0950501e+00  9.83116e-01
1.0950656e+00  9.74345e-01
1.0950812e+00  9.80532e-01
1.0950968e+00  9.78533e-01
1.0951123e+00  9.77759e-01
1.0951279e+00  9.71520e-01
1.0951436e+00  9.65753e-01
1.0951590e+00  9.66646e-01
1.0951747e+00  9.66476e-01
1.0951903e+00  9.64832e-01
1.0952059e+00  9.66192e-01
1.0952214e+00  9.67051e-01
1.0952370e+00  9.60344e-01
1.0952526e+00  9.58064e-01
1.0952681e+00  9.38718e-01
1.0952837e+00  9.31509e-01
1.0952995e+00  9.51122e-01
1.0953150e+00  9.57463e-01
1.0953306e+00  9.52790e-01
1.0953462e+00  9.44254e-01
1.0953617e+00  9.42948e-01
1.0953773e+00  9.44941e-01
1.0953929e+00  9.49229e-01
1.0954085e+00  9.53152e-01
1.0954240e+00  9.60256e-01
1.0954396e+00  9.62580e-01
1.0954553e+00  9.74427e-01
1.0954708e+00  9.87300e-01
1.0954864e+00  9.81480e-01
1.0955020e+00  9.92653e-01
1.0955175e+00  9.84910e-01
1.0955331e+00  9.77618e-01
1.0955487e+00  9.65510e-01
1.0955642e+00  9.59990e-01
1.0955798e+00  9.63043e-01
1.0955955e+00  9.60658e-01
1.0956111e+00  9.55563e-01
1.0956266e+00  9.56614e-01
1.0956422e+00  9.58365e-01
1.0956578e+00  9.55906e-01
1.0956733e+00  9.52712e-01
1.0956889e+00  9.49186e-01
1.0957045e+00  9.47725e-01
1.0957200e+00  9.48311e-01
1.0957356e+00  9.42641e-01
1.0957513e+00  9.32481e-01
1.0957668e+00  9.16201e-01
1.0957824e+00  9.09997e-01
1.0957980e+00  8.99470e-01
1.0958136e+00  8.97470e-01
1.0958291e+00  9.16947e-01
1.0958447e+00  9.30402e-01
1.0958603e+00  9.37998e-01
1.0958758e+00  9.31913e-01
1.0958915e+00  9.36549e-01
1.0959071e+00  9.36387e-01
1.0959226e+00  9.38084e-01
1.0959382e+00  9.33683e-01
1.0959538e+00  9.15480e-01
1.0959694e+00  9.23213e-01
1.0959849e+00  9.37045e-01
1.0960005e+00  9.49733e-01
1.0960161e+00  9.53624e-01
1.0960316e+00  9.48961e-01
1.0960473e+00  9.28486e-01
1.0960629e+00  9.37339e-01
1.0960784e+00  9.57977e-01
1.0960940e+00  9.53144e-01
1.0961096e+00  9.51011e-01
1.0961251e+00  9.46298e-01
1.0961407e+00  9.44034e-01
