#Normalization-constant  5.11493e+02
#lambda         flux
1.0963828e+00  1.05537e+00
1.0963986e+00  1.08589e+00
1.0964144e+00  1.12547e+00
1.0964302e+00  1.14212e+00
1.0964459e+00  1.17746e+00
1.0964616e+00  1.09781e+00
1.0964774e+00  1.03910e+00
1.0964932e+00  1.06473e+00
1.0965090e+00  1.09875e+00
1.0965247e+00  1.07337e+00
1.0965404e+00  1.05177e+00
1.0965562e+00  1.03437e+00
1.0965720e+00  1.03861e+00
1.0965877e+00  1.01214e+00
1.0966035e+00  1.11315e+00
1.0966192e+00  1.06051e+00
1.0966350e+00  9.93316e-01
1.0966508e+00  9.75719e-01
1.0966665e+00  1.04006e+00
1.0966823e+00  1.05545e+00
1.0966980e+00  9.36405e-01
1.0967138e+00  9.73444e-01
1.0967296e+00  9.63424e-01
1.0967453e+00  1.06050e+00
1.0967611e+00  1.02008e+00
1.0967768e+00  1.02019e+00
1.0967926e+00  9.83098e-01
1.0968085e+00  9.31685e-01
1.0968242e+00  9.35623e-01
1.0968400e+00  9.65527e-01
1.0968557e+00  1.02376e+00
1.0968714e+00  9.75784e-01
1.0968873e+00  9.86380e-01
1.0969030e+00  1.05747e+00
1.0969188e+00  9.67969e-01
1.0969345e+00  9.69344e-01
1.0969502e+00  9.72792e-01
1.0969661e+00  1.06255e+00
1.0969818e+00  1.04345e+00
1.0969976e+00  1.00780e+00
1.0970133e+00  1.03057e+00
1.0970290e+00  9.52143e-01
1.0970449e+00  1.05313e+00
1.0970606e+00  1.04228e+00
1.0970764e+00  1.02696e+00
1.0970921e+00  1.02840e+00
1.0971080e+00  1.01435e+00
1.0971237e+00  1.03111e+00
1.0971394e+00  1.06467e+00
1.0971552e+00  1.05894e+00
1.0971709e+00  1.09057e+00
1.0971868e+00  1.00737e+00
1.0972025e+00  1.05044e+00
1.0972182e+00  1.01288e+00
1.0972340e+00  1.01133e+00
1.0972497e+00  1.02410e+00
1.0972656e+00  1.04976e+00
1.0972813e+00  9.78034e-01
1.0972970e+00  1.04843e+00
1.0973128e+00  9.73912e-01
1.0973285e+00  9.71701e-01
1.0973444e+00  1.04121e+00
1.0973601e+00  1.01307e+00
1.0973758e+00  1.04772e+00
1.0973916e+00  1.07502e+00
1.0974073e+00  9.94220e-01
1.0974231e+00  9.53782e-01
1.0974389e+00  1.03617e+00
1.0974546e+00  1.07307e+00
1.0974704e+00  1.01871e+00
1.0974861e+00  1.01253e+00
1.0975019e+00  1.05136e+00
1.0975177e+00  1.04832e+00
1.0975334e+00  1.03052e+00
1.0975492e+00  1.04461e+00
1.0975649e+00  1.08386e+00
1.0975807e+00  1.07470e+00
1.0975965e+00  1.01860e+00
1.0976122e+00  1.00776e+00
1.0976279e+00  1.06599e+00
1.0976437e+00  1.01973e+00
1.0976595e+00  9.93419e-01
1.0976753e+00  9.93627e-01
1.0976910e+00  1.06110e+00
1.0977067e+00  1.04433e+00
1.0977225e+00  1.05525e+00
1.0977383e+00  1.05823e+00
1.0977541e+00  1.04876e+00
1.0977698e+00  1.03463e+00
1.0977855e+00  9.62637e-01
1.0978014e+00  1.08131e+00
1.0978171e+00  1.07326e+00
1.0978329e+00  1.07025e+00
1.0978486e+00  1.00059e+00
1.0978643e+00  9.94307e-01
1.0978802e+00  1.03383e+00
1.0978959e+00  1.03464e+00
1.0979117e+00  1.05855e+00
1.0979274e+00  9.74628e-01
1.0979431e+00  9.70403e-01
1.0979590e+00  1.01195e+00
1.0979747e+00  1.01311e+00
1.0979905e+00  9.95113e-01
1.0980062e+00  1.01349e+00
1.0980219e+00  1.01723e+00
1.0980378e+00  1.01666e+00
1.0980535e+00  1.04023e+00
1.0980693e+00  9.95820e-01
1.0980850e+00  9.39523e-01
1.0981007e+00  1.01586e+00
1.0981166e+00  1.03268e+00
1.0981323e+00  1.05601e+00
1.0981481e+00  1.01777e+00
1.0981638e+00  9.85406e-01
1.0981795e+00  1.04240e+00
1.0981954e+00  9.89291e-01
1.0982111e+00  9.77590e-01
1.0982269e+00  9.41287e-01
1.0982426e+00  9.84368e-01
1.0982583e+00  1.01477e+00
1.0982742e+00  1.05170e+00
1.0982899e+00  1.01850e+00
1.0983057e+00  1.01294e+00
1.0983214e+00  1.01286e+00
1.0983371e+00  1.03504e+00
1.0983530e+00  1.02119e+00
1.0983687e+00  1.04866e+00
1.0983845e+00  9.78507e-01
1.0984002e+00  9.81259e-01
1.0984159e+00  9.83432e-01
1.0984318e+00  9.64704e-01
1.0984475e+00  9.78293e-01
1.0984632e+00  1.02253e+00
1.0984790e+00  9.83499e-01
1.0984948e+00  1.02469e+00
1.0985106e+00  1.00875e+00
1.0985263e+00  1.02251e+00
1.0985420e+00  1.04349e+00
1.0985578e+00  9.92956e-01
1.0985736e+00  9.77826e-01
1.0985894e+00  1.02873e+00
1.0986051e+00  1.02576e+00
1.0986208e+00  1.03369e+00
1.0986366e+00  1.01724e+00
1.0986524e+00  1.05353e+00
1.0986682e+00  1.05261e+00
1.0986839e+00  1.08391e+00
1.0986996e+00  1.01885e+00
1.0987154e+00  1.01567e+00
1.0987312e+00  9.70623e-01
1.0987470e+00  1.03706e+00
1.0987627e+00  1.02252e+00
1.0987784e+00  1.02190e+00
1.0987942e+00  1.02624e+00
1.0988100e+00  1.03294e+00
1.0988258e+00  1.03966e+00
1.0988415e+00  1.03880e+00
1.0988573e+00  1.08234e+00
1.0988731e+00  1.02610e+00
1.0988889e+00  1.07748e+00
1.0989047e+00  1.08047e+00
1.0989204e+00  1.01211e+00
1.0989361e+00  1.07943e+00
1.0989519e+00  1.03144e+00
1.0989677e+00  1.04837e+00
1.0989835e+00  1.03906e+00
1.0989992e+00  9.91471e-01
1.0990149e+00  9.97034e-01
1.0990307e+00  1.02812e+00
1.0990465e+00  1.01042e+00
1.0990623e+00  1.04566e+00
1.0990780e+00  1.01613e+00
1.0990937e+00  1.01059e+00
1.0991095e+00  1.00786e+00
1.0991253e+00  1.00968e+00
1.0991411e+00  1.06270e+00
1.0991568e+00  1.05410e+00
1.0991725e+00  1.01860e+00
1.0991883e+00  9.99148e-01
1.0992041e+00  9.89082e-01
1.0992199e+00  9.94988e-01
1.0992356e+00  1.03246e+00
1.0992513e+00  1.03323e+00
1.0992672e+00  1.05581e+00
1.0992829e+00  1.05927e+00
1.0992986e+00  1.04104e+00
1.0993144e+00  1.05142e+00
1.0993301e+00  1.01561e+00
1.0993460e+00  1.10527e+00
1.0993617e+00  1.05937e+00
1.0993774e+00  1.06115e+00
1.0993932e+00  1.07907e+00
1.0994089e+00  1.05959e+00
1.0994248e+00  1.07406e+00
1.0994405e+00  1.03282e+00
1.0994562e+00  9.97812e-01
1.0994720e+00  1.05820e+00
1.0994877e+00  1.02805e+00
1.0995036e+00  1.03062e+00
1.0995193e+00  9.90897e-01
1.0995350e+00  9.68846e-01
1.0995508e+00  9.94534e-01
1.0995665e+00  1.00669e+00
1.0995824e+00  1.03578e+00
1.0995981e+00  1.00327e+00
1.0996138e+00  1.03317e+00
1.0996296e+00  1.05923e+00
1.0996453e+00  1.03876e+00
1.0996612e+00  1.03818e+00
1.0996769e+00  1.02074e+00
1.0996926e+00  1.02815e+00
1.0997084e+00  1.01661e+00
1.0997241e+00  1.01169e+00
1.0997400e+00  1.05690e+00
1.0997557e+00  1.02477e+00
1.0997714e+00  1.02299e+00
1.0997872e+00  1.01700e+00
1.0998029e+00  1.04688e+00
1.0998188e+00  1.01561e+00
1.0998345e+00  9.93961e-01
1.0998502e+00  1.01993e+00
1.0998660e+00  1.00664e+00
1.0998817e+00  1.00761e+00
1.0998976e+00  1.01440e+00
1.0999133e+00  9.97511e-01
1.0999290e+00  9.83548e-01
1.0999448e+00  1.00635e+00
1.0999606e+00  1.00725e+00
1.0999764e+00  9.98773e-01
1.0999921e+00  9.84980e-01
1.1000078e+00  9.94771e-01
1.1000236e+00  9.69447e-01
1.1000394e+00  9.98454e-01
1.1000552e+00  1.03306e+00
1.1000709e+00  1.04717e+00
1.1000866e+00  1.05741e+00
1.1001024e+00  1.00817e+00
1.1001182e+00  9.89531e-01
1.1001339e+00  1.00903e+00
1.1001497e+00  1.01021e+00
1.1001654e+00  9.83998e-01
1.1001812e+00  1.02497e+00
1.1001970e+00  9.99861e-01
1.1002127e+00  1.04743e+00
1.1002285e+00  9.78158e-01
1.1002442e+00  1.03686e+00
1.1002600e+00  1.00684e+00
1.1002758e+00  9.70322e-01
1.1002915e+00  1.02353e+00
1.1003073e+00  1.02101e+00
1.1003230e+00  9.57861e-01
1.1003387e+00  1.00050e+00
1.1003546e+00  1.04729e+00
1.1003703e+00  1.04110e+00
1.1003861e+00  1.02015e+00
1.1004018e+00  1.03658e+00
1.1004175e+00  1.03690e+00
1.1004334e+00  1.02236e+00
1.1004491e+00  9.92776e-01
1.1004649e+00  1.02983e+00
1.1004806e+00  1.04623e+00
1.1004963e+00  1.00002e+00
1.1005122e+00  1.03458e+00
1.1005279e+00  1.01986e+00
1.1005437e+00  1.00762e+00
1.1005594e+00  9.86274e-01
1.1005751e+00  9.90914e-01
1.1005910e+00  1.03907e+00
1.1006067e+00  1.01466e+00
1.1006225e+00  1.01744e+00
1.1006382e+00  1.03915e+00
1.1006541e+00  1.00440e+00
1.1006698e+00  1.01368e+00
1.1006855e+00  1.00305e+00
1.1007013e+00  9.96490e-01
1.1007170e+00  1.02811e+00
1.1007329e+00  1.03551e+00
1.1007486e+00  9.99282e-01
1.1007643e+00  9.85514e-01
1.1007801e+00  9.54002e-01
1.1007958e+00  9.81104e-01
1.1008117e+00  1.02534e+00
1.1008274e+00  1.02911e+00
1.1008431e+00  1.02513e+00
1.1008589e+00  1.01276e+00
1.1008746e+00  1.00999e+00
1.1008904e+00  1.04019e+00
1.1009062e+00  1.01465e+00
1.1009219e+00  1.03871e+00
1.1009378e+00  1.03233e+00
1.1009535e+00  1.05390e+00
1.1009693e+00  1.03017e+00
1.1009851e+00  1.01453e+00
1.1010008e+00  1.01860e+00
1.1010166e+00  1.03124e+00
1.1010323e+00  9.88776e-01
1.1010481e+00  9.74628e-01
1.1010639e+00  9.93765e-01
1.1010796e+00  9.90681e-01
1.1010954e+00  9.97937e-01
1.1011111e+00  1.01027e+00
1.1011269e+00  9.64287e-01
1.1011427e+00  1.01964e+00
1.1011584e+00  1.06329e+00
1.1011741e+00  1.02865e+00
1.1011899e+00  1.02608e+00
1.1012057e+00  1.00207e+00
1.1012215e+00  9.82163e-01
1.1012372e+00  1.05233e+00
1.1012529e+00  1.02803e+00
1.1012687e+00  1.06351e+00
1.1012845e+00  1.01568e+00
1.1013003e+00  1.04639e+00
1.1013160e+00  1.00787e+00
1.1013317e+00  1.06600e+00
1.1013476e+00  1.03657e+00
1.1013633e+00  1.02198e+00
1.1013791e+00  9.98230e-01
1.1013948e+00  1.02452e+00
1.1014105e+00  1.04560e+00
1.1014264e+00  1.01918e+00
1.1014421e+00  9.62198e-01
1.1014579e+00  1.02087e+00
1.1014736e+00  1.04913e+00
1.1014893e+00  1.00774e+00
1.1015052e+00  9.92797e-01
1.1015209e+00  1.00054e+00
1.1015367e+00  1.07327e+00
1.1015524e+00  1.06047e+00
1.1015681e+00  1.05002e+00
1.1015840e+00  1.00362e+00
1.1015997e+00  1.02946e+00
1.1016155e+00  1.02113e+00
1.1016312e+00  1.01585e+00
1.1016469e+00  1.01400e+00
1.1016628e+00  1.01983e+00
1.1016785e+00  1.04463e+00
1.1016943e+00  1.04883e+00
1.1017100e+00  1.06093e+00
1.1017257e+00  1.05891e+00
1.1017416e+00  1.03605e+00
1.1017573e+00  1.00623e+00
1.1017731e+00  1.00660e+00
1.1017888e+00  1.00012e+00
1.1018045e+00  9.77708e-01
1.1018204e+00  9.85579e-01
1.1018361e+00  9.71041e-01
1.1018519e+00  9.83508e-01
1.1018676e+00  9.66157e-01
1.1018833e+00  9.65060e-01
1.1018992e+00  9.52152e-01
1.1019149e+00  9.94539e-01
1.1019307e+00  9.82727e-01
1.1019464e+00  9.49603e-01
1.1019621e+00  9.67149e-01
1.1019780e+00  9.71429e-01
1.1019937e+00  9.63272e-01
1.1020094e+00  9.65684e-01
1.1020252e+00  9.77594e-01
1.1020410e+00  9.72280e-01
1.1020568e+00  9.82798e-01
1.1020725e+00  9.95317e-01
1.1020882e+00  1.01042e+00
1.1021040e+00  1.01244e+00
1.1021198e+00  9.86427e-01
1.1021356e+00  9.78828e-01
1.1021513e+00  9.87576e-01
1.1021670e+00  1.03024e+00
1.1021828e+00  1.01705e+00
1.1021986e+00  1.02002e+00
1.1022144e+00  1.03706e+00
1.1022301e+00  1.00695e+00
1.1022458e+00  1.01410e+00
1.1022616e+00  1.01532e+00
1.1022774e+00  1.02261e+00
1.1022932e+00  1.02462e+00
1.1023089e+00  9.54228e-01
1.1023246e+00  9.67187e-01
1.1023404e+00  9.95524e-01
1.1023562e+00  9.90734e-01
1.1023720e+00  9.83876e-01
1.1023877e+00  1.00162e+00
1.1024034e+00  1.03923e+00
1.1024192e+00  1.02208e+00
1.1024350e+00  1.02464e+00
1.1024508e+00  1.00011e+00
1.1024665e+00  1.03985e+00
1.1024822e+00  1.02848e+00
1.1024980e+00  1.02482e+00
1.1025138e+00  1.04253e+00
1.1025296e+00  1.01685e+00
1.1025453e+00  1.03107e+00
1.1025610e+00  1.01587e+00
1.1025768e+00  1.00767e+00
1.1025926e+00  1.04837e+00
1.1026084e+00  1.03220e+00
1.1026241e+00  1.00685e+00
1.1026398e+00  9.99985e-01
1.1026556e+00  1.03631e+00
1.1026714e+00  1.02660e+00
1.1026872e+00  1.03096e+00
1.1027029e+00  1.04121e+00
1.1027186e+00  1.06026e+00
1.1027345e+00  1.02838e+00
1.1027502e+00  1.03453e+00
1.1027660e+00  1.04360e+00
1.1027817e+00  1.05514e+00
1.1027974e+00  1.03264e+00
1.1028133e+00  1.01424e+00
1.1028290e+00  9.79853e-01
1.1028447e+00  1.02910e+00
1.1028605e+00  1.07270e+00
1.1028762e+00  1.04726e+00
1.1028921e+00  1.02948e+00
1.1029078e+00  1.03928e+00
1.1029235e+00  1.05277e+00
1.1029393e+00  1.05396e+00
1.1029550e+00  9.98926e-01
1.1029709e+00  1.01340e+00
1.1029866e+00  1.02761e+00
1.1030024e+00  1.01705e+00
1.1030182e+00  1.03909e+00
1.1030339e+00  1.01036e+00
1.1030498e+00  1.00496e+00
1.1030655e+00  1.01627e+00
1.1030812e+00  9.81290e-01
1.1030970e+00  9.62133e-01
1.1031127e+00  1.00105e+00
1.1031286e+00  9.78702e-01
1.1031443e+00  1.01264e+00
1.1031600e+00  9.99052e-01
1.1031758e+00  9.98861e-01
1.1031915e+00  1.02000e+00
1.1032074e+00  1.04711e+00
1.1032231e+00  1.05192e+00
1.1032388e+00  1.05683e+00
1.1032546e+00  1.00959e+00
1.1032703e+00  9.97767e-01
1.1032862e+00  1.01138e+00
1.1033019e+00  1.00110e+00
1.1033176e+00  9.74251e-01
1.1033334e+00  9.50978e-01
1.1033491e+00  9.46036e-01
1.1033650e+00  9.63705e-01
1.1033807e+00  9.94199e-01
1.1033964e+00  9.86101e-01
1.1034122e+00  9.69614e-01
1.1034280e+00  9.93715e-01
1.1034438e+00  9.43485e-01
1.1034595e+00  9.55795e-01
1.1034752e+00  9.53901e-01
1.1034910e+00  9.63247e-01
1.1035068e+00  9.25300e-01
1.1035226e+00  9.60337e-01
1.1035383e+00  9.76138e-01
1.1035540e+00  9.64386e-01
1.1035698e+00  9.62858e-01
1.1035856e+00  9.63470e-01
1.1036013e+00  9.76259e-01
1.1036171e+00  9.74487e-01
1.1036328e+00  9.76854e-01
1.1036486e+00  9.68763e-01
1.1036644e+00  9.73734e-01
1.1036801e+00  9.83825e-01
1.1036959e+00  9.98987e-01
1.1037116e+00  9.81267e-01
1.1037274e+00  9.69453e-01
1.1037432e+00  9.84822e-01
1.1037589e+00  9.70089e-01
1.1037747e+00  9.69523e-01
1.1037904e+00  9.81704e-01
1.1038062e+00  1.00740e+00
1.1038220e+00  9.46219e-01
1.1038377e+00  9.71023e-01
1.1038535e+00  9.78762e-01
1.1038692e+00  9.55168e-01
1.1038849e+00  9.37972e-01
1.1039008e+00  9.67942e-01
1.1039165e+00  9.35880e-01
1.1039323e+00  9.50257e-01
1.1039480e+00  9.41966e-01
1.1039637e+00  9.76850e-01
1.1039796e+00  9.42681e-01
1.1039953e+00  9.79472e-01
1.1040111e+00  9.79872e-01
1.1040268e+00  9.83939e-01
1.1040425e+00  9.87162e-01
1.1040584e+00  1.01090e+00
1.1040741e+00  9.69554e-01
1.1040899e+00  9.80741e-01
1.1041056e+00  1.01649e+00
1.1041213e+00  9.80899e-01
1.1041372e+00  1.00606e+00
1.1041529e+00  9.84353e-01
1.1041687e+00  9.86507e-01
1.1041844e+00  9.40733e-01
1.1042003e+00  9.61216e-01
1.1042160e+00  9.49762e-01
1.1042317e+00  9.47530e-01
1.1042475e+00  9.42459e-01
1.1042632e+00  9.97011e-01
1.1042791e+00  9.65135e-01
1.1042948e+00  9.72676e-01
1.1043105e+00  9.69015e-01
1.1043263e+00  9.87417e-01
1.1043420e+00  9.86301e-01
1.1043579e+00  9.93239e-01
1.1043736e+00  1.01028e+00
1.1043893e+00  9.68392e-01
1.1044051e+00  9.57730e-01
1.1044208e+00  9.70594e-01
1.1044366e+00  9.95472e-01
1.1044524e+00  9.77333e-01
1.1044681e+00  9.73027e-01
1.1044839e+00  1.00465e+00
1.1044996e+00  9.95310e-01
1.1045154e+00  1.02327e+00
1.1045312e+00  1.00606e+00
1.1045469e+00  1.00929e+00
1.1045627e+00  9.97075e-01
1.1045784e+00  9.98404e-01
1.1045942e+00  1.00106e+00
1.1046100e+00  9.80487e-01
1.1046257e+00  9.65261e-01
1.1046415e+00  9.90592e-01
1.1046572e+00  9.94926e-01
1.1046730e+00  9.56769e-01
1.1046888e+00  1.00049e+00
1.1047045e+00  9.92036e-01
1.1047202e+00  9.88664e-01
1.1047360e+00  9.75990e-01
1.1047518e+00  9.68130e-01
1.1047676e+00  9.93787e-01
1.1047833e+00  1.00181e+00
1.1047990e+00  9.91057e-01
1.1048148e+00  9.73749e-01
1.1048306e+00  9.86702e-01
1.1048464e+00  1.00151e+00
1.1048621e+00  9.77042e-01
1.1048778e+00  9.91427e-01
1.1048937e+00  9.90562e-01
1.1049094e+00  9.49447e-01
1.1049252e+00  9.76962e-01
1.1049409e+00  9.85992e-01
1.1049566e+00  9.94689e-01
1.1049725e+00  9.87495e-01
1.1049882e+00  1.01147e+00
1.1050040e+00  1.02813e+00
1.1050197e+00  1.01258e+00
1.1050354e+00  9.92731e-01
1.1050513e+00  1.00581e+00
1.1050670e+00  9.90010e-01
1.1050829e+00  1.00926e+00
1.1050986e+00  9.93979e-01
1.1051143e+00  1.01237e+00
1.1051302e+00  1.00547e+00
1.1051459e+00  1.01070e+00
1.1051617e+00  1.02544e+00
1.1051774e+00  1.00207e+00
1.1051931e+00  1.00030e+00
1.1052090e+00  9.92917e-01
1.1052247e+00  9.63633e-01
1.1052405e+00  9.75166e-01
1.1052562e+00  9.73789e-01
1.1052719e+00  9.88040e-01
1.1052878e+00  9.78391e-01
1.1053035e+00  9.98909e-01
1.1053193e+00  9.79823e-01
1.1053350e+00  9.70451e-01
1.1053507e+00  9.78327e-01
1.1053666e+00  9.89042e-01
1.1053823e+00  9.67806e-01
1.1053981e+00  9.63195e-01
1.1054138e+00  9.73551e-01
1.1054295e+00  9.89728e-01
1.1054454e+00  9.91671e-01
1.1054611e+00  9.85539e-01
1.1054769e+00  9.91087e-01
1.1054926e+00  1.01259e+00
1.1055083e+00  1.00860e+00
1.1055242e+00  9.83465e-01
1.1055399e+00  9.63623e-01
1.1055556e+00  9.29333e-01
1.1055714e+00  9.32424e-01
1.1055872e+00  9.50451e-01
1.1056030e+00  9.64348e-01
1.1056187e+00  9.68524e-01
1.1056344e+00  9.65136e-01
1.1056502e+00  9.58129e-01
1.1056660e+00  9.61286e-01
1.1056818e+00  9.76094e-01
1.1056975e+00  9.73497e-01
1.1057132e+00  9.65774e-01
1.1057290e+00  9.56364e-01
1.1057448e+00  9.55076e-01
1.1057606e+00  9.80752e-01
1.1057763e+00  9.88670e-01
1.1057920e+00  1.00000e+00
1.1058078e+00  9.92066e-01
1.1058236e+00  9.67470e-01
1.1058394e+00  9.59225e-01
1.1058551e+00  9.64654e-01
1.1058708e+00  9.77267e-01
1.1058866e+00  9.66173e-01
1.1059024e+00  9.78715e-01
1.1059182e+00  9.55832e-01
1.1059339e+00  9.71443e-01
1.1059496e+00  9.87481e-01
1.1059654e+00  9.92693e-01
1.1059812e+00  1.00231e+00
1.1059970e+00  9.77865e-01
1.1060127e+00  9.73213e-01
1.1060284e+00  9.49904e-01
1.1060442e+00  9.25393e-01
1.1060600e+00  9.69647e-01
1.1060758e+00  9.60327e-01
1.1060915e+00  9.61090e-01
1.1061072e+00  1.00477e+00
1.1061230e+00  9.79963e-01
1.1061388e+00  9.82255e-01
1.1061546e+00  9.93214e-01
1.1061703e+00  1.00535e+00
1.1061860e+00  1.00798e+00
1.1062018e+00  9.74666e-01
1.1062176e+00  9.55787e-01
1.1062334e+00  9.97655e-01
1.1062491e+00  9.72203e-01
1.1062648e+00  9.85523e-01
1.1062807e+00  9.77838e-01
1.1062964e+00  9.83416e-01
1.1063121e+00  9.78994e-01
1.1063279e+00  9.71082e-01
1.1063436e+00  9.75187e-01
1.1063595e+00  9.62435e-01
1.1063752e+00  9.88955e-01
1.1063909e+00  9.94314e-01
1.1064067e+00  1.00558e+00
1.1064224e+00  9.89900e-01
1.1064383e+00  9.48629e-01
1.1064540e+00  9.53082e-01
1.1064697e+00  9.65100e-01
1.1064855e+00  9.74294e-01
1.1065012e+00  9.68737e-01
1.1065171e+00  9.76691e-01
1.1065328e+00  9.67060e-01
1.1065485e+00  9.73545e-01
1.1065643e+00  9.83290e-01
1.1065800e+00  1.00462e+00
1.1065959e+00  1.00044e+00
1.1066116e+00  1.01403e+00
1.1066273e+00  9.99282e-01
1.1066431e+00  1.00754e+00
1.1066588e+00  9.90885e-01
1.1066747e+00  9.80125e-01
1.1066904e+00  9.89255e-01
1.1067061e+00  9.88036e-01
1.1067219e+00  9.84747e-01
1.1067376e+00  9.78777e-01
1.1067535e+00  9.98165e-01
1.1067692e+00  1.00188e+00
1.1067849e+00  1.01043e+00
1.1068007e+00  9.93903e-01
1.1068164e+00  9.86711e-01
1.1068323e+00  9.92746e-01
1.1068480e+00  9.99522e-01
1.1068637e+00  1.00859e+00
1.1068795e+00  9.93048e-01
1.1068952e+00  9.54061e-01
1.1069111e+00  9.70683e-01
1.1069268e+00  9.73455e-01
1.1069425e+00  9.54228e-01
1.1069583e+00  9.46462e-01
1.1069741e+00  9.46204e-01
1.1069899e+00  9.51257e-01
1.1070056e+00  9.61128e-01
1.1070213e+00  9.52857e-01
1.1070371e+00  9.93809e-01
1.1070529e+00  9.80501e-01
1.1070687e+00  9.60365e-01
1.1070844e+00  9.60901e-01
1.1071001e+00  9.99705e-01
1.1071159e+00  1.00420e+00
1.1071317e+00  9.84769e-01
1.1071475e+00  9.97323e-01
1.1071633e+00  9.55068e-01
1.1071790e+00  9.78638e-01
1.1071948e+00  9.77412e-01
1.1072106e+00  9.46324e-01
1.1072263e+00  9.82578e-01
1.1072421e+00  9.61271e-01
1.1072578e+00  9.59948e-01
1.1072736e+00  9.47681e-01
1.1072894e+00  9.67066e-01
1.1073051e+00  9.60039e-01
1.1073209e+00  9.37710e-01
1.1073366e+00  9.63352e-01
1.1073524e+00  9.81653e-01
1.1073682e+00  1.01848e+00
1.1073839e+00  1.00862e+00
1.1073997e+00  9.84722e-01
1.1074154e+00  9.79530e-01
1.1074311e+00  9.70852e-01
1.1074470e+00  1.00817e+00
1.1074627e+00  9.90098e-01
1.1074785e+00  9.82904e-01
1.1074942e+00  9.99595e-01
1.1075099e+00  9.90200e-01
1.1075258e+00  1.00272e+00
1.1075415e+00  9.88582e-01
1.1075573e+00  1.00692e+00
1.1075730e+00  1.06391e+00
1.1075887e+00  1.04843e+00
1.1076046e+00  1.03457e+00
1.1076203e+00  1.02037e+00
1.1076361e+00  1.01534e+00
1.1076518e+00  1.00909e+00
1.1076675e+00  9.87279e-01
1.1076834e+00  1.01240e+00
1.1076991e+00  1.03090e+00
1.1077149e+00  1.03359e+00
1.1077306e+00  1.02786e+00
1.1077465e+00  1.00982e+00
1.1077622e+00  9.96879e-01
1.1077779e+00  1.02039e+00
1.1077937e+00  1.03586e+00
1.1078094e+00  1.01875e+00
1.1078253e+00  9.98702e-01
1.1078410e+00  9.84750e-01
1.1078567e+00  9.97606e-01
1.1078725e+00  9.95567e-01
1.1078882e+00  9.67789e-01
1.1079041e+00  9.79021e-01
1.1079198e+00  9.66040e-01
1.1079355e+00  9.46498e-01
1.1079513e+00  9.41338e-01
1.1079670e+00  9.54564e-01
1.1079828e+00  9.83209e-01
1.1079986e+00  9.54329e-01
1.1080143e+00  9.55092e-01
1.1080301e+00  9.60390e-01
1.1080458e+00  9.65244e-01
1.1080616e+00  9.21705e-01
1.1080774e+00  9.27725e-01
1.1080931e+00  9.68949e-01
1.1081089e+00  9.80925e-01
1.1081246e+00  9.20389e-01
1.1081404e+00  9.35275e-01
1.1081562e+00  9.64873e-01
1.1081719e+00  9.33743e-01
1.1081877e+00  9.44390e-01
1.1082034e+00  9.50084e-01
1.1082192e+00  9.89684e-01
1.1082350e+00  9.97827e-01
1.1082507e+00  9.67488e-01
1.1082664e+00  9.46369e-01
1.1082822e+00  9.79003e-01
1.1082980e+00  1.01282e+00
1.1083138e+00  9.74839e-01
1.1083295e+00  9.52856e-01
1.1083452e+00  9.78959e-01
1.1083611e+00  9.93686e-01
1.1083768e+00  9.72271e-01
1.1083926e+00  9.84144e-01
1.1084083e+00  9.97506e-01
1.1084240e+00  1.00732e+00
1.1084399e+00  1.01653e+00
1.1084556e+00  1.02569e+00
1.1084714e+00  1.02736e+00
1.1084871e+00  1.00465e+00
1.1085028e+00  1.02750e+00
1.1085187e+00  1.05207e+00
1.1085344e+00  1.03569e+00
1.1085502e+00  1.01766e+00
1.1085659e+00  1.04567e+00
1.1085816e+00  1.02284e+00
1.1085975e+00  9.87647e-01
1.1086132e+00  9.91117e-01
1.1086290e+00  1.00372e+00
1.1086447e+00  1.01952e+00
1.1086604e+00  1.01590e+00
1.1086763e+00  9.99825e-01
1.1086920e+00  1.02407e+00
1.1087078e+00  1.03697e+00
1.1087235e+00  1.04397e+00
1.1087392e+00  1.06743e+00
1.1087551e+00  1.02660e+00
1.1087708e+00  1.03992e+00
1.1087866e+00  1.03050e+00
1.1088023e+00  1.02412e+00
1.1088180e+00  1.01565e+00
1.1088339e+00  9.88776e-01
1.1088496e+00  9.86328e-01
1.1088654e+00  1.01906e+00
1.1088811e+00  1.01257e+00
1.1088968e+00  1.00366e+00
1.1089127e+00  1.01574e+00
1.1089284e+00  1.00881e+00
1.1089442e+00  9.94424e-01
1.1089599e+00  1.00571e+00
1.1089756e+00  1.03400e+00
1.1089915e+00  1.02306e+00
1.1090072e+00  1.01040e+00
1.1090229e+00  9.96825e-01
1.1090387e+00  9.90344e-01
1.1090544e+00  1.00076e+00
1.1090703e+00  9.93526e-01
1.1090860e+00  9.83389e-01
1.1091017e+00  9.85545e-01
1.1091175e+00  9.58856e-01
1.1091333e+00  9.31896e-01
1.1091491e+00  9.33040e-01
1.1091648e+00  9.89227e-01
1.1091805e+00  9.40557e-01
1.1091963e+00  9.73541e-01
1.1092121e+00  9.77318e-01
1.1092280e+00  9.93088e-01
1.1092437e+00  9.60968e-01
1.1092594e+00  9.74589e-01
1.1092752e+00  9.85871e-01
1.1092910e+00  9.67437e-01
1.1093068e+00  9.83190e-01
1.1093225e+00  9.97348e-01
1.1093382e+00  9.89619e-01
1.1093540e+00  9.70010e-01
1.1093698e+00  9.87210e-01
1.1093856e+00  9.93423e-01
1.1094013e+00  9.92816e-01
1.1094170e+00  9.59166e-01
1.1094328e+00  9.71479e-01
1.1094486e+00  1.00968e+00
1.1094644e+00  9.79873e-01
1.1094801e+00  9.79379e-01
1.1094958e+00  9.81326e-01
1.1095116e+00  9.84534e-01
1.1095274e+00  1.00153e+00
1.1095432e+00  1.00258e+00
1.1095589e+00  1.00359e+00
1.1095746e+00  9.94175e-01
1.1095904e+00  9.70216e-01
1.1096062e+00  9.85212e-01
1.1096220e+00  9.92154e-01
1.1096377e+00  9.85034e-01
1.1096534e+00  1.00465e+00
1.1096692e+00  9.98028e-01
1.1096850e+00  1.00280e+00
1.1097008e+00  1.00769e+00
1.1097165e+00  1.01842e+00
1.1097322e+00  9.91105e-01
1.1097480e+00  9.71226e-01
1.1097638e+00  1.02402e+00
1.1097796e+00  1.00043e+00
1.1097953e+00  1.01253e+00
1.1098110e+00  1.02132e+00
1.1098269e+00  9.78957e-01
1.1098426e+00  9.98062e-01
1.1098583e+00  9.92656e-01
1.1098741e+00  1.02214e+00
1.1098898e+00  9.94025e-01
1.1099057e+00  1.01168e+00
1.1099214e+00  1.03600e+00
1.1099371e+00  1.04870e+00
1.1099529e+00  1.01511e+00
1.1099686e+00  1.03067e+00
1.1099845e+00  1.02834e+00
1.1100002e+00  1.03225e+00
1.1100159e+00  1.02657e+00
1.1100317e+00  1.02308e+00
1.1100474e+00  9.99225e-01
1.1100633e+00  1.00273e+00
1.1100790e+00  1.03141e+00
1.1100947e+00  1.03083e+00
1.1101105e+00  1.01200e+00
1.1101262e+00  1.02440e+00
1.1101421e+00  9.99605e-01
1.1101578e+00  9.80622e-01
1.1101735e+00  9.79793e-01
1.1101893e+00  9.72092e-01
1.1102050e+00  9.63588e-01
1.1102209e+00  9.70775e-01
1.1102366e+00  9.97081e-01
1.1102523e+00  9.52823e-01
1.1102681e+00  9.65302e-01
1.1102838e+00  9.97580e-01
1.1102997e+00  9.76489e-01
1.1103154e+00  1.00374e+00
1.1103311e+00  9.97823e-01
1.1103469e+00  1.00176e+00
1.1103626e+00  9.67160e-01
1.1103785e+00  9.96380e-01
1.1103942e+00  9.55534e-01
1.1104099e+00  9.76678e-01
1.1104257e+00  9.86117e-01
1.1104414e+00  9.92213e-01
1.1104573e+00  9.74069e-01
1.1104730e+00  9.77091e-01
1.1104887e+00  9.78845e-01
1.1105045e+00  9.53191e-01
1.1105203e+00  9.74270e-01
1.1105361e+00  1.00913e+00
1.1105518e+00  9.85508e-01
1.1105675e+00  9.91735e-01
1.1105833e+00  9.49674e-01
1.1105991e+00  9.61591e-01
1.1106149e+00  9.64938e-01
1.1106306e+00  9.84284e-01
1.1106463e+00  1.01697e+00
1.1106621e+00  9.69964e-01
1.1106779e+00  9.78544e-01
1.1106936e+00  9.81015e-01
1.1107094e+00  9.48942e-01
1.1107251e+00  9.44151e-01
1.1107409e+00  9.62839e-01
1.1107567e+00  9.87446e-01
1.1107724e+00  1.00113e+00
1.1107882e+00  1.02503e+00
1.1108039e+00  1.00356e+00
1.1108197e+00  9.64628e-01
1.1108355e+00  1.02066e+00
1.1108512e+00  1.04961e+00
1.1108670e+00  1.02209e+00
1.1108827e+00  1.00675e+00
1.1108985e+00  9.68260e-01
1.1109143e+00  9.98061e-01
1.1109300e+00  9.97370e-01
1.1109458e+00  1.01010e+00
1.1109615e+00  1.00112e+00
1.1109772e+00  9.74751e-01
1.1109931e+00  9.69204e-01
1.1110088e+00  9.82670e-01
1.1110246e+00  9.75372e-01
1.1110403e+00  9.94299e-01
1.1110560e+00  1.01769e+00
1.1110719e+00  1.02604e+00
1.1110876e+00  1.02598e+00
1.1111034e+00  1.05526e+00
1.1111191e+00  1.03544e+00
1.1111348e+00  1.00750e+00
1.1111507e+00  9.84594e-01
1.1111664e+00  9.82794e-01
1.1111822e+00  9.89493e-01
1.1111979e+00  9.88679e-01
1.1112138e+00  1.01205e+00
1.1112295e+00  9.69926e-01
1.1112452e+00  1.03121e+00
1.1112610e+00  9.97537e-01
1.1112767e+00  1.00673e+00
1.1112927e+00  9.80012e-01
1.1113084e+00  9.89263e-01
1.1113241e+00  9.68555e-01
1.1113399e+00  9.74739e-01
1.1113556e+00  9.77059e-01
1.1113715e+00  9.49732e-01
1.1113872e+00  9.43618e-01
1.1114029e+00  9.62620e-01
1.1114187e+00  9.80145e-01
1.1114344e+00  9.78925e-01
1.1114503e+00  9.83910e-01
1.1114660e+00  1.02406e+00
1.1114817e+00  1.04694e+00
1.1114975e+00  1.03490e+00
1.1115132e+00  1.05114e+00
1.1115290e+00  1.05717e+00
1.1115448e+00  1.03137e+00
1.1115605e+00  1.00470e+00
1.1115763e+00  1.00715e+00
1.1115920e+00  1.00345e+00
1.1116078e+00  1.00494e+00
1.1116236e+00  1.00910e+00
1.1116393e+00  1.00235e+00
1.1116551e+00  1.00827e+00
1.1116708e+00  1.00525e+00
1.1116866e+00  1.01369e+00
1.1117024e+00  9.88011e-01
1.1117181e+00  9.90558e-01
1.1117339e+00  1.00370e+00
1.1117496e+00  9.81734e-01
1.1117654e+00  1.02299e+00
1.1117812e+00  1.01000e+00
1.1117969e+00  1.00527e+00
1.1118126e+00  1.02717e+00
1.1118284e+00  1.03286e+00
1.1118442e+00  1.00559e+00
1.1118600e+00  9.75273e-01
1.1118757e+00  9.58255e-01
1.1118914e+00  9.73760e-01
1.1119073e+00  1.02343e+00
1.1119230e+00  1.00868e+00
1.1119388e+00  1.01071e+00
1.1119545e+00  9.98814e-01
1.1119702e+00  9.73647e-01
1.1119861e+00  9.58847e-01
1.1120018e+00  9.89179e-01
1.1120176e+00  9.75961e-01
1.1120333e+00  9.59766e-01
1.1120490e+00  9.34731e-01
1.1120649e+00  9.62465e-01
1.1120806e+00  1.01535e+00
1.1120964e+00  1.00497e+00
1.1121121e+00  1.00346e+00
1.1121278e+00  1.01846e+00
