Normalization-constant  3.75196e+03
lambda         flux
1.0653880e+00  1.01815e+00
1.0654034e+00  9.91906e-01
1.0654187e+00  9.91805e-01
1.0654341e+00  9.66045e-01
1.0654495e+00  9.59677e-01
1.0654649e+00  9.77889e-01
1.0654803e+00  9.80538e-01
1.0654955e+00  9.83217e-01
1.0655109e+00  9.84258e-01
1.0655263e+00  9.79492e-01
1.0655416e+00  9.66640e-01
1.0655570e+00  9.73812e-01
1.0655724e+00  9.76766e-01
1.0655877e+00  9.72254e-01
1.0656030e+00  9.73717e-01
1.0656184e+00  9.80818e-01
1.0656338e+00  9.66693e-01
1.0656492e+00  9.72148e-01
1.0656645e+00  9.78413e-01
1.0656799e+00  9.94741e-01
1.0656952e+00  9.75430e-01
1.0657106e+00  9.89730e-01
1.0657259e+00  9.90188e-01
1.0657413e+00  9.92192e-01
1.0657567e+00  1.00604e+00
1.0657721e+00  9.85825e-01
1.0657873e+00  9.87626e-01
1.0658027e+00  9.97068e-01
1.0658181e+00  9.91996e-01
1.0658335e+00  9.94594e-01
1.0658488e+00  9.86403e-01
1.0658642e+00  1.00811e+00
1.0658796e+00  1.00130e+00
1.0658949e+00  9.74188e-01
1.0659102e+00  9.82604e-01
1.0659256e+00  9.83387e-01
1.0659410e+00  9.77119e-01
1.0659564e+00  9.78595e-01
1.0659718e+00  9.68823e-01
1.0659871e+00  9.72794e-01
1.0660024e+00  9.73345e-01
1.0660178e+00  9.53717e-01
1.0660331e+00  9.50830e-01
1.0660485e+00  9.38172e-01
1.0660639e+00  9.43315e-01
1.0660793e+00  9.41234e-01
1.0660945e+00  9.36006e-01
1.0661099e+00  9.33910e-01
1.0661253e+00  9.41892e-01
1.0661407e+00  9.38628e-01
1.0661560e+00  9.38479e-01
1.0661714e+00  9.32387e-01
1.0661868e+00  9.17484e-01
1.0662021e+00  9.19620e-01
1.0662174e+00  9.19895e-01
1.0662328e+00  9.02272e-01
1.0662482e+00  9.11077e-01
1.0662636e+00  9.10683e-01
1.0662790e+00  9.08447e-01
1.0662943e+00  9.17746e-01
1.0663096e+00  8.96052e-01
1.0663250e+00  9.05920e-01
1.0663403e+00  9.07730e-01
1.0663557e+00  9.11802e-01
1.0663711e+00  9.02657e-01
1.0663865e+00  8.85943e-01
1.0664017e+00  8.91181e-01
1.0664171e+00  9.10136e-01
1.0664325e+00  8.96195e-01
1.0664479e+00  8.89427e-01
1.0664633e+00  8.96990e-01
1.0664786e+00  9.01384e-01
1.0664940e+00  9.07867e-01
1.0665093e+00  8.92009e-01
1.0665246e+00  9.00172e-01
1.0665400e+00  9.10940e-01
1.0665554e+00  8.76516e-01
1.0665708e+00  8.86185e-01
1.0665862e+00  8.96591e-01
1.0666014e+00  9.23136e-01
1.0666168e+00  9.22964e-01
1.0666322e+00  9.22494e-01
1.0666475e+00  8.69578e-01
1.0666629e+00  9.34414e-01
1.0666783e+00  9.44676e-01
1.0666937e+00  9.54974e-01
1.0667089e+00  9.74484e-01
1.0667243e+00  9.53002e-01
1.0667397e+00  9.58369e-01
1.0667551e+00  9.60633e-01
1.0667705e+00  9.63555e-01
1.0667858e+00  9.70780e-01
1.0668012e+00  9.65825e-01
1.0668165e+00  9.78701e-01
1.0668318e+00  9.63558e-01
1.0668472e+00  9.55012e-01
1.0668626e+00  9.67699e-01
1.0668780e+00  9.63129e-01
1.0668934e+00  9.68721e-01
1.0669086e+00  9.71647e-01
1.0669240e+00  9.78196e-01
1.0669394e+00  9.72510e-01
1.0669548e+00  9.77295e-01
1.0669701e+00  9.66680e-01
1.0669855e+00  9.72632e-01
1.0670009e+00  9.62212e-01
1.0670161e+00  9.80203e-01
1.0670315e+00  9.76611e-01
1.0670469e+00  9.69925e-01
1.0670623e+00  9.69414e-01
1.0670777e+00  9.72685e-01
1.0670930e+00  9.76406e-01
1.0671084e+00  9.85431e-01
1.0671237e+00  9.81232e-01
1.0671390e+00  9.70383e-01
1.0671544e+00  9.63836e-01
1.0671698e+00  9.73216e-01
1.0671852e+00  9.53033e-01
1.0672006e+00  9.61794e-01
1.0672158e+00  9.58975e-01
1.0672312e+00  9.54142e-01
1.0672466e+00  1.00287e+00
1.0672620e+00  9.84799e-01
1.0672773e+00  1.06097e+00
1.0672927e+00  1.01035e+00
1.0673081e+00  9.10860e-01
1.0673233e+00  8.53600e-01
1.0673387e+00  9.56756e-01
1.0673541e+00  9.65159e-01
1.0673695e+00  9.68486e-01
1.0673849e+00  9.72893e-01
1.0674002e+00  9.77889e-01
1.0674155e+00  9.75855e-01
1.0674309e+00  9.59640e-01
1.0674463e+00  9.62465e-01
1.0674616e+00  9.70376e-01
1.0674770e+00  9.66775e-01
1.0674924e+00  9.75341e-01
1.0675078e+00  9.67489e-01
1.0675230e+00  9.67175e-01
1.0675384e+00  9.70442e-01
1.0675538e+00  9.85086e-01
1.0675692e+00  9.80120e-01
1.0675845e+00  9.83689e-01
1.0675999e+00  9.84362e-01
1.0676153e+00  9.60214e-01
1.0676305e+00  9.59207e-01
1.0676459e+00  9.70886e-01
1.0676613e+00  9.68753e-01
1.0676767e+00  9.75163e-01
1.0676921e+00  9.70413e-01
1.0677074e+00  9.65919e-01
1.0677227e+00  9.63663e-01
1.0677381e+00  9.58236e-01
1.0677535e+00  9.70852e-01
1.0677688e+00  9.65426e-01
1.0677842e+00  9.68096e-01
1.0677996e+00  9.84254e-01
1.0678150e+00  9.70422e-01
1.0678302e+00  9.72774e-01
1.0678456e+00  9.74270e-01
1.0678610e+00  9.90124e-01
1.0678764e+00  9.93873e-01
1.0678917e+00  9.93186e-01
1.0679071e+00  9.83971e-01
1.0679225e+00  9.63992e-01
1.0679378e+00  9.79314e-01
1.0679531e+00  9.79803e-01
1.0679685e+00  9.75895e-01
1.0679839e+00  9.86868e-01
1.0679993e+00  9.83058e-01
1.0680146e+00  9.78417e-01
1.0680299e+00  9.70889e-01
1.0680453e+00  9.83137e-01
1.0680607e+00  9.84890e-01
1.0680760e+00  9.73873e-01
1.0680914e+00  9.79892e-01
1.0681068e+00  9.73326e-01
1.0681222e+00  9.80676e-01
1.0681374e+00  9.70139e-01
1.0681528e+00  9.66704e-01
1.0681682e+00  9.66990e-01
1.0681836e+00  9.77081e-01
1.0681989e+00  9.92555e-01
1.0682143e+00  1.01997e+00
1.0682296e+00  9.74648e-01
1.0682450e+00  9.60760e-01
1.0682603e+00  9.88623e-01
1.0682757e+00  9.78620e-01
1.0682911e+00  9.67814e-01
1.0683065e+00  9.67798e-01
1.0683218e+00  9.53742e-01
1.0683371e+00  9.48528e-01
1.0683525e+00  9.41617e-01
1.0683679e+00  9.64934e-01
1.0683832e+00  9.61435e-01
1.0683986e+00  9.49993e-01
1.0684140e+00  9.56957e-01
1.0684294e+00  9.48343e-01
1.0684446e+00  9.31032e-01
1.0684600e+00  9.27822e-01
1.0684754e+00  9.30357e-01
1.0684908e+00  9.29693e-01
1.0685061e+00  9.31194e-01
1.0685215e+00  9.38999e-01
1.0685368e+00  9.38545e-01
1.0685522e+00  9.30830e-01
1.0685675e+00  9.21700e-01
1.0685829e+00  9.20999e-01
1.0685983e+00  9.15297e-01
1.0686137e+00  9.09041e-01
1.0686290e+00  9.25769e-01
1.0686443e+00  9.23724e-01
1.0686597e+00  9.23481e-01
1.0686751e+00  9.30053e-01
1.0686904e+00  9.29402e-01
1.0687058e+00  9.42367e-01
1.0687212e+00  9.31289e-01
1.0687366e+00  9.25632e-01
1.0687518e+00  9.28756e-01
1.0687672e+00  9.25387e-01
1.0687826e+00  9.44298e-01
1.0687980e+00  9.25879e-01
1.0688133e+00  9.24679e-01
1.0688287e+00  9.21873e-01
1.0688440e+00  9.20038e-01
1.0688594e+00  9.16845e-01
1.0688747e+00  9.24081e-01
1.0688901e+00  9.39574e-01
1.0689055e+00  9.33882e-01
1.0689209e+00  9.39211e-01
1.0689362e+00  9.42625e-01
1.0689515e+00  9.34384e-01
1.0689669e+00  9.44934e-01
1.0689823e+00  9.35489e-01
1.0689976e+00  9.49558e-01
1.0690130e+00  9.42120e-01
1.0690284e+00  9.37795e-01
1.0690437e+00  9.32268e-01
1.0690590e+00  9.25533e-01
1.0690744e+00  9.27704e-01
1.0690898e+00  9.18328e-01
1.0691052e+00  9.00334e-01
1.0691205e+00  9.29269e-01
1.0691359e+00  9.32842e-01
1.0691512e+00  9.40255e-01
1.0691666e+00  9.25210e-01
1.0691819e+00  9.39862e-01
1.0691973e+00  9.32945e-01
1.0692127e+00  9.31539e-01
1.0692281e+00  9.32601e-01
1.0692434e+00  9.33227e-01
1.0692587e+00  9.32928e-01
1.0692741e+00  9.08704e-01
1.0692895e+00  9.16560e-01
1.0693048e+00  9.17967e-01
1.0693202e+00  9.19629e-01
1.0693356e+00  9.15804e-01
1.0693509e+00  9.14463e-01
1.0693662e+00  9.06506e-01
1.0693816e+00  9.12158e-01
1.0693970e+00  9.07254e-01
1.0694124e+00  9.11823e-01
1.0694277e+00  9.38591e-01
1.0694431e+00  9.37910e-01
1.0694584e+00  9.15660e-01
1.0694738e+00  9.15655e-01
1.0694891e+00  9.18247e-01
1.0695045e+00  9.06591e-01
1.0695199e+00  9.07507e-01
1.0695353e+00  9.10800e-01
1.0695507e+00  9.12365e-01
1.0695659e+00  9.18320e-01
1.0695813e+00  9.13137e-01
1.0695967e+00  9.05606e-01
1.0696120e+00  9.15987e-01
1.0696274e+00  9.28549e-01
1.0696428e+00  9.25591e-01
1.0696581e+00  9.25819e-01
1.0696734e+00  9.22165e-01
1.0696888e+00  9.25933e-01
1.0697042e+00  9.52820e-01
1.0697196e+00  9.65997e-01
1.0697349e+00  9.63414e-01
1.0697503e+00  9.56785e-01
1.0697656e+00  9.60590e-01
1.0697810e+00  9.72068e-01
1.0697963e+00  9.67971e-01
1.0698117e+00  9.72349e-01
1.0698271e+00  9.72035e-01
1.0698425e+00  9.56326e-01
1.0698577e+00  9.63355e-01
1.0698731e+00  9.65309e-01
1.0698885e+00  9.62334e-01
1.0699039e+00  9.55542e-01
1.0699192e+00  9.52341e-01
1.0699346e+00  9.65028e-01
1.0699500e+00  9.60910e-01
1.0699653e+00  9.73935e-01
1.0699806e+00  9.70218e-01
1.0699960e+00  9.80196e-01
1.0700114e+00  9.82417e-01
1.0700268e+00  9.85731e-01
1.0700422e+00  9.94572e-01
1.0700575e+00  9.87729e-01
1.0700728e+00  9.82032e-01
1.0700882e+00  9.52790e-01
1.0701035e+00  9.70291e-01
1.0701189e+00  9.78650e-01
1.0701343e+00  9.97771e-01
1.0701497e+00  9.93431e-01
1.0701649e+00  9.86432e-01
1.0701803e+00  9.86749e-01
1.0701957e+00  9.96611e-01
1.0702111e+00  9.95678e-01
1.0702264e+00  9.94195e-01
1.0702418e+00  1.00287e+00
1.0702572e+00  1.00730e+00
1.0702725e+00  1.00128e+00
1.0702878e+00  9.98681e-01
1.0703032e+00  1.00890e+00
1.0703186e+00  1.03889e+00
1.0703340e+00  1.07605e+00
1.0703494e+00  1.00836e+00
1.0703647e+00  9.78704e-01
1.0703800e+00  9.85945e-01
1.0703954e+00  9.90406e-01
1.0704107e+00  9.95324e-01
1.0704261e+00  1.00169e+00
1.0704415e+00  1.00199e+00
1.0704569e+00  1.00463e+00
1.0704721e+00  1.00586e+00
1.0704875e+00  1.00783e+00
1.0705029e+00  9.98170e-01
1.0705183e+00  9.94079e-01
1.0705337e+00  9.89757e-01
1.0705490e+00  9.91172e-01
1.0705644e+00  9.93237e-01
1.0705797e+00  9.92090e-01
1.0705950e+00  1.00132e+00
1.0706104e+00  9.90893e-01
1.0706258e+00  9.95040e-01
1.0706412e+00  9.91793e-01
1.0706566e+00  9.87745e-01
1.0706718e+00  9.91689e-01
1.0706872e+00  9.74829e-01
1.0707026e+00  1.02737e+00
1.0707179e+00  1.00079e+00
1.0707333e+00  9.83431e-01
1.0707487e+00  9.89835e-01
1.0707641e+00  9.87558e-01
1.0707793e+00  9.86086e-01
1.0707947e+00  9.79592e-01
1.0708101e+00  9.69135e-01
1.0708255e+00  9.84912e-01
1.0708409e+00  9.80641e-01
1.0708562e+00  1.00080e+00
1.0708716e+00  1.00295e+00
1.0708869e+00  9.90222e-01
1.0709022e+00  1.00072e+00
1.0709176e+00  9.97829e-01
1.0709330e+00  9.94511e-01
1.0709484e+00  9.93651e-01
1.0709638e+00  9.86023e-01
1.0709790e+00  9.96092e-01
1.0709944e+00  1.00637e+00
1.0710098e+00  1.01408e+00
1.0710252e+00  1.00988e+00
1.0710405e+00  1.00020e+00
1.0710559e+00  9.90293e-01
1.0710713e+00  9.91052e-01
1.0710865e+00  9.60529e-01
1.0711019e+00  9.55026e-01
1.0711173e+00  9.88566e-01
1.0711327e+00  9.96489e-01
1.0711481e+00  9.90355e-01
1.0711634e+00  9.89831e-01
1.0711788e+00  9.95150e-01
1.0711941e+00  9.80626e-01
1.0712094e+00  9.81169e-01
1.0712248e+00  9.80278e-01
1.0712402e+00  9.95792e-01
1.0712556e+00  9.87948e-01
1.0712710e+00  1.00066e+00
1.0712862e+00  1.01013e+00
1.0713016e+00  9.99318e-01
1.0713170e+00  1.00980e+00
1.0713324e+00  1.01860e+00
1.0713477e+00  1.01144e+00
1.0713631e+00  1.01126e+00
1.0713785e+00  1.01510e+00
1.0713937e+00  1.00719e+00
1.0714091e+00  1.01121e+00
1.0714245e+00  1.00560e+00
1.0714399e+00  1.00589e+00
1.0714553e+00  1.01013e+00
1.0714706e+00  1.00213e+00
1.0714859e+00  1.00350e+00
1.0715013e+00  1.02051e+00
1.0715167e+00  1.01760e+00
1.0715320e+00  1.02310e+00
1.0715474e+00  1.03187e+00
1.0715628e+00  1.02744e+00
1.0715782e+00  1.04430e+00
1.0715934e+00  1.10014e+00
1.0716088e+00  1.02742e+00
1.0716242e+00  1.01797e+00
1.0716396e+00  1.01086e+00
1.0716549e+00  1.00242e+00
1.0716703e+00  1.00681e+00
1.0716857e+00  1.00448e+00
1.0717009e+00  1.00909e+00
1.0717163e+00  9.96924e-01
1.0717317e+00  1.02131e+00
1.0717471e+00  1.01417e+00
1.0717625e+00  1.01227e+00
1.0717778e+00  1.01585e+00
1.0717931e+00  1.02604e+00
1.0718085e+00  1.00695e+00
1.0718239e+00  1.00883e+00
1.0718392e+00  1.00255e+00
1.0718546e+00  1.01812e+00
1.0718700e+00  1.00795e+00
1.0718854e+00  1.01095e+00
1.0719006e+00  1.00158e+00
1.0719160e+00  9.87581e-01
1.0719314e+00  1.00512e+00
1.0719468e+00  1.00278e+00
1.0719621e+00  1.01494e+00
1.0719775e+00  1.00714e+00
1.0719928e+00  1.00523e+00
1.0720082e+00  9.87227e-01
1.0720235e+00  9.98371e-01
1.0720389e+00  9.99921e-01
1.0720543e+00  1.00067e+00
1.0720697e+00  1.02431e+00
1.0720850e+00  9.94492e-01
1.0721003e+00  1.02229e+00
1.0721157e+00  1.01788e+00
1.0721311e+00  1.02595e+00
1.0721464e+00  1.02071e+00
1.0721618e+00  1.01107e+00
1.0721772e+00  1.01201e+00
1.0721926e+00  1.01297e+00
1.0722078e+00  1.01253e+00
1.0722232e+00  1.01478e+00
1.0722386e+00  1.00712e+00
1.0722540e+00  1.00901e+00
1.0722693e+00  1.01709e+00
1.0722847e+00  1.02679e+00
1.0723000e+00  1.02457e+00
1.0723154e+00  1.00966e+00
1.0723307e+00  1.00787e+00
1.0723461e+00  1.02639e+00
1.0723615e+00  1.02334e+00
1.0723769e+00  1.02428e+00
1.0723922e+00  1.01887e+00
1.0724075e+00  1.01856e+00
1.0724229e+00  1.00754e+00
1.0724383e+00  1.01533e+00
1.0724536e+00  1.01731e+00
1.0724690e+00  1.01840e+00
1.0724844e+00  1.01644e+00
1.0724998e+00  1.01596e+00
1.0725150e+00  1.00942e+00
1.0725304e+00  1.01956e+00
1.0725458e+00  1.01349e+00
1.0725612e+00  1.01579e+00
1.0725765e+00  1.01034e+00
1.0725919e+00  1.01197e+00
1.0726072e+00  1.01147e+00
1.0726226e+00  9.99887e-01
1.0726379e+00  9.93631e-01
1.0726533e+00  9.91594e-01
1.0726687e+00  9.84082e-01
1.0726841e+00  9.75421e-01
1.0726994e+00  9.61435e-01
1.0727147e+00  9.63905e-01
1.0727301e+00  9.64956e-01
1.0727455e+00  9.62077e-01
1.0727608e+00  9.74757e-01
1.0727762e+00  9.64037e-01
1.0727916e+00  9.64139e-01
1.0728070e+00  9.79271e-01
1.0728222e+00  1.00719e+00
1.0728376e+00  1.00542e+00
1.0728530e+00  9.61878e-01
1.0728684e+00  9.61727e-01
1.0728837e+00  9.57582e-01
1.0728991e+00  9.56659e-01
1.0729144e+00  9.58196e-01
1.0729298e+00  9.62029e-01
1.0729451e+00  9.84818e-01
1.0729605e+00  1.02237e+00
1.0729759e+00  9.74438e-01
1.0729913e+00  9.55955e-01
1.0730066e+00  9.52356e-01
1.0730219e+00  9.66497e-01
1.0730373e+00  9.64756e-01
1.0730527e+00  9.67013e-01
1.0730680e+00  9.52076e-01
1.0730834e+00  9.58453e-01
1.0730988e+00  9.58159e-01
1.0731141e+00  9.57250e-01
1.0731294e+00  9.67771e-01
1.0731448e+00  9.72787e-01
1.0731602e+00  9.73756e-01
1.0731756e+00  9.75011e-01
1.0731909e+00  9.75407e-01
1.0732063e+00  9.67626e-01
1.0732216e+00  9.69339e-01
1.0732370e+00  9.71358e-01
1.0732523e+00  9.72407e-01
1.0732677e+00  9.77186e-01
1.0732831e+00  9.78235e-01
1.0732985e+00  9.80820e-01
1.0733139e+00  9.82890e-01
1.0733291e+00  9.72188e-01
1.0733445e+00  9.71443e-01
1.0733599e+00  9.78231e-01
1.0733752e+00  9.81330e-01
1.0733906e+00  9.88320e-01
1.0734060e+00  9.89682e-01
1.0734213e+00  9.87449e-01
1.0734366e+00  9.95511e-01
1.0734520e+00  9.85856e-01
1.0734674e+00  9.85012e-01
1.0734828e+00  9.83867e-01
1.0734981e+00  9.88611e-01
1.0735135e+00  9.84944e-01
1.0735288e+00  9.93363e-01
1.0735442e+00  9.97054e-01
1.0735595e+00  9.75776e-01
1.0735749e+00  1.00889e+00
1.0735903e+00  1.01638e+00
1.0736057e+00  1.02307e+00
1.0736209e+00  1.02342e+00
1.0736363e+00  1.01710e+00
1.0736517e+00  9.85935e-01
1.0736671e+00  1.00821e+00
1.0736824e+00  1.00131e+00
1.0736978e+00  9.93926e-01
1.0737132e+00  9.92290e-01
1.0737285e+00  9.89085e-01
1.0737438e+00  9.97806e-01
1.0737592e+00  9.95189e-01
1.0737746e+00  1.00414e+00
1.0737900e+00  1.00988e+00
1.0738054e+00  1.01412e+00
1.0738207e+00  1.01344e+00
1.0738360e+00  9.96234e-01
1.0738514e+00  1.02406e+00
1.0738667e+00  1.02927e+00
1.0738821e+00  1.02621e+00
1.0738975e+00  1.02493e+00
1.0739129e+00  1.02939e+00
1.0739281e+00  1.03863e+00
1.0739435e+00  1.03605e+00
1.0739589e+00  1.03299e+00
1.0739743e+00  1.02734e+00
1.0739896e+00  1.02801e+00
1.0740050e+00  1.00569e+00
1.0740204e+00  1.03701e+00
1.0740357e+00  1.03853e+00
1.0740510e+00  1.01405e+00
1.0740664e+00  1.01192e+00
1.0740818e+00  1.01557e+00
1.0740972e+00  1.01872e+00
1.0741126e+00  1.02671e+00
1.0741279e+00  1.03594e+00
1.0741432e+00  1.03180e+00
1.0741586e+00  1.02235e+00
1.0741739e+00  1.01686e+00
1.0741893e+00  1.02082e+00
1.0742047e+00  1.01692e+00
1.0742201e+00  1.00580e+00
1.0742353e+00  1.00494e+00
1.0742507e+00  9.66528e-01
1.0742661e+00  9.67990e-01
1.0742815e+00  1.00533e+00
1.0742969e+00  1.00029e+00
1.0743122e+00  1.02060e+00
1.0743276e+00  1.03905e+00
1.0743429e+00  1.03088e+00
1.0743582e+00  1.02505e+00
1.0743736e+00  1.02376e+00
1.0743890e+00  1.01794e+00
1.0744044e+00  1.01999e+00
1.0744198e+00  1.02739e+00
1.0744350e+00  1.03469e+00
1.0744504e+00  1.03702e+00
1.0744658e+00  1.03961e+00
1.0744811e+00  1.03097e+00
1.0744965e+00  1.02362e+00
1.0745119e+00  1.01528e+00
1.0745273e+00  1.01732e+00
1.0745425e+00  1.01298e+00
1.0745579e+00  1.01382e+00
1.0745733e+00  1.01331e+00
1.0745887e+00  9.62336e-01
1.0746041e+00  9.84025e-01
1.0746194e+00  9.76373e-01
1.0746348e+00  9.77308e-01
1.0746501e+00  1.01184e+00
1.0746654e+00  1.02815e+00
1.0746808e+00  1.02992e+00
1.0746962e+00  1.02595e+00
1.0747116e+00  1.02476e+00
1.0747270e+00  1.01933e+00
1.0747422e+00  1.01786e+00
1.0747576e+00  1.01505e+00
1.0747730e+00  1.01184e+00
1.0747884e+00  1.01335e+00
1.0748037e+00  1.01534e+00
1.0748191e+00  1.01873e+00
1.0748345e+00  1.02674e+00
1.0748497e+00  9.99524e-01
1.0748651e+00  1.02178e+00
1.0748805e+00  1.01827e+00
1.0748959e+00  1.00458e+00
1.0749113e+00  1.01706e+00
1.0749266e+00  1.06034e+00
1.0749420e+00  1.01286e+00
1.0749573e+00  1.00540e+00
1.0749726e+00  1.00612e+00
1.0749880e+00  1.00060e+00
1.0750034e+00  9.95156e-01
1.0750188e+00  9.95143e-01
1.0750342e+00  9.95242e-01
1.0750494e+00  1.00414e+00
1.0750648e+00  9.94916e-01
1.0750802e+00  1.00296e+00
1.0750956e+00  9.98899e-01
1.0751109e+00  1.00193e+00
1.0751263e+00  9.98082e-01
1.0751417e+00  9.98119e-01
1.0751569e+00  1.00290e+00
1.0751723e+00  1.00160e+00
1.0751877e+00  1.02020e+00
1.0752031e+00  1.00987e+00
1.0752185e+00  1.01709e+00
1.0752338e+00  1.01118e+00
1.0752491e+00  1.00684e+00
1.0752645e+00  1.00195e+00
1.0752799e+00  1.00240e+00
1.0752952e+00  9.92960e-01
1.0753106e+00  9.82054e-01
1.0753260e+00  9.79520e-01
1.0753414e+00  9.82345e-01
1.0753566e+00  9.83767e-01
1.0753720e+00  9.79839e-01
1.0753874e+00  9.78328e-01
1.0754028e+00  9.76553e-01
1.0754181e+00  9.81896e-01
1.0754335e+00  9.83073e-01
1.0754489e+00  9.91377e-01
1.0754641e+00  9.93786e-01
1.0754795e+00  9.90492e-01
1.0754949e+00  9.96440e-01
1.0755103e+00  1.01198e+00
1.0755257e+00  1.01433e+00
1.0755410e+00  1.00862e+00
1.0755563e+00  1.02038e+00
1.0755717e+00  1.01959e+00
1.0755871e+00  1.01277e+00
1.0756024e+00  1.02392e+00
1.0756178e+00  1.02944e+00
1.0756332e+00  1.02783e+00
1.0756486e+00  1.01847e+00
1.0756638e+00  1.01299e+00
1.0756792e+00  1.01906e+00
1.0756946e+00  1.02675e+00
1.0757100e+00  1.02838e+00
1.0757253e+00  1.02485e+00
1.0757407e+00  1.03113e+00
1.0757561e+00  9.96342e-01
1.0757714e+00  1.00983e+00
1.0757867e+00  1.03731e+00
1.0758021e+00  1.04765e+00
1.0758175e+00  1.04067e+00
1.0758329e+00  1.04223e+00
1.0758482e+00  1.03044e+00
1.0758635e+00  1.03326e+00
1.0758789e+00  1.03664e+00
1.0758943e+00  1.04211e+00
1.0759096e+00  1.03523e+00
1.0759250e+00  1.03494e+00
1.0759404e+00  1.04055e+00
1.0759558e+00  1.04487e+00
1.0759710e+00  1.04367e+00
1.0759864e+00  1.03989e+00
1.0760018e+00  1.05555e+00
1.0760172e+00  1.04200e+00
1.0760325e+00  1.04031e+00
1.0760479e+00  1.05673e+00
1.0760632e+00  1.05395e+00
1.0760786e+00  1.06661e+00
1.0760939e+00  1.05111e+00
1.0761093e+00  1.04630e+00
1.0761247e+00  1.04895e+00
1.0761401e+00  1.05840e+00
1.0761554e+00  1.04880e+00
1.0761707e+00  1.04143e+00
1.0761861e+00  1.04391e+00
1.0762015e+00  1.03951e+00
1.0762168e+00  1.04753e+00
1.0762322e+00  1.04554e+00
1.0762476e+00  1.04763e+00
1.0762630e+00  1.05660e+00
1.0762782e+00  1.04952e+00
1.0762936e+00  1.04612e+00
1.0763090e+00  1.04402e+00
1.0763244e+00  1.04560e+00
1.0763397e+00  1.03687e+00
1.0763551e+00  1.02383e+00
1.0763704e+00  1.03059e+00
1.0763858e+00  1.03369e+00
1.0764011e+00  1.02835e+00
1.0764165e+00  1.02398e+00
1.0764319e+00  1.02822e+00
1.0764473e+00  1.02601e+00
1.0764626e+00  1.02742e+00
1.0764779e+00  1.05465e+00
1.0764933e+00  1.11130e+00
1.0765087e+00  1.05855e+00
1.0765240e+00  1.02962e+00
1.0765394e+00  1.03880e+00
1.0765548e+00  1.03831e+00
1.0765702e+00  1.04224e+00
1.0765854e+00  1.03158e+00
1.0766008e+00  1.03415e+00
1.0766162e+00  1.02838e+00
1.0766316e+00  1.03244e+00
1.0766469e+00  1.02195e+00
1.0766623e+00  1.00177e+00
1.0766776e+00  1.02585e+00
1.0766930e+00  1.04205e+00
1.0767083e+00  1.03426e+00
1.0767237e+00  1.04344e+00
1.0767391e+00  1.03649e+00
1.0767545e+00  1.03549e+00
1.0767698e+00  1.02228e+00
1.0767851e+00  1.02404e+00
1.0768005e+00  1.03118e+00
1.0768159e+00  1.03227e+00
1.0768312e+00  1.03705e+00
1.0768466e+00  1.04695e+00
1.0768620e+00  1.01570e+00
1.0768773e+00  1.03562e+00
1.0768926e+00  1.05109e+00
1.0769080e+00  1.04261e+00
1.0769234e+00  1.03413e+00
1.0769388e+00  1.03964e+00
1.0769541e+00  1.03526e+00
1.0769695e+00  1.03099e+00
1.0769848e+00  1.02310e+00
1.0770002e+00  1.02679e+00
1.0770155e+00  1.02918e+00
1.0770309e+00  1.02711e+00
1.0770463e+00  1.02305e+00
1.0770617e+00  1.02521e+00
1.0770770e+00  1.02198e+00
1.0770923e+00  1.03208e+00
1.0771077e+00  1.01964e+00
1.0771231e+00  1.01822e+00
1.0771384e+00  1.03579e+00
1.0771538e+00  1.03649e+00
1.0771692e+00  1.03589e+00
1.0771845e+00  1.03130e+00
1.0771998e+00  1.02435e+00
1.0772152e+00  1.02843e+00
1.0772306e+00  1.02118e+00
1.0772460e+00  1.01941e+00
1.0772613e+00  1.02272e+00
1.0772767e+00  1.01558e+00
1.0772920e+00  1.02327e+00
1.0773074e+00  1.01562e+00
1.0773227e+00  1.01533e+00
1.0773381e+00  1.01926e+00
1.0773535e+00  1.02559e+00
1.0773689e+00  1.02431e+00
1.0773843e+00  1.02261e+00
1.0773995e+00  1.03522e+00
1.0774149e+00  1.01294e+00
1.0774303e+00  1.02256e+00
1.0774456e+00  1.04252e+00
1.0774610e+00  1.04219e+00
1.0774764e+00  1.03131e+00
1.0774917e+00  1.01222e+00
1.0775070e+00  1.00629e+00
1.0775224e+00  1.00545e+00
1.0775378e+00  1.00997e+00
1.0775532e+00  1.00043e+00
1.0775685e+00  9.97789e-01
1.0775839e+00  1.00383e+00
1.0775992e+00  1.00408e+00
1.0776146e+00  9.99928e-01
1.0776299e+00  1.00733e+00
1.0776453e+00  1.00713e+00
1.0776607e+00  1.01072e+00
1.0776761e+00  1.00879e+00
1.0776913e+00  1.02344e+00
1.0777067e+00  1.01753e+00
1.0777221e+00  1.00961e+00
1.0777375e+00  1.01306e+00
1.0777528e+00  1.00967e+00
1.0777682e+00  1.01264e+00
1.0777836e+00  1.01544e+00
1.0777989e+00  1.01476e+00
1.0778142e+00  1.01813e+00
1.0778296e+00  1.01318e+00
1.0778450e+00  1.00789e+00
1.0778604e+00  9.44484e-01
1.0778758e+00  9.79038e-01
1.0778911e+00  9.92462e-01
1.0779064e+00  9.95605e-01
1.0779218e+00  9.65155e-01
1.0779371e+00  9.52855e-01
1.0779525e+00  1.00561e+00
1.0779679e+00  1.01332e+00
1.0779833e+00  1.00971e+00
1.0779985e+00  1.01748e+00
1.0780139e+00  1.01705e+00
1.0780293e+00  1.02209e+00
1.0780447e+00  1.01381e+00
1.0780600e+00  1.02365e+00
1.0780754e+00  1.02935e+00
1.0780908e+00  1.01913e+00
1.0781061e+00  1.02698e+00
1.0781214e+00  1.01349e+00
1.0781368e+00  1.02186e+00
1.0781522e+00  1.01399e+00
1.0781676e+00  1.01343e+00
1.0781830e+00  1.02911e+00
1.0781983e+00  1.01703e+00
1.0782136e+00  1.00723e+00
1.0782290e+00  1.01223e+00
1.0782443e+00  9.99159e-01
1.0782597e+00  9.95846e-01
1.0782751e+00  9.98146e-01
1.0782905e+00  1.00409e+00
1.0783057e+00  1.00084e+00
1.0783211e+00  1.00977e+00
1.0783365e+00  1.00613e+00
1.0783519e+00  1.00871e+00
1.0783673e+00  9.98926e-01
1.0783826e+00  9.94878e-01
1.0783980e+00  1.00249e+00
1.0784133e+00  1.00537e+00
1.0784286e+00  1.00919e+00
1.0784440e+00  1.00294e+00
1.0784594e+00  1.01136e+00
1.0784748e+00  1.01399e+00
1.0784902e+00  1.01196e+00
1.0785054e+00  1.01527e+00
1.0785208e+00  1.00907e+00
1.0785362e+00  1.00608e+00
1.0785515e+00  1.00731e+00
1.0785669e+00  1.01238e+00
1.0785823e+00  1.01033e+00
1.0785977e+00  1.00502e+00
1.0786129e+00  1.00869e+00
1.0786283e+00  1.00879e+00
1.0786437e+00  1.00752e+00
1.0786591e+00  1.00342e+00
1.0786745e+00  9.94257e-01
1.0786898e+00  9.95327e-01
1.0787052e+00  9.89328e-01
1.0787205e+00  9.93010e-01
1.0787358e+00  1.00000e+00
1.0787512e+00  9.93193e-01
1.0787666e+00  9.87109e-01
1.0787820e+00  9.83282e-01
1.0787974e+00  9.87865e-01
1.0788126e+00  9.80984e-01
1.0788280e+00  9.95760e-01
1.0788434e+00  9.89218e-01
1.0788588e+00  9.88623e-01
1.0788741e+00  9.88563e-01
1.0788895e+00  9.85283e-01
1.0789049e+00  9.84456e-01
1.0789201e+00  9.97674e-01
1.0789355e+00  9.90948e-01
1.0789509e+00  9.80221e-01
1.0789663e+00  9.94246e-01
1.0789817e+00  9.94342e-01
1.0789970e+00  9.94667e-01
1.0790123e+00  1.00019e+00
1.0790277e+00  1.04969e+00
1.0790430e+00  1.02203e+00
1.0790584e+00  1.01093e+00
1.0790738e+00  1.02713e+00
1.0790892e+00  1.00963e+00
1.0791046e+00  1.00764e+00
1.0791198e+00  1.00929e+00
1.0791352e+00  1.00408e+00
1.0791506e+00  1.00482e+00
1.0791660e+00  1.00770e+00
1.0791813e+00  9.90910e-01
1.0791967e+00  9.86678e-01
1.0792121e+00  9.97105e-01
1.0792273e+00  9.95000e-01
1.0792427e+00  1.00249e+00
1.0792581e+00  9.99085e-01
1.0792735e+00  1.01743e+00
1.0792889e+00  1.01629e+00
1.0793042e+00  1.01631e+00
1.0793195e+00  1.05506e+00
1.0793349e+00  1.04355e+00
1.0793503e+00  1.01832e+00
1.0793656e+00  1.03507e+00
1.0793810e+00  1.02905e+00
1.0793964e+00  1.03120e+00
1.0794118e+00  1.03348e+00
1.0794270e+00  1.01985e+00
1.0794424e+00  1.02023e+00
1.0794578e+00  1.02738e+00
1.0794732e+00  1.04392e+00
1.0794885e+00  1.03257e+00
1.0795039e+00  1.01869e+00
1.0795193e+00  1.01116e+00
1.0795345e+00  1.02209e+00
1.0795499e+00  1.01870e+00
1.0795653e+00  1.01761e+00
1.0795807e+00  1.00957e+00
1.0795961e+00  1.02001e+00
1.0796114e+00  1.02143e+00
1.0796267e+00  1.01946e+00
1.0796421e+00  1.02847e+00
1.0796575e+00  1.03165e+00
1.0796728e+00  1.03463e+00
1.0796882e+00  1.03117e+00
1.0797036e+00  1.02164e+00
1.0797190e+00  1.02357e+00
1.0797342e+00  1.02901e+00
1.0797496e+00  1.02389e+00
1.0797650e+00  1.03684e+00
1.0797804e+00  1.04235e+00
1.0797957e+00  1.03737e+00
1.0798111e+00  1.04151e+00
1.0798265e+00  1.03698e+00
1.0798418e+00  1.03820e+00
1.0798571e+00  1.04388e+00
1.0798725e+00  1.03967e+00
1.0798879e+00  1.05107e+00
1.0799033e+00  1.05402e+00
1.0799186e+00  1.04866e+00
1.0799339e+00  1.03724e+00
1.0799493e+00  1.05196e+00
1.0799647e+00  1.03875e+00
1.0799800e+00  1.03539e+00
1.0799954e+00  1.04535e+00
1.0800108e+00  1.03667e+00
1.0800262e+00  1.05629e+00
1.0800414e+00  1.06195e+00
1.0800568e+00  1.04507e+00
1.0800722e+00  1.03411e+00
1.0800876e+00  1.02722e+00
1.0801029e+00  1.03306e+00
1.0801183e+00  1.03086e+00
1.0801336e+00  1.03104e+00
1.0801490e+00  1.01866e+00
1.0801643e+00  1.01530e+00
1.0801797e+00  1.02757e+00
1.0801951e+00  1.02226e+00
1.0802105e+00  1.03350e+00
1.0802258e+00  1.04783e+00
1.0802411e+00  1.05369e+00
1.0802565e+00  1.03799e+00
1.0802719e+00  1.02442e+00
1.0802872e+00  1.03212e+00
1.0803026e+00  1.01928e+00
1.0803180e+00  1.03142e+00
1.0803334e+00  1.02560e+00
1.0803486e+00  1.01976e+00
1.0803640e+00  1.02963e+00
1.0803794e+00  1.03451e+00
1.0803948e+00  1.03614e+00
1.0804101e+00  1.03526e+00
1.0804255e+00  1.02375e+00
1.0804408e+00  1.03258e+00
1.0804562e+00  1.03596e+00
1.0804715e+00  1.02353e+00
1.0804869e+00  1.03696e+00
1.0805023e+00  1.03567e+00
1.0805177e+00  1.02292e+00
1.0805330e+00  1.03086e+00
1.0805483e+00  1.03367e+00
1.0805637e+00  1.03422e+00
1.0805791e+00  1.04287e+00
1.0805944e+00  1.03730e+00
1.0806098e+00  1.04069e+00
1.0806252e+00  1.04212e+00
1.0806405e+00  1.04009e+00
1.0806558e+00  1.03987e+00
1.0806712e+00  1.02755e+00
1.0806866e+00  1.03716e+00
1.0807020e+00  1.02155e+00
1.0807173e+00  1.03043e+00
1.0807327e+00  1.02482e+00
